{"agent_id": "agent-green-1727", "type": "green", "trips": [{"trip_id": 0, "transport_method": "bus", "start_time": 0, "path": [[1.5730223, 42.5353377], [1.572952, 42.5350511], [1.573508, 42.5340801], [1.573451, 42.5335776], [1.572871, 42.5331836], [1.5720131, 42.5321749], [1.5711551, 42.5311662], [1.5707695, 42.5310578], [1.5713861, 42.5322251], [1.5724949, 42.5328791], [1.5721051, 42.5323337], [1.5712737, 42.5313031], [1.5704685, 42.5302558], [1.5713163, 42.5294156], [1.5703173, 42.528617], [1.5696792, 42.528118], [1.5707856, 42.5288456], [1.5708936, 42.5290877], [1.5697915, 42.5283536], [1.5686895, 42.5276196], [1.5675874, 42.5268855], [1.5685536, 42.5274063], [1.5685835, 42.5274629], [1.5674839, 42.5267251], [1.566396, 42.5259707], [1.565211, 42.5253892], [1.5639723, 42.5250009], [1.5627498, 42.5245153], [1.5618406, 42.5235653], [1.5607941, 42.5227573], [1.5597379, 42.5220165], [1.5586611, 42.5212687], [1.5576949, 42.5203636], [1.5567972, 42.5194287], [1.5564032, 42.5189055], [1.556582, 42.5191055], [1.5558759, 42.5186188], [1.5553554, 42.5180531], [1.5548395, 42.5177931], [1.5538451, 42.5169186], [1.5544246, 42.5176129], [1.5538333, 42.5168456], [1.5532822, 42.5156661], [1.5526988, 42.5145106], [1.5522521, 42.5133918], [1.5511344, 42.5127021], [1.5500582, 42.5119784], [1.5487952, 42.5115886], [1.5475083, 42.5112768], [1.5464028, 42.5106563], [1.5464078, 42.5100495], [1.5455954, 42.5094552], [1.5442924, 42.5092995], [1.543025, 42.508956], [1.5417594, 42.5090129], [1.5405853, 42.5095044], [1.5394239, 42.5101023], [1.5382201, 42.5100509], [1.5368967, 42.5100364], [1.5355855, 42.5099181], [1.5342633, 42.5099223], [1.5330139, 42.5099934], [1.5317388, 42.5097264], [1.5304954, 42.509353], [1.5292315, 42.5089615], [1.527988, 42.5085715], [1.526703, 42.5083497], [1.5254158, 42.5080699], [1.5241297, 42.5077727], [1.522829, 42.5077637], [1.5216275, 42.5075206], [1.5203243, 42.507394], [1.5191004, 42.5070494], [1.5179846, 42.5066489], [1.5166702, 42.5064967], [1.5153926, 42.5061813], [1.5160474, 42.506409], [1.5149341, 42.5058567], [1.5142711, 42.5047524], [1.5132356, 42.503996]], "mood_vectors": [[0.0298, 0.0215, 0.0141, 0.0364, 0.0613, 0.0878, 0.7492], [0.0408, 0.0229, 0.029, 0.0527, 0.056, 0.0173, 0.7814], [0.0163, 0.0329, 0.065, 0.0653, 0.0416, 0.0458, 0.733], [0.0492, 0.0649, 0.0599, 0.063, 0.0666, 0.0496, 0.647], [0.0745, 0.0278, 0.0145, 0.0371, 0.0949, 0.0693, 0.682], [0.026, 0.0151, 0.1028, 0.03, 0.0645, 0.096, 0.6655], [0.0222, 0.0581, 0.0196, 0.081, 0.089, 0.0192, 0.7108], [0.02, 0.0741, 0.0722, 0.0372, 0.0976, 0.0537, 0.6453], [0.02, 0.0581, 0.0621, 0.0633, 0.029, 0.0581, 0.7094], [0.0484, 0.0657, 0.0385, 0.0188, 0.0599, 0.0978, 0.6709], [0.0547, 0.0378, 0.0396, 0.0611, 0.0363, 0.0639, 0.7066], [0.0655, 0.0611, 0.0742, 0.0294, 0.06, 0.035, 0.6748], [0.0679, 0.0301, 0.0631, 0.0527, 0.0647, 0.0817, 0.6397], [0.0691, 0.0699, 0.0679, 0.0295, 0.0626, 0.0568, 0.6443], [0.0714, 0.0765, 0.0477, 0.07, 0.0189, 0.0561, 0.6593], [0.0601, 0.0411, 0.0643, 0.0116, 0.0748, 0.0658, 0.6823], [0.0138, 0.0225, 0.0276, 0.0698, 0.0344, 0.0679, 0.764], [0.023, 0.0372, 0.0572, 0.0685, 0.0696, 0.0545, 0.6901], [0.0424, 0.0492, 0.0201, 0.0583, 0.0388, 0.0504, 0.7409], [0.0659, 0.0336, 0.0268, 0.0152, 0.0561, 0.0754, 0.7271], [0.046, 0.031, 0.0258, 0.0293, 0.0894, 0.0843, 0.6942], [0.0632, 0.0615, 0.0353, 0.0496, 0.0654, 0.0532, 0.6717], [0.0537, 0.0498, 0.0114, 0.0148, 0.0564, 0.074, 0.7399], [0.0567, 0.0402, 0.0481, 0.0864, 0.0549, 0.0716, 0.642], [0.0553, 0.0784, 0.076, 0.0157, 0.0748, 0.0654, 0.6345], [0.0847, 0.0379, 0.0411, 0.0433, 0.0299, 0.046, 0.7171], [0.0441, 0.0335, 0.0711, 0.0245, 0.012, 0.0704, 0.7444], [0.0332, 0.0649, 0.0751, 0.0524, 0.0133, 0.053, 0.7082], [0.0848, 0.066, 0.0132, 0.0604, 0.0717, 0.0449, 0.659], [0.0685, 0.083, 0.0615, 0.0397, 0.0363, 0.0816, 0.6295], [0.063, 0.0155, 0.0856, 0.0818, 0.0497, 0.0477, 0.6567], [0.0881, 0.084, 0.0629, 0.0656, 0.0266, 0.0287, 0.6441], [0.0166, 0.0774, 0.0719, 0.0562, 0.0445, 0.0499, 0.6835], [0.0496, 0.0224, 0.0757, 0.0315, 0.0501, 0.0502, 0.7205], [0.0417, 0.0215, 0.0338, 0.0648, 0.0468, 0.0793, 0.7122], [0.0265, 0.0525, 0.0406, 0.0437, 0.0294, 0.0869, 0.7204], [0.0728, 0.0811, 0.0422, 0.0569, 0.0126, 0.0513, 0.683], [0.0205, 0.0643, 0.0198, 0.0619, 0.0316, 0.0501, 0.7518], [0.0146, 0.0677, 0.0675, 0.0252, 0.0712, 0.0331, 0.7207], [0.0633, 0.0465, 0.029, 0.0568, 0.032, 0.026, 0.7464], [0.0124, 0.0657, 0.0485, 0.0742, 0.0716, 0.0195, 0.7081], [0.0678, 0.0194, 0.075, 0.0552, 0.0748, 0.0175, 0.6904], [0.016, 0.034, 0.0421, 0.0376, 0.0604, 0.03, 0.78], [0.0683, 0.0787, 0.0332, 0.0806, 0.073, 0.0324, 0.6338], [0.0405, 0.0777, 0.0437, 0.1035, 0.0234, 0.0244, 0.6867], [0.027, 0.0248, 0.0763, 0.0157, 0.0527, 0.0963, 0.7071], [0.0692, 0.027, 0.0693, 0.0521, 0.0626, 0.0388, 0.681], [0.0735, 0.0683, 0.0761, 0.0504, 0.0627, 0.0225, 0.6466], [0.0205, 0.0238, 0.045, 0.0504, 0.0435, 0.0521, 0.7647], [0.0664, 0.0486, 0.0348, 0.0516, 0.0963, 0.0654, 0.6369], [0.0463, 0.0135, 0.0679, 0.0522, 0.035, 0.0627, 0.7224], [0.0666, 0.0322, 0.0279, 0.0427, 0.0258, 0.0697, 0.7352], [0.065, 0.0301, 0.0273, 0.0838, 0.032, 0.0584, 0.7034], [0.0733, 0.0574, 0.0381, 0.028, 0.0289, 0.0846, 0.6898], [0.0882, 0.0858, 0.031, 0.0422, 0.0654, 0.073, 0.6144], [0.0564, 0.018, 0.0793, 0.077, 0.0716, 0.0586, 0.6391], [0.0469, 0.0675, 0.0659, 0.0549, 0.0905, 0.0385, 0.6357], [0.0144, 0.0201, 0.0563, 0.0762, 0.0526, 0.0297, 0.7508], [0.0491, 0.0601, 0.0168, 0.0306, 0.0759, 0.0588, 0.7087], [0.0554, 0.0214, 0.0291, 0.0372, 0.0666, 0.0483, 0.7421], [0.0718, 0.0326, 0.0784, 0.041, 0.0949, 0.038, 0.6432], [0.0373, 0.0305, 0.0259, 0.0645, 0.0188, 0.0511, 0.7719], [0.0786, 0.0545, 0.0613, 0.0449, 0.0473, 0.0503, 0.6631], [0.0471, 0.0425, 0.0873, 0.0707, 0.0202, 0.0604, 0.6718], [0.0356, 0.0432, 0.025, 0.0811, 0.0694, 0.0486, 0.697], [0.0588, 0.0131, 0.0733, 0.0828, 0.0642, 0.031, 0.6767], [0.0493, 0.0723, 0.0674, 0.0244, 0.0478, 0.0401, 0.6987], [0.062, 0.066, 0.0389, 0.0251, 0.0276, 0.0493, 0.7311], [0.0729, 0.0775, 0.0671, 0.0434, 0.0626, 0.0347, 0.6417], [0.0399, 0.0241, 0.028, 0.0728, 0.0578, 0.0681, 0.7092], [0.0352, 0.0219, 0.0813, 0.0155, 0.0821, 0.0605, 0.7035], [0.0717, 0.0717, 0.0581, 0.0743, 0.0397, 0.075, 0.6096], [0.0152, 0.0394, 0.028, 0.0784, 0.0494, 0.0159, 0.7737], [0.0871, 0.0233, 0.0246, 0.0491, 0.051, 0.0662, 0.6986], [0.0325, 0.0236, 0.0681, 0.0594, 0.038, 0.0654, 0.7129], [0.0574, 0.0219, 0.0717, 0.0551, 0.0455, 0.0574, 0.691], [0.0222, 0.0784, 0.062, 0.0649, 0.0276, 0.0678, 0.6772], [0.0289, 0.0467, 0.0226, 0.0506, 0.0389, 0.0757, 0.7366], [0.0832, 0.0402, 0.0676, 0.0455, 0.0608, 0.015, 0.6878], [0.0192, 0.0578, 0.0411, 0.0724, 0.0798, 0.0215, 0.7082]], "emotions": ["purple", "purple", "purple", "purple", "purple", "purple", "purple", "purple", "purple", "purple", "purple", "purple", "purple", "purple", "purple", "purple", "purple", "purple", "purple", "purple", "purple", "purple", "purple", "purple", "purple", "purple", "purple", "purple", "purple", "purple", "purple", "purple", "purple", "purple", "purple", "purple", "purple", "purple", "purple", "purple", "purple", "purple", "purple", "purple", "purple", "purple", "purple", "purple", "purple", "purple", "purple", "purple", "purple", "purple", "purple", "purple", "purple", "purple", "purple", "purple", "purple", "purple", "purple", "purple", "purple", "purple", "purple", "purple", "purple", "purple", "purple", "purple", "purple", "purple", "purple", "purple", "purple", "purple", "purple", "purple"], "timestamps": [0, 40, 80, 120, 160, 200, 240, 280, 320, 360, 400, 440, 480, 520, 560, 600, 640, 680, 720, 760, 800, 840, 880, 920, 960, 1000, 1040, 1080, 1120, 1160, 1200, 1240, 1280, 1320, 1360, 1400, 1440, 1480, 1520, 1560, 1600, 1640, 1680, 1720, 1760, 1800, 1840, 1880, 1920, 1960, 2000, 2040, 2080, 2120, 2160, 2200, 2240, 2280, 2320, 2360, 2400, 2440, 2480, 2520, 2560, 2600, 2640, 2680, 2720, 2760, 2800, 2840, 2880, 2920, 2960, 3000, 3040, 3080, 3120, 3160]}], "conversation": [], "conversation_timestamps": []}