{"agent_id": "agent-purple-129", "type": "purple", "trips": [{"trip_id": 0, "transport_method": "bus", "start_time": 0, "path": [[1.5169239, 42.5012509], [1.5171246, 42.5013745], [1.5172587, 42.5011959], [1.5174118, 42.5010114], [1.5172661, 42.5010451], [1.5171584, 42.5012492], [1.5173131, 42.5011509], [1.5174828, 42.5010027], [1.5176942, 42.501115], [1.5179172, 42.5010601], [1.5181507, 42.5010114], [1.5183899, 42.5009942], [1.5186291, 42.500977], [1.5188683, 42.5009599], [1.519101, 42.5010027], [1.5193275, 42.5010815], [1.5195457, 42.5011801], [1.5197443, 42.5013098], [1.519889, 42.5014931], [1.5198492, 42.5017293], [1.519904, 42.5019538], [1.5199532, 42.5021877], [1.520056, 42.5024029], [1.5201874, 42.5026036], [1.5203246, 42.5027992], [1.5205231, 42.5029255], [1.5207343, 42.5030383], [1.5209301, 42.5031764], [1.5211118, 42.5033295], [1.5213301, 42.5034278], [1.5214807, 42.5036067], [1.5215685, 42.5038293], [1.5216086, 42.5040652], [1.5216069, 42.5043049], [1.5218142, 42.5044062], [1.5219994, 42.5044731], [1.522238, 42.5044972], [1.5224766, 42.5045213], [1.5227144, 42.5045392], [1.5229303, 42.5045727], [1.5231671, 42.5045715], [1.5233821, 42.5046341], [1.5236172, 42.5046812], [1.5238524, 42.5047284], [1.5240829, 42.50479], [1.5243213, 42.504816], [1.5245597, 42.504842], [1.5244193, 42.5048267], [1.5241809, 42.5048007], [1.524147, 42.5048009], [1.5243843, 42.504836], [1.5246215, 42.5048711], [1.5248587, 42.5049061], [1.525096, 42.5049412], [1.5253332, 42.5049762], [1.5255704, 42.5050113], [1.5258077, 42.5050464], [1.5260449, 42.5050814], [1.5262836, 42.5050857], [1.5265231, 42.5050732], [1.5267556, 42.5051187], [1.5269852, 42.5051878], [1.5272112, 42.5052678], [1.5274371, 42.5053483], [1.5276645, 42.5054245], [1.5278919, 42.5055007], [1.5277979, 42.5054793], [1.5275673, 42.5054137], [1.5274872, 42.5053653], [1.5277144, 42.5054422], [1.5279415, 42.505519], [1.5281687, 42.5055958], [1.5283959, 42.5056726], [1.528623, 42.5057495], [1.5288502, 42.5058263], [1.5290766, 42.505905], [1.5290209, 42.506037], [1.5288388, 42.506193], [1.5286567, 42.5063491], [1.5284746, 42.5065051]], "mood_vectors": [[0.0522, 0.065, 0.0717, 0.0454, 0.0841, 0.6576, 0.024], [0.0681, 0.0235, 0.0245, 0.0554, 0.0452, 0.7422, 0.0411], [0.0182, 0.0768, 0.059, 0.0814, 0.0721, 0.6132, 0.0793], [0.0209, 0.0654, 0.0818, 0.0181, 0.0487, 0.6897, 0.0753], [0.0219, 0.0571, 0.0675, 0.0837, 0.0354, 0.7173, 0.0171], [0.0428, 0.0484, 0.0534, 0.0308, 0.029, 0.7782, 0.0175], [0.054, 0.0626, 0.0135, 0.0152, 0.0371, 0.7742, 0.0434], [0.0359, 0.0666, 0.0239, 0.063, 0.0366, 0.7556, 0.0184], [0.0169, 0.0328, 0.0529, 0.0769, 0.0255, 0.7465, 0.0485], [0.0879, 0.0813, 0.0405, 0.0384, 0.0233, 0.6719, 0.0566], [0.0254, 0.0423, 0.0756, 0.0617, 0.0556, 0.6795, 0.0599], [0.0235, 0.0425, 0.0271, 0.0771, 0.054, 0.704, 0.0717], [0.0825, 0.0665, 0.0141, 0.0559, 0.0561, 0.6499, 0.0751], [0.0281, 0.0545, 0.0152, 0.0336, 0.0726, 0.7285, 0.0676], [0.0625, 0.0719, 0.0674, 0.0637, 0.0358, 0.6838, 0.0148], [0.054, 0.0378, 0.0674, 0.0582, 0.0384, 0.6944, 0.0498], [0.0822, 0.0836, 0.0446, 0.0544, 0.0186, 0.6456, 0.071], [0.0332, 0.0793, 0.0282, 0.0391, 0.0647, 0.6776, 0.0779], [0.013, 0.0337, 0.0254, 0.035, 0.0622, 0.78, 0.0507], [0.0684, 0.0782, 0.0655, 0.0776, 0.045, 0.6534, 0.0119], [0.0567, 0.0631, 0.0338, 0.0391, 0.0476, 0.7142, 0.0455], [0.0548, 0.0173, 0.0703, 0.0422, 0.0474, 0.7321, 0.0359], [0.0144, 0.0224, 0.0186, 0.0268, 0.0745, 0.7738, 0.0695], [0.0457, 0.0286, 0.0455, 0.0847, 0.0623, 0.7154, 0.0177], [0.0731, 0.0251, 0.0824, 0.0137, 0.0161, 0.7065, 0.0832], [0.0601, 0.0466, 0.0831, 0.0921, 0.0262, 0.6606, 0.0313], [0.0375, 0.023, 0.0822, 0.0293, 0.0428, 0.6883, 0.0969], [0.0612, 0.0515, 0.0446, 0.0347, 0.0506, 0.7233, 0.0341], [0.0753, 0.0777, 0.0333, 0.0604, 0.0273, 0.677, 0.049], [0.0212, 0.0302, 0.06, 0.0787, 0.0351, 0.7347, 0.04], [0.0223, 0.0394, 0.0259, 0.0471, 0.0927, 0.7099, 0.0627], [0.0524, 0.0833, 0.0337, 0.0231, 0.0292, 0.7445, 0.0339], [0.0316, 0.021, 0.0587, 0.0668, 0.0615, 0.6936, 0.0668], [0.0752, 0.0733, 0.0368, 0.0693, 0.0163, 0.6836, 0.0455], [0.088, 0.0599, 0.0371, 0.0556, 0.0533, 0.6901, 0.0161], [0.0477, 0.0622, 0.0524, 0.0609, 0.0495, 0.679, 0.0482], [0.0155, 0.019, 0.0477, 0.0501, 0.0687, 0.7509, 0.0481], [0.0984, 0.0355, 0.0912, 0.0629, 0.024, 0.6668, 0.0212], [0.0756, 0.0795, 0.0457, 0.0692, 0.0757, 0.6082, 0.0461], [0.0375, 0.0581, 0.0735, 0.037, 0.0305, 0.7264, 0.0371], [0.0357, 0.0193, 0.0361, 0.0686, 0.1018, 0.7177, 0.0206], [0.0427, 0.0304, 0.0222, 0.0671, 0.0443, 0.7357, 0.0576], [0.0488, 0.0192, 0.018, 0.0419, 0.0155, 0.7868, 0.0699], [0.039, 0.0511, 0.0474, 0.0313, 0.0365, 0.7571, 0.0375], [0.0349, 0.0663, 0.0303, 0.0924, 0.0503, 0.6387, 0.0871], [0.0152, 0.0172, 0.0742, 0.0849, 0.0383, 0.7027, 0.0674], [0.0368, 0.0556, 0.0615, 0.0802, 0.0904, 0.6201, 0.0552], [0.0433, 0.0658, 0.0654, 0.0135, 0.076, 0.6741, 0.0619], [0.0439, 0.0388, 0.0779, 0.0363, 0.0612, 0.681, 0.061], [0.0676, 0.0811, 0.0628, 0.0134, 0.0225, 0.7046, 0.0481], [0.0739, 0.0738, 0.0439, 0.045, 0.0194, 0.7033, 0.0407], [0.021, 0.0784, 0.0693, 0.051, 0.0654, 0.6716, 0.0434], [0.0297, 0.0464, 0.0679, 0.0891, 0.0943, 0.6548, 0.0179], [0.0529, 0.0221, 0.0689, 0.039, 0.0464, 0.6991, 0.0716], [0.0253, 0.0666, 0.0201, 0.0683, 0.0177, 0.7488, 0.0532], [0.05, 0.0263, 0.0855, 0.0366, 0.0464, 0.6616, 0.0936], [0.0881, 0.0253, 0.0377, 0.0358, 0.0817, 0.6999, 0.0316], [0.0624, 0.07, 0.0635, 0.0594, 0.0229, 0.7014, 0.0204], [0.0687, 0.0371, 0.0752, 0.0113, 0.0645, 0.7113, 0.0319], [0.0539, 0.0729, 0.056, 0.0463, 0.0559, 0.6422, 0.0728], [0.0214, 0.0698, 0.0445, 0.0422, 0.0434, 0.7057, 0.0729], [0.0406, 0.056, 0.0499, 0.0656, 0.0613, 0.6804, 0.0462], [0.0174, 0.0195, 0.0382, 0.0654, 0.0717, 0.7588, 0.0289], [0.0692, 0.0563, 0.0585, 0.041, 0.076, 0.6432, 0.0558], [0.0703, 0.0595, 0.0905, 0.0393, 0.0376, 0.6598, 0.0431], [0.0683, 0.0276, 0.0226, 0.0975, 0.0764, 0.6223, 0.0853], [0.0211, 0.0424, 0.0724, 0.0523, 0.0431, 0.6929, 0.0758], [0.0443, 0.0713, 0.0675, 0.0308, 0.0375, 0.7141, 0.0344], [0.0715, 0.047, 0.0654, 0.0368, 0.0305, 0.6956, 0.0533], [0.0474, 0.0423, 0.0406, 0.0895, 0.0818, 0.63, 0.0685], [0.0861, 0.0673, 0.0166, 0.0326, 0.0271, 0.6889, 0.0815], [0.0403, 0.0488, 0.0172, 0.0664, 0.0445, 0.7133, 0.0695], [0.0469, 0.0185, 0.0684, 0.0718, 0.0188, 0.7317, 0.0439], [0.0411, 0.0686, 0.0539, 0.071, 0.073, 0.6663, 0.0261], [0.0782, 0.069, 0.0181, 0.0577, 0.0278, 0.6708, 0.0783], [0.0819, 0.0203, 0.0671, 0.0706, 0.0286, 0.6704, 0.0611], [0.019, 0.0609, 0.072, 0.0428, 0.0327, 0.7211, 0.0514], [0.0151, 0.0421, 0.0498, 0.0184, 0.0538, 0.7636, 0.0572], [0.0152, 0.0151, 0.0324, 0.0274, 0.0172, 0.8159, 0.0767], [0.0151, 0.0447, 0.0391, 0.0839, 0.0569, 0.6844, 0.0758]], "emotions": ["purple", "purple", "purple", "purple", "purple", "purple", "purple", "purple", "purple", "purple", "purple", "purple", "purple", "purple", "purple", "purple", "purple", "purple", "purple", "purple", "purple", "purple", "purple", "purple", "purple", "purple", "purple", "purple", "purple", "purple", "purple", "purple", "purple", "purple", "purple", "purple", "purple", "purple", "purple", "purple", "purple", "purple", "purple", "purple", "purple", "purple", "purple", "purple", "purple", "purple", "purple", "purple", "purple", "purple", "purple", "purple", "purple", "purple", "purple", "purple", "purple", "purple", "purple", "purple", "purple", "purple", "purple", "purple", "purple", "purple", "purple", "purple", "purple", "purple", "purple", "purple", "purple", "purple", "purple", "purple"], "timestamps": [0, 40, 80, 120, 160, 200, 240, 280, 320, 360, 400, 440, 480, 520, 560, 600, 640, 680, 720, 760, 800, 840, 880, 920, 960, 1000, 1040, 1080, 1120, 1160, 1200, 1240, 1280, 1320, 1360, 1400, 1440, 1480, 1520, 1560, 1600, 1640, 1680, 1720, 1760, 1800, 1840, 1880, 1920, 1960, 2000, 2040, 2080, 2120, 2160, 2200, 2240, 2280, 2320, 2360, 2400, 2440, 2480, 2520, 2560, 2600, 2640, 2680, 2720, 2760, 2800, 2840, 2880, 2920, 2960, 3000, 3040, 3080, 3120, 3160]}], "conversation": [], "conversation_timestamps": []}