{"agent_id": "agent-orange-568", "type": "orange", "trips": [{"trip_id": 0, "transport_method": "foot", "start_time": 0, "path": [[1.5888958, 42.5535801], [1.5893234, 42.5524941], [1.5907755, 42.551184], [1.5907351, 42.5492625], [1.5905101, 42.5472974], [1.5902851, 42.5453322], [1.5900601, 42.543367], [1.5898351, 42.5414018], [1.5896101, 42.5394367], [1.5893851, 42.5374715], [1.5906674, 42.5376223], [1.5917431, 42.5390797], [1.5923029, 42.5409032], [1.5915126, 42.5426312], [1.5917511, 42.5445376], [1.5914937, 42.5464149], [1.5917083, 42.5483338], [1.5911388, 42.5502252], [1.5907768, 42.5497492], [1.5905292, 42.5477867], [1.5902816, 42.5458243], [1.590034, 42.5438618], [1.5897864, 42.5418993], [1.5895388, 42.5399369], [1.5892912, 42.5379744], [1.5887002, 42.5361511], [1.587399, 42.5347761], [1.5874646, 42.5348976], [1.5858039, 42.5338319], [1.5851253, 42.5333328], [1.5835823, 42.5321059], [1.5816894, 42.5317004], [1.5797131, 42.5317761], [1.5777364, 42.5317693], [1.5757773, 42.5315088], [1.5740984, 42.5305886], [1.5734443, 42.5301898], [1.5747089, 42.5311557], [1.5732538, 42.5298159], [1.5714729, 42.5293393], [1.5698725, 42.5282832], [1.5706901, 42.5287828], [1.5704445, 42.5287886], [1.5687983, 42.5276921], [1.5678313, 42.5270611], [1.5687058, 42.527545], [1.5670633, 42.5264428], [1.5653643, 42.5254472], [1.5635287, 42.5248062], [1.5619709, 42.5236899], [1.5603884, 42.5225186], [1.5588093, 42.5213983], [1.5573777, 42.5200347], [1.5565474, 42.5190629], [1.5565497, 42.5191908], [1.5555705, 42.5181345], [1.5545212, 42.5175132], [1.5542306, 42.517461], [1.5535728, 42.5165328], [1.5527304, 42.5147709], [1.5518997, 42.5132238], [1.5503075, 42.5121029], [1.5484309, 42.511503], [1.5465697, 42.5108994], [1.5462019, 42.5100405], [1.5446048, 42.5093126], [1.5426915, 42.5088883], [1.5407653, 42.508681], [1.5390871, 42.5082254], [1.5374318, 42.507954], [1.5363844, 42.5078389], [1.5345208, 42.5072101], [1.5354683, 42.5076175], [1.5336368, 42.5068785], [1.5317547, 42.5066079], [1.5300929, 42.5055796], [1.5281412, 42.5052689], [1.5261718, 42.5053251], [1.5247694, 42.506166], [1.5232022, 42.505068]], "mood_vectors": [[0.0336, 0.0438, 0.0827, 0.0296, 0.7024, 0.088, 0.0199], [0.0285, 0.0738, 0.0486, 0.0309, 0.7274, 0.0592, 0.0316], [0.0145, 0.0828, 0.0395, 0.0404, 0.7714, 0.03, 0.0214], [0.0518, 0.0211, 0.0754, 0.0688, 0.7001, 0.0208, 0.062], [0.0745, 0.0477, 0.0793, 0.0159, 0.75, 0.0133, 0.0193], [0.0161, 0.0925, 0.0917, 0.0676, 0.6212, 0.0351, 0.0758], [0.0594, 0.0715, 0.0828, 0.0641, 0.6159, 0.0909, 0.0154], [0.0706, 0.0211, 0.0654, 0.0508, 0.6885, 0.0712, 0.0325], [0.0901, 0.0574, 0.0354, 0.0231, 0.6795, 0.0802, 0.0345], [0.0407, 0.0182, 0.0162, 0.0423, 0.8276, 0.03, 0.025], [0.0356, 0.0426, 0.0445, 0.0817, 0.7205, 0.0336, 0.0414], [0.0451, 0.0327, 0.0678, 0.0521, 0.6923, 0.0475, 0.0626], [0.0707, 0.0453, 0.052, 0.0861, 0.644, 0.0249, 0.0769], [0.0754, 0.0594, 0.0779, 0.0811, 0.6708, 0.0198, 0.0156], [0.0446, 0.0429, 0.049, 0.0131, 0.7371, 0.0526, 0.0606], [0.0351, 0.06, 0.0537, 0.0481, 0.6901, 0.0538, 0.0592], [0.0459, 0.051, 0.0427, 0.0263, 0.7307, 0.0712, 0.0321], [0.0385, 0.0483, 0.0381, 0.0466, 0.7097, 0.0424, 0.0764], [0.0866, 0.0857, 0.062, 0.0585, 0.6085, 0.0663, 0.0324], [0.0949, 0.0281, 0.0913, 0.0203, 0.6419, 0.0894, 0.034], [0.0143, 0.0216, 0.0355, 0.0699, 0.7875, 0.0546, 0.0167], [0.084, 0.0243, 0.0487, 0.0234, 0.7413, 0.0419, 0.0364], [0.0191, 0.0708, 0.0661, 0.0227, 0.7195, 0.0488, 0.053], [0.0559, 0.0727, 0.0579, 0.0307, 0.6933, 0.0598, 0.0297], [0.0841, 0.0228, 0.0947, 0.015, 0.6816, 0.0418, 0.06], [0.0366, 0.0329, 0.0243, 0.0567, 0.7405, 0.0734, 0.0358], [0.0595, 0.0705, 0.0576, 0.0572, 0.6682, 0.049, 0.038], [0.0774, 0.0496, 0.0164, 0.0557, 0.7351, 0.0382, 0.0277], [0.0625, 0.0374, 0.0393, 0.0424, 0.6932, 0.0624, 0.0629], [0.0337, 0.056, 0.015, 0.025, 0.7215, 0.0665, 0.0823], [0.0874, 0.0347, 0.0815, 0.0563, 0.7017, 0.0188, 0.0196], [0.0857, 0.0626, 0.0639, 0.0236, 0.7025, 0.0257, 0.036], [0.0496, 0.0157, 0.0705, 0.0133, 0.76, 0.0481, 0.0427], [0.0217, 0.0411, 0.0534, 0.0565, 0.7332, 0.0577, 0.0364], [0.0747, 0.0192, 0.0763, 0.0416, 0.6666, 0.0675, 0.0541], [0.0582, 0.0566, 0.0251, 0.0256, 0.7316, 0.0331, 0.0698], [0.0613, 0.0572, 0.0283, 0.0396, 0.6824, 0.0469, 0.0843], [0.0158, 0.0189, 0.0839, 0.0327, 0.6785, 0.0989, 0.0712], [0.031, 0.0143, 0.0655, 0.0674, 0.7786, 0.0121, 0.0311], [0.0582, 0.0478, 0.0351, 0.0206, 0.7389, 0.0396, 0.0598], [0.0691, 0.066, 0.0454, 0.0656, 0.7173, 0.0147, 0.022], [0.0198, 0.0656, 0.0456, 0.0846, 0.711, 0.0268, 0.0466], [0.0834, 0.0367, 0.0811, 0.0659, 0.6245, 0.0467, 0.0616], [0.0429, 0.0629, 0.0716, 0.0629, 0.6511, 0.0714, 0.0372], [0.0195, 0.0597, 0.064, 0.0496, 0.6856, 0.057, 0.0645], [0.0311, 0.058, 0.0576, 0.0321, 0.7127, 0.0645, 0.0439], [0.0452, 0.0663, 0.0514, 0.0603, 0.7092, 0.0382, 0.0295], [0.0819, 0.0241, 0.0709, 0.0142, 0.7164, 0.0244, 0.068], [0.0274, 0.0394, 0.0354, 0.0808, 0.7372, 0.0329, 0.0468], [0.0363, 0.0401, 0.0782, 0.0874, 0.606, 0.08, 0.0721], [0.0258, 0.0814, 0.0797, 0.0419, 0.6947, 0.0502, 0.0264], [0.0834, 0.0778, 0.0783, 0.0702, 0.6002, 0.0397, 0.0504], [0.0949, 0.0902, 0.0327, 0.0482, 0.6033, 0.0564, 0.0743], [0.0122, 0.0645, 0.0274, 0.0709, 0.684, 0.0659, 0.0751], [0.0505, 0.0819, 0.0209, 0.0579, 0.6799, 0.0679, 0.041], [0.0262, 0.0597, 0.0128, 0.0399, 0.7538, 0.05, 0.0577], [0.0152, 0.0594, 0.05, 0.0614, 0.7007, 0.0795, 0.0338], [0.0448, 0.0753, 0.0481, 0.0122, 0.7341, 0.0282, 0.0572], [0.079, 0.0278, 0.0915, 0.019, 0.6689, 0.0387, 0.0752], [0.0562, 0.0223, 0.031, 0.0215, 0.7551, 0.0739, 0.0399], [0.0543, 0.0539, 0.069, 0.0547, 0.7144, 0.0216, 0.0321], [0.074, 0.0177, 0.044, 0.0872, 0.6426, 0.0723, 0.0623], [0.0711, 0.0399, 0.078, 0.0166, 0.6857, 0.0513, 0.0575], [0.027, 0.0784, 0.0567, 0.0687, 0.6589, 0.0468, 0.0635], [0.0376, 0.0696, 0.0493, 0.0321, 0.6995, 0.0561, 0.0557], [0.0819, 0.0664, 0.0356, 0.0227, 0.7167, 0.0156, 0.061], [0.0542, 0.0692, 0.058, 0.0366, 0.6701, 0.0561, 0.0558], [0.0631, 0.0271, 0.0666, 0.0556, 0.7047, 0.0365, 0.0464], [0.0338, 0.0777, 0.0366, 0.0608, 0.7332, 0.0221, 0.0357], [0.0718, 0.066, 0.0389, 0.0573, 0.6655, 0.0343, 0.0662], [0.068, 0.0548, 0.0262, 0.0346, 0.7412, 0.0375, 0.0377], [0.0247, 0.025, 0.016, 0.068, 0.7605, 0.0578, 0.0479], [0.0625, 0.0387, 0.0274, 0.0223, 0.808, 0.0223, 0.0187], [0.056, 0.0654, 0.0702, 0.0342, 0.6738, 0.0392, 0.0611], [0.0385, 0.0646, 0.0669, 0.0215, 0.6754, 0.0682, 0.0648], [0.0167, 0.0711, 0.0414, 0.0637, 0.742, 0.0377, 0.0273], [0.0208, 0.0431, 0.068, 0.0211, 0.7543, 0.0578, 0.0348], [0.0556, 0.0328, 0.0461, 0.0394, 0.7657, 0.0245, 0.0358], [0.077, 0.0725, 0.0939, 0.0718, 0.595, 0.0146, 0.0753], [0.063, 0.0518, 0.0372, 0.0401, 0.6547, 0.0875, 0.0658]], "emotions": ["red", "red", "red", "red", "red", "red", "red", "red", "red", "red", "red", "red", "red", "red", "red", "red", "red", "red", "red", "red", "red", "red", "red", "red", "red", "red", "red", "red", "red", "red", "red", "red", "red", "red", "red", "red", "red", "red", "red", "red", "red", "red", "red", "red", "red", "red", "red", "red", "red", "red", "red", "red", "red", "red", "red", "red", "red", "red", "red", "red", "red", "red", "red", "red", "red", "red", "red", "red", "red", "red", "red", "red", "red", "red", "red", "red", "red", "red", "red", "red"], "timestamps": [0, 40, 80, 120, 160, 200, 240, 280, 320, 360, 400, 440, 480, 520, 560, 600, 640, 680, 720, 760, 800, 840, 880, 920, 960, 1000, 1040, 1080, 1120, 1160, 1200, 1240, 1280, 1320, 1360, 1400, 1440, 1480, 1520, 1560, 1600, 1640, 1680, 1720, 1760, 1800, 1840, 1880, 1920, 1960, 2000, 2040, 2080, 2120, 2160, 2200, 2240, 2280, 2320, 2360, 2400, 2440, 2480, 2520, 2560, 2600, 2640, 2680, 2720, 2760, 2800, 2840, 2880, 2920, 2960, 3000, 3040, 3080, 3120, 3160]}], "conversation": [], "conversation_timestamps": []}