{
  "agent_id": "agent-type-orange-20",
  "type": "orange",
  "trips": [
    {
      "trip_id": 0,
      "transport_method": "foot",
      "start_time": 0,
      "path": [
        [
          1.5216587000000004,
          42.50746370000001
        ],
        [
          1.5207378128325726,
          42.50745838404388
        ],
        [
          1.521248394950108,
          42.50746863282667
        ],
        [
          1.5220005450590524,
          42.50719193754835
        ],
        [
          1.5216261476189321,
          42.50699242810748
        ],
        [
          1.5217636054383712,
          42.507480771261726
        ],
        [
          1.5211602053173325,
          42.50684679590338
        ],
        [
          1.5214442099082175,
          42.50662799081001
        ],
        [
          1.5215028139336826,
          42.507247615774496
        ],
        [
          1.52231526683248,
          42.50755432532224
        ],
        [
          1.5220886288149347,
          42.506878592601495
        ],
        [
          1.5214895974885314,
          42.50618647286684
        ],
        [
          1.5207556180824444,
          42.505938181959706
        ],
        [
          1.5215327036381574,
          42.50638945951738
        ],
        [
          1.5213724746341881,
          42.506217269675396
        ],
        [
          1.5208601128846315,
          42.50592473758318
        ],
        [
          1.5216279717620336,
          42.50637393917688
        ],
        [
          1.522251460854515,
          42.50704832298263
        ],
        [
          1.522086844821127,
          42.507530905483335
        ],
        [
          1.521339984919567,
          42.50707788249091
        ],
        [
          1.52100600426252,
          42.506798237420774
        ],
        [
          1.5203819893039552,
          42.50718255612106
        ],
        [
          1.5198884876118843,
          42.50684048600077
        ],
        [
          1.5199374430349306,
          42.50646307232035
        ],
        [
          1.5195756536006328,
          42.50637443825171
        ],
        [
          1.5188311206598737,
          42.5063513279715
        ],
        [
          1.518849604895368,
          42.50689319959206
        ],
        [
          1.5179748000000004,
          42.50664079999999
        ]
      ],
      "emotions": [
        "green",
        "green",
        "green",
        "green",
        "green",
        "purple",
        "purple",
        "purple",
        "purple",
        "purple",
        "purple",
        "purple",
        "purple",
        "purple",
        "purple",
        "red",
        "red",
        "red",
        "red",
        "red",
        "green",
        "green",
        "green",
        "green",
        "green",
        "green",
        "green",
        "green"
      ],
      "mood_vectors": [
        [
          0.2494310662885379,
          0.14236772476896833,
          0.2617437769079177,
          0.10223411565445685,
          0.20541942432956783,
          0.034809523975556776,
          0.003994368074994533
        ],
        [
          0.01758188937018404,
          0.25177907106202035,
          0.11703492440108211,
          0.14707191544278625,
          0.23512752658202876,
          0.23017485139990565,
          0.0012298217419928357
        ],
        [
          0.1854689020735318,
          0.023029318813432585,
          0.18779108944594747,
          0.1023057691611694,
          0.1924756916473571,
          0.16190553792916104,
          0.1470236909294006
        ],
        [
          0.24861222533515276,
          0.17100728953003574,
          0.2167128399142469,
          0.03399606509901588,
          0.22114567082601866,
          0.009521070719727541,
          0.09900483857580258
        ],
        [
          0.00616097565011499,
          0.07503842150578575,
          0.12292297482623246,
          0.09522084622423854,
          0.2522281598158535,
          0.2567965068722766,
          0.1916321151054982
        ],
        [
          0.20756226374343542,
          0.25252473095577055,
          0.07710932858423873,
          0.02434288536680766,
          0.04832182146526293,
          0.16063612888499176,
          0.22950284099949303
        ],
        [
          0.13632856597498882,
          0.15840562936315652,
          0.28644918372312095,
          0.09574127515463342,
          0.2148634773152096,
          0.09277936872698447,
          0.015432499741906101
        ],
        [
          0.23450871760734457,
          0.050634117347627995,
          0.13644840704289227,
          0.2116664033050912,
          0.1879725382384146,
          0.06332282897030712,
          0.11544698748832224
        ],
        [
          0.14173071549581748,
          0.1671223250084079,
          0.10901879430352752,
          0.11836448238318792,
          0.1334341193974739,
          0.0350667793727945,
          0.29526278403879075
        ],
        [
          0.20770092989037467,
          0.06923342096811416,
          0.17049859916159413,
          0.18904335096305153,
          0.14285270641758702,
          0.01679480228339621,
          0.20387619031588233
        ],
        [
          0.04467588471799056,
          0.16004193075486803,
          0.1303369041555376,
          0.15863833908025635,
          0.1874694206526494,
          0.15610350347553112,
          0.1627340171631669
        ],
        [
          0.18354799813485004,
          0.15333856666949414,
          0.17776590000499365,
          0.1360634408670263,
          0.11904626999788165,
          0.11905091658175386,
          0.11118690774400031
        ],
        [
          0.1761457763370049,
          0.09390670713271419,
          0.07887994675953128,
          0.22134510452871392,
          0.11820360117506318,
          0.08814366419379127,
          0.22337519987318127
        ],
        [
          0.08249064697186798,
          0.19480922401135686,
          0.18741381455742528,
          0.02193421686201632,
          0.2104884283697143,
          0.2013814923053495,
          0.10148217692226966
        ],
        [
          0.20908982501611512,
          0.025993731167503916,
          0.12115671970912906,
          0.23046984212465324,
          0.21286727001645636,
          0.10723828269473375,
          0.09318432927140861
        ],
        [
          0.21328677874400276,
          0.17188680209241766,
          0.060036997180432976,
          0.042751244352642805,
          0.2300151925119197,
          0.194385539786078,
          0.08763744533250613
        ],
        [
          0.1305496437570839,
          0.06364885009920589,
          0.09576092492032132,
          0.09284457443937193,
          0.004784626968284416,
          0.27487570737333766,
          0.33753567244239485
        ],
        [
          0.03935274644852001,
          0.07991629730569132,
          0.16897141961330095,
          0.027686991636447823,
          0.07786309538723114,
          0.40413827049039797,
          0.20207117911841085
        ],
        [
          0.01483448984208317,
          0.21717661468862645,
          0.2450600215671905,
          0.012897648303263594,
          0.1750141877865614,
          0.07938076741465976,
          0.2556362703976151
        ],
        [
          0.15733368356522898,
          0.12009353181819762,
          0.03861495013551942,
          0.23493525433893686,
          0.06552611057678358,
          0.14790337271823703,
          0.2355930968470966
        ],
        [
          0.2495301082789143,
          0.20753412164166335,
          0.05429838348266397,
          0.20485602505876663,
          0.04438239299062686,
          0.19577749987770743,
          0.043621468669657444
        ],
        [
          0.13136920035787333,
          0.03179601005360957,
          0.13098861363598938,
          0.15987856238912906,
          0.22350470211345033,
          0.14706899835898793,
          0.17539391309096053
        ],
        [
          0.12353714491273497,
          0.12629742318359524,
          0.31328861360502247,
          0.10292520921961446,
          0.001442675274674844,
          0.22901267082124568,
          0.1034962629831123
        ],
        [
          0.03176243379140325,
          0.14983101818121594,
          0.19934893972928022,
          0.18325179092969066,
          0.2564965966923513,
          0.045039514857904,
          0.13426970581815464
        ],
        [
          0.26132059415892195,
          0.08491057820459913,
          0.11376613181362807,
          0.2704522567429647,
          0.13361760425286454,
          0.004782491256214003,
          0.13115034357080757
        ],
        [
          0.07175623091101116,
          0.2221538571820648,
          0.13406332275497826,
          0.1972347805223206,
          0.04424383521588208,
          0.1356008270226246,
          0.19494714639111851
        ],
        [
          0.22693819865650267,
          0.19365828067584281,
          0.045968810482397836,
          0.09502474744971272,
          0.1642955000701234,
          0.08100431305033906,
          0.19311014961508152
        ],
        [
          0.21696615359582888,
          0.055799224564711626,
          0.29416419458023385,
          0.2346525557293213,
          0.07372792981154642,
          0.0905648365914004,
          0.03412510512695756
        ]
      ],
      "timestamps": [
        0,
        1,
        2,
        3,
        4,
        5,
        6,
        7,
        8,
        9,
        10,
        11,
        12,
        13,
        14,
        15,
        16,
        17,
        18,
        19,
        20,
        21,
        22,
        23,
        24,
        25,
        26,
        27
      ],
      "distance": 488.7
    },
    {
      "trip_id": 1,
      "transport_method": "stopped",
      "start_time": 28,
      "path": [
        [
          1.5179748000000004,
          42.50664079999999
        ],
        [
          1.5179748000000004,
          42.50664079999999
        ],
        [
          1.5179748000000004,
          42.50664079999999
        ],
        [
          1.5179748000000004,
          42.50664079999999
        ],
        [
          1.5179748000000004,
          42.50664079999999
        ]
      ],
      "emotions": [
        "green",
        "green",
        "red",
        "red",
        "red"
      ],
      "mood_vectors": [
        [
          0.1804332990161093,
          0.10610297459149169,
          0.10168195812695717,
          0.16787190302880822,
          0.08218731371767023,
          0.17314188477679218,
          0.18858066674217117
        ],
        [
          0.3023824083654799,
          0.03394481330591662,
          0.04873450383875146,
          0.25016317665812926,
          0.21304753591196632,
          0.08423284345318124,
          0.06749471846657525
        ],
        [
          0.25438139426998974,
          0.19301514378101634,
          0.3007614062601439,
          0.10750223140222612,
          0.04883115792501687,
          0.032023994611309996,
          0.06348467175029697
        ],
        [
          0.20612654507359235,
          0.18852042308995473,
          0.13422482908336228,
          0.16196098486508087,
          0.03418255023362277,
          0.11336855805576407,
          0.16161610959862294
        ],
        [
          0.2207072663579121,
          0.011295983385547197,
          0.17961562721554913,
          0.13990020436658487,
          0.20970798440874605,
          0.23030671509584924,
          0.008466219169811402
        ]
      ],
      "timestamps": [
        28,
        29,
        30,
        31,
        32
      ]
    },
    {
      "trip_id": 2,
      "transport_method": "foot",
      "start_time": 33,
      "path": [
        [
          1.5179748000000004,
          42.50664079999999
        ],
        [
          1.518706798546085,
          42.50690193097484
        ],
        [
          1.5190219100300053,
          42.50696811441029
        ],
        [
          1.519716185901509,
          42.50731717342762
        ],
        [
          1.5199766070113616,
          42.50761344675257
        ],
        [
          1.5192764658951128,
          42.507948225920565
        ],
        [
          1.5185766190008276,
          42.50828619867398
        ],
        [
          1.5183295765703466,
          42.507662402598235
        ],
        [
          1.5184280844549594,
          42.507294353544545
        ],
        [
          1.5183171997321259,
          42.50802337167276
        ],
        [
          1.5186520062893947,
          42.508400365288544
        ],
        [
          1.5191352405905414,
          42.50801642698772
        ],
        [
          1.5195992051391882,
          42.50813982775725
        ],
        [
          1.5197980830960183,
          42.50862056412875
        ],
        [
          1.5195632008666977,
          42.50793698754347
        ],
        [
          1.5201462653454514,
          42.50756550783835
        ],
        [
          1.5208429482158585,
          42.507810879899985
        ],
        [
          1.5215290590517483,
          42.50817593219537
        ],
        [
          1.5212791761699935,
          42.508368944703584
        ],
        [
          1.5215713815116312,
          42.50839965141126
        ],
        [
          1.5222903994157677,
          42.508429741677936
        ],
        [
          1.5219168536603767,
          42.50839104799473
        ],
        [
          1.522278851367419,
          42.508473651826975
        ],
        [
          1.5219312904926392,
          42.50833536734702
        ],
        [
          1.5212275042367376,
          42.5080154868684
        ],
        [
          1.5205413934008478,
          42.50765043457301
        ],
        [
          1.5208606761858625,
          42.507673857589396
        ],
        [
          1.5215321000000004,
          42.50806509999999
        ]
      ],
      "emotions": [
        "green",
        "green",
        "green",
        "green",
        "green",
        "green",
        "green",
        "green",
        "green",
        "green",
        "green",
        "green",
        "purple",
        "purple",
        "purple",
        "purple",
        "purple",
        "red",
        "red",
        "red",
        "red",
        "red",
        "purple",
        "purple",
        "purple",
        "purple",
        "purple",
        "green"
      ],
      "mood_vectors": [
        [
          0.017014897437942742,
          0.15046477187654836,
          0.2590710829488304,
          0.20520853260899927,
          0.08343583887731112,
          0.02223512481889462,
          0.26256975143147343
        ],
        [
          0.28139664922440577,
          0.17619492469123604,
          0.14564261082406166,
          0.0035473954526479986,
          0.13170002872263564,
          0.25372567059767337,
          0.007792720487339544
        ],
        [
          0.16219245521063716,
          0.014644105438038676,
          0.24578346701855008,
          0.17773007966612958,
          0.24116451141132358,
          0.09266939145058178,
          0.06581598980473907
        ],
        [
          0.1087423328648184,
          0.05131750996449619,
          0.17636610666359656,
          0.18219866213808592,
          0.10711612757641661,
          0.1826074892466966,
          0.19165177154588975
        ],
        [
          0.20917294093462693,
          0.057983819678254486,
          0.21891372879979884,
          0.19836930328677796,
          0.03810421240144334,
          0.07827650803456715,
          0.19917948686453138
        ],
        [
          0.2191695795995593,
          0.28837969493656834,
          0.013116461286989619,
          0.056700047826688166,
          0.04782688542006121,
          0.22722646775738772,
          0.14758086317274566
        ],
        [
          0.1560875525092793,
          0.1737545615594449,
          0.09926432197431696,
          0.08646337136955162,
          0.047471015683722695,
          0.20488551096872198,
          0.23207366593496248
        ],
        [
          0.23909045001329365,
          0.09616600437699054,
          0.017994950222920907,
          0.11976861722044259,
          0.24129892063202477,
          0.041253475369925845,
          0.2444275821644017
        ],
        [
          0.18367293808212476,
          0.11484128999751049,
          0.19639813058636757,
          0.13124722627393157,
          0.18900944091507085,
          0.12361365064331098,
          0.0612173235016838
        ],
        [
          0.21449384961199622,
          0.19067725514916514,
          0.009582560788418161,
          0.1915203955026844,
          0.2017858189930547,
          0.0451238393403155,
          0.1468162806143658
        ],
        [
          0.07671590238164726,
          0.03193180521717896,
          0.24527607243196808,
          0.0905764933224713,
          0.17691425145887665,
          0.24465113076683034,
          0.13393434442102742
        ],
        [
          0.07181734738582164,
          0.17935050854731271,
          0.19157255435042833,
          0.23513365182816315,
          0.019663657944298713,
          0.028764570742513238,
          0.27369770920146225
        ],
        [
          0.1555548482414089,
          0.08293058725349871,
          0.24213976857157238,
          0.07404455308706887,
          0.1041520840864988,
          0.15322302154049114,
          0.18795513721946114
        ],
        [
          0.3004878883497816,
          0.14786619950635677,
          0.17994763931227878,
          0.05308689439917763,
          0.17388395355993638,
          0.042869052942797005,
          0.10185837192967188
        ],
        [
          0.35578629742929996,
          0.19348152431232604,
          0.14149133402250869,
          0.07188590700578897,
          0.025833883693285077,
          0.07293748875839294,
          0.13858356477839834
        ],
        [
          0.16802012580460668,
          0.06978963431849916,
          0.020167248666153728,
          0.15806569047786606,
          0.22728639311191928,
          0.3456765308736151,
          0.01099437674733994
        ],
        [
          0.09240008116852012,
          0.1594913778461438,
          0.07828812829046769,
          0.18540248132204054,
          0.20941250021652089,
          0.16329630498908054,
          0.11170912616722632
        ],
        [
          0.07270541957316326,
          0.09580022714418696,
          0.17624645251965443,
          0.12318410312793535,
          0.0029127559992554483,
          0.2591729635790022,
          0.26997807805680235
        ],
        [
          0.5012036563258747,
          0.13450022386656205,
          0.007494346354033248,
          0.012169952766112385,
          0.04471199593556832,
          0.03767598291237932,
          0.26224384183946997
        ],
        [
          0.12025088208351441,
          0.0065496150468512876,
          0.03624822067427144,
          0.23309778561555955,
          0.1539292254699991,
          0.22804460913078106,
          0.22187966197902312
        ],
        [
          0.12884743573956964,
          0.18303618063861668,
          0.036929404746799906,
          0.11033002638520475,
          0.264582237428241,
          0.17020944184315118,
          0.10606527321841691
        ],
        [
          0.15766584048980034,
          0.27236952521662894,
          0.04648183252007093,
          0.3339922841412624,
          0.16953766205688295,
          0.010785132143963426,
          0.009167723431391007
        ],
        [
          0.20044240911051373,
          0.13797803388613342,
          0.14927071399883707,
          0.18864535806574714,
          0.09430474766577175,
          0.08839931674218168,
          0.14095942053081517
        ],
        [
          0.23473788538103482,
          0.22538207858979378,
          0.2145754306884078,
          0.0714261361786217,
          0.11874168681953362,
          0.0351273523723549,
          0.10000942997025336
        ],
        [
          0.028204628465812415,
          0.1384975711209669,
          0.006467866314926081,
          0.21639370309733125,
          0.2031402584541033,
          0.1716898365676284,
          0.23560613597923175
        ],
        [
          0.2755859734840735,
          0.01103654845497312,
          0.1726780580404694,
          0.1296115029234771,
          0.17611906681122091,
          0.23474040970891447,
          0.00022844057687143766
        ],
        [
          0.21515561811708145,
          0.22756845091243366,
          0.08985655738864659,
          0.011192313849327758,
          0.17178642300632752,
          0.22392791829392167,
          0.0605127184322613
        ],
        [
          0.0931957175234533,
          0.1639923895633903,
          0.14215678435534876,
          0.056077341702631976,
          0.11321766769286414,
          0.1372985036593342,
          0.2940615955029774
        ]
      ],
      "timestamps": [
        33,
        34,
        35,
        36,
        37,
        38,
        39,
        40,
        41,
        42,
        43,
        44,
        45,
        46,
        47,
        48,
        49,
        50,
        51,
        52,
        53,
        54,
        55,
        56,
        57,
        58,
        59,
        60
      ],
      "distance": 523.9
    },
    {
      "trip_id": 3,
      "transport_method": "bicycle",
      "start_time": 61,
      "path": [
        [
          1.5215321000000004,
          42.50806509999999
        ],
        [
          1.5208860864499236,
          42.50768788223113
        ],
        [
          1.520490148135839,
          42.50762316900506
        ],
        [
          1.521150636339224,
          42.50797458851647
        ],
        [
          1.5218190085270393,
          42.50830585948828
        ],
        [
          1.5224203328632535,
          42.50850593632359
        ],
        [
          1.521747075865375,
          42.50835230659879
        ],
        [
          1.5224623211430133,
          42.508496386587524
        ],
        [
          1.5231606068841874,
          42.508318279432864
        ],
        [
          1.523814597096119,
          42.508675672918734
        ],
        [
          1.523878480940287,
          42.50890937075737
        ],
        [
          1.5242196834379005,
          42.508794817219425
        ],
        [
          1.524953972727578,
          42.50893820333757
        ],
        [
          1.5255397361996357,
          42.50931957370039
        ],
        [
          1.5256044001255926,
          42.50907908105841
        ],
        [
          1.5263316948692025,
          42.50925453103912
        ],
        [
          1.5270589896128124,
          42.50942998101982
        ],
        [
          1.5263907156435783,
          42.50926876899947
        ],
        [
          1.5256634208999684,
          42.50909331901877
        ],
        [
          1.525530229991101,
          42.50930701002814
        ],
        [
          1.5262525439464203,
          42.50946017630449
        ],
        [
          1.526989447043269,
          42.50958945958132
        ],
        [
          1.5277107095858151,
          42.509773226300055
        ],
        [
          1.528403980023991,
          42.51005450274657
        ],
        [
          1.5290972504621672,
          42.51033577919308
        ],
        [
          1.529449211265582,
          42.51028453906529
        ],
        [
          1.52892405566558,
          42.5097536285387
        ],
        [
          1.5283856009435934,
          42.50923419918625
        ],
        [
          1.5286560241321185,
          42.50888182189816
        ],
        [
          1.5286254460055195,
          42.508553364304355
        ],
        [
          1.5280281000000002,
          42.5081029
        ]
      ],
      "emotions": [
        "green",
        "green",
        "green",
        "green",
        "red",
        "red",
        "red",
        "red",
        "red",
        "red",
        "red",
        "red",
        "red",
        "red",
        "red",
        "red",
        "red",
        "red",
        "red",
        "green",
        "green",
        "green",
        "green",
        "green",
        "green",
        "green",
        "green",
        "green",
        "green",
        "green",
        "green"
      ],
      "mood_vectors": [
        [
          0.13736926347819614,
          0.23173769438367356,
          0.08489288595525896,
          0.06508109932666635,
          0.11862274752042722,
          0.23116013794561469,
          0.13113617139016306
        ],
        [
          0.0333722500450784,
          0.1725822899801068,
          0.0018606404973713882,
          0.1260743513237636,
          0.18204303203516817,
          0.29749616142026925,
          0.18657127469824245
        ],
        [
          0.044920806690664436,
          0.24447636524930383,
          0.03827871747229771,
          0.23433069309149943,
          0.19626790984408468,
          0.005624039577397066,
          0.23610146807475288
        ],
        [
          0.21176720690516365,
          0.16299746804578932,
          0.17153864050585557,
          0.02087972900016933,
          0.17044042382058688,
          0.20818763451393482,
          0.054188897208500446
        ],
        [
          0.20138859393011568,
          0.25901950429629,
          0.21844216221583831,
          0.0355654462118114,
          0.008774557892579297,
          0.14052184946705645,
          0.1362878859863089
        ],
        [
          0.0800515697096106,
          0.10817355533062713,
          0.17509928194072566,
          0.048652546163105985,
          0.30169208361140665,
          0.270403517617203,
          0.015927445627320944
        ],
        [
          0.08200975823060473,
          0.07127467351724294,
          0.13341398337041505,
          0.19605448226789995,
          0.20648756770517032,
          0.07226040837188259,
          0.23849912653678437
        ],
        [
          0.2557986021396458,
          0.15623927324044767,
          0.015249617462292236,
          0.17281273968799452,
          0.09530773373425519,
          0.23320339058356931,
          0.07138864315179531
        ],
        [
          0.011915961463586238,
          0.14672057447928452,
          0.09954017428503704,
          0.27132875200675766,
          0.19684656388421995,
          0.02404712100238026,
          0.2496008528787342
        ],
        [
          0.21902876111722694,
          0.18640325861553447,
          0.09001248277298593,
          0.0995520732298603,
          0.19666635094016588,
          0.11089761366294373,
          0.09743945966128274
        ],
        [
          0.12361500629213824,
          0.004174831785030257,
          0.3043670264735239,
          0.24640124108776265,
          0.1672024402617686,
          0.0833080699269997,
          0.07093138417277663
        ],
        [
          0.20652554918677865,
          0.22171588201667838,
          0.07527402935236717,
          0.058003248387659204,
          0.20172348398086803,
          0.14357456267061952,
          0.09318324440502904
        ],
        [
          0.174692835949117,
          0.2573693509567265,
          0.13372677984794262,
          0.2667929174743768,
          0.0061873444579189675,
          0.018596247125839842,
          0.14263452418807832
        ],
        [
          0.17534383072026116,
          0.19081978076049688,
          0.1704795022878734,
          0.1114668291130155,
          0.14769114601670094,
          0.0893718308527694,
          0.11482708024888265
        ],
        [
          0.028636684312308047,
          0.12107035765139763,
          0.18974518654161782,
          0.12550886329791233,
          0.1012452070266212,
          0.1570588835133437,
          0.27673481765679925
        ],
        [
          0.2638492752965679,
          0.25740758023711946,
          0.0616600352908895,
          0.12514946985731865,
          0.0058091068649936285,
          0.06418021072509193,
          0.221944321728019
        ],
        [
          0.11479322894266772,
          0.01686049463156967,
          0.12980413497002108,
          0.23208770612376226,
          0.09433152617007673,
          0.1536378367337144,
          0.2584850724281882
        ],
        [
          0.14285210157791844,
          0.1920084913927566,
          0.06851961332678103,
          0.1265843085163428,
          0.14609990874263473,
          0.17842582441285557,
          0.14550975203071087
        ],
        [
          0.20023373789389642,
          0.01786108675503141,
          0.07699871343819732,
          0.027408974313265347,
          0.1409937589382303,
          0.25108622096481387,
          0.2854175076965653
        ],
        [
          0.038702564029166046,
          0.18053054967471607,
          0.35011425113026934,
          0.09939936024248841,
          0.21406453495183456,
          0.034070497659636226,
          0.0831182423118894
        ],
        [
          0.10268602569809357,
          0.2768383809386938,
          0.016424641052107954,
          0.19552351370250776,
          0.1501145589862627,
          0.12710046269294445,
          0.13131241692938977
        ],
        [
          0.24586618811626945,
          0.008222527538357815,
          0.1444535939338369,
          0.19735797313958248,
          0.1913004094969135,
          0.10954051778620842,
          0.10325878998883156
        ],
        [
          0.25436004119316197,
          0.17216163370798765,
          0.07116238317948781,
          0.05500672860112934,
          0.257140794418571,
          0.04444485488605451,
          0.1457235640136077
        ],
        [
          0.14122932561576587,
          0.05963575212792437,
          0.09537606040460916,
          0.051729193677164165,
          0.4361182350326254,
          0.1269303022020999,
          0.08898113093981104
        ],
        [
          0.0794436462388743,
          0.2916307502371573,
          0.07366920265619427,
          0.24066586463650505,
          0.11422676278988662,
          0.06183032680516386,
          0.13853344663621855
        ],
        [
          0.12154372194346799,
          0.1158698313929726,
          0.24104850796773358,
          0.0915258050622962,
          0.31457164552236955,
          0.0028515105605631226,
          0.11258897755059699
        ],
        [
          0.05065524495122413,
          0.07857671216435198,
          0.15744214907486193,
          0.17247740330362188,
          0.10531086970452959,
          0.27396310799073875,
          0.16157451281067176
        ],
        [
          0.036510264127508386,
          0.2257239346116536,
          0.16142283074078895,
          0.23676485946597445,
          0.01516129415581053,
          0.12898578567404476,
          0.1954310312242194
        ],
        [
          0.126412191100545,
          0.02937237053797333,
          0.12472200448434254,
          0.30090200600438466,
          0.12846294844413744,
          0.2513573986565968,
          0.03877108077202033
        ],
        [
          0.10860829709708895,
          0.20539576183523087,
          0.0739173178409262,
          0.19014763940427695,
          0.16043308317397273,
          0.07971887838910893,
          0.1817790222593954
        ],
        [
          0.23098023612476545,
          0.019297354671317688,
          0.06195832798920431,
          0.11065989974127498,
          0.3752794155681442,
          0.15105314528833208,
          0.05077162061696119
        ]
      ],
      "timestamps": [
        61,
        62,
        63,
        64,
        65,
        66,
        67,
        68,
        69,
        70,
        71,
        72,
        73,
        74,
        75,
        76,
        77,
        78,
        79,
        80,
        81,
        82,
        83,
        84,
        85,
        86,
        87,
        88,
        89,
        90,
        91
      ],
      "distance": 830.4
    },
    {
      "trip_id": 4,
      "transport_method": "foot",
      "start_time": 92,
      "path": [
        [
          1.5280281000000002,
          42.5081029
        ],
        [
          1.5282580826094514,
          42.508276332073244
        ],
        [
          1.5284880652189028,
          42.508449764146484
        ],
        [
          1.528718047828354,
          42.50862319621973
        ],
        [
          1.5289168186395636,
          42.50881501693868
        ],
        [
          1.5287074646759489,
          42.508903888551984
        ],
        [
          1.5284612117947791,
          42.50891623500457
        ],
        [
          1.5282214,
          42.50907579999999
        ]
      ],
      "emotions": [
        "green",
        "green",
        "green",
        "green",
        "green",
        "green",
        "green",
        "green"
      ],
      "mood_vectors": [
        [
          0.07142092825490211,
          0.1278740467126016,
          0.03805524149699181,
          0.28440637468894453,
          0.07715798294034677,
          0.16898639289846118,
          0.23209903300775203
        ],
        [
          0.09205397633181021,
          0.28418138067530463,
          0.10595258607571238,
          0.2521491049809567,
          0.009748127653485945,
          0.13357031447125034,
          0.12234450981147985
        ],
        [
          0.12758721727080896,
          0.04106802214266515,
          0.25554675862091863,
          0.04061162520233618,
          0.07198491781487855,
          0.24959672657408835,
          0.21360473237430413
        ],
        [
          0.2436363404307335,
          0.029880985738117982,
          0.20256484905379393,
          0.11373184496091913,
          0.008368167959348562,
          0.23285882472689404,
          0.1689589871301928
        ],
        [
          0.024177476850805686,
          0.18981717243846308,
          0.19062930590298602,
          0.23187275320083198,
          0.13538623751394815,
          0.18041494872777455,
          0.047702105365190574
        ],
        [
          0.13291892687318263,
          0.23813310426936848,
          0.2042618180735842,
          0.018010644117182315,
          0.16267335834886879,
          0.1454529606312537,
          0.09854918768655986
        ],
        [
          0.004454447474074384,
          0.22744384742727417,
          0.1826908677767865,
          0.07854103164520633,
          0.04008538783017956,
          0.22052410890662322,
          0.2462603089398558
        ],
        [
          0.011867526751214691,
          0.027943801538506726,
          0.21044177170966963,
          0.1321935726137617,
          0.38377756106762073,
          0.14887851751170506,
          0.08489724880752149
        ]
      ],
      "timestamps": [
        92,
        93,
        94,
        95,
        96,
        97,
        98,
        99
      ],
      "distance": 1174.7
    }
  ],
  "conversation": [
    "It's never just one quick stop in Avinguda Meritxell.",
    "This place has a kind of quiet magic.",
    "Feels like everyone's out today."
  ],
  "conversation_timestamps": [
    8,
    33,
    64
  ]
}
