{
  "agent_id": "agent-type-orange-34",
  "type": "orange",
  "trips": [
    {
      "trip_id": 0,
      "transport_method": "car",
      "start_time": 0,
      "path": [
        [
          1.5269375000000003,
          42.5054942
        ],
        [
          1.5271101785059942,
          42.50548840244699
        ],
        [
          1.5272828570119878,
          42.505482604893984
        ],
        [
          1.5274227573834775,
          42.5054223942234
        ],
        [
          1.5275885294664344,
          42.50547108810972
        ],
        [
          1.5277543015493913,
          42.50551978199605
        ],
        [
          1.5279200736323482,
          42.50556847588237
        ],
        [
          1.5280858457153053,
          42.5056171697687
        ],
        [
          1.5282344409371815,
          42.50562637804969
        ],
        [
          1.5282537860390273,
          42.505497417694876
        ],
        [
          1.5282172209442095,
          42.50539612760192
        ],
        [
          1.5280491553372157,
          42.50535605978692
        ],
        [
          1.5279610842909217,
          42.50525346500528
        ],
        [
          1.5278464074198008,
          42.50519364917921
        ],
        [
          1.5276736591392779,
          42.5051957698438
        ],
        [
          1.5275009571193612,
          42.505196742061976
        ],
        [
          1.527328429794885,
          42.505187479213475
        ],
        [
          1.5272132840578538,
          42.50519129903443
        ],
        [
          1.5272460252767606,
          42.505021653845525
        ],
        [
          1.5272624390800467,
          42.50493659242091
        ],
        [
          1.527229703436854,
          42.505106238687354
        ],
        [
          1.5273112895669718,
          42.5051865589689
        ],
        [
          1.527483816891448,
          42.5051958218174
        ],
        [
          1.5275988023251952,
          42.50509435275433
        ],
        [
          1.5276903837332418,
          42.504947845676845
        ],
        [
          1.5277504032369638,
          42.504813940525665
        ],
        [
          1.5275831000000002,
          42.5047708
        ]
      ],
      "emotions": [
        "green",
        "green",
        "green",
        "green",
        "green",
        "red",
        "red",
        "red",
        "red",
        "red",
        "green",
        "green",
        "green",
        "green",
        "green",
        "purple",
        "purple",
        "purple",
        "purple",
        "purple",
        "red",
        "red",
        "red",
        "red",
        "red",
        "red",
        "red"
      ],
      "mood_vectors": [
        [
          0.20424169128060266,
          0.012257039118256208,
          0.07004700270090414,
          0.18819507472325567,
          0.11301153798987322,
          0.23760744936121342,
          0.17464020482589468
        ],
        [
          0.17324464106473983,
          0.13070211412172203,
          0.21633297719328573,
          0.025423200979285535,
          0.17118988103260918,
          0.06358419480650207,
          0.21952299080185567
        ],
        [
          0.09768742872282081,
          0.2035478918710365,
          0.05321082729728248,
          0.23024206490133575,
          0.20028583919789525,
          0.19586849295840364,
          0.019157455051225618
        ],
        [
          0.15320426116458652,
          0.006234907543206535,
          0.13948593482737395,
          0.05935130309316548,
          0.20596074134914083,
          0.2299757897608993,
          0.20578706226162738
        ],
        [
          0.24284483619547748,
          0.05429361747895873,
          0.07299285314960036,
          0.20341800656472028,
          0.05519026408245983,
          0.10372439806061126,
          0.2675360244681721
        ],
        [
          0.16569164754031157,
          0.2328679966090405,
          0.3097548898168216,
          0.09155694050545865,
          0.11268510982036883,
          0.06497203110847505,
          0.022471384599523844
        ],
        [
          0.187147512943317,
          0.0922395592200963,
          0.1124943058845579,
          0.011337837720702376,
          0.06856354367828013,
          0.2884903392254122,
          0.23972690132763416
        ],
        [
          0.06832260794983079,
          0.0753149562529874,
          0.09546796763822563,
          0.08497036025005313,
          0.1900444126738667,
          0.24841775111648215,
          0.23746194411855417
        ],
        [
          0.1760687203752997,
          0.16840175340966632,
          0.1356580225819176,
          0.10627645351284826,
          0.12397058593287608,
          0.1317997882649865,
          0.15782467592240562
        ],
        [
          0.09951520682541008,
          0.2531588403346521,
          0.04287518302489296,
          0.08096921604253793,
          0.025805083621627485,
          0.09517129762565243,
          0.402505172525227
        ],
        [
          0.2145078669836585,
          0.13250546137973854,
          0.0781945195374599,
          0.008244120850444132,
          0.1320102076987521,
          0.2574848712636663,
          0.1770529522862805
        ],
        [
          0.06180353649164564,
          0.09086093175881847,
          0.17172601928278544,
          0.14170304673798279,
          0.23030607880462498,
          0.1075346281302713,
          0.19606575879387136
        ],
        [
          0.15150619833562892,
          0.060344197504029314,
          0.07506055045131949,
          0.19325644379476684,
          0.20821595067640858,
          0.10471059101717926,
          0.2069060682206677
        ],
        [
          0.12156157431232742,
          0.10530405196840605,
          0.14955791034597657,
          0.24632079338257662,
          0.013056383790806418,
          0.14799947317277146,
          0.21619981302713545
        ],
        [
          0.2366087386125123,
          0.2715725086670499,
          0.01643032714977615,
          0.1725506347955391,
          0.020757235554163336,
          0.12699151489186042,
          0.1550890403290988
        ],
        [
          0.08420086677758266,
          0.20868241995569392,
          0.14083291578336793,
          0.15650239413045366,
          0.15192676987737408,
          0.06133486890972865,
          0.1965197645657991
        ],
        [
          0.13353159414343294,
          0.28996675481461015,
          0.1343789393151996,
          0.18310393473826522,
          0.035718509212443815,
          0.02197243763152672,
          0.2013278301445216
        ],
        [
          0.14046210345494758,
          0.26644015245578234,
          0.14387049785913344,
          0.21111476876627294,
          0.12610480179993278,
          0.07140833089308721,
          0.04059934477084368
        ],
        [
          0.14870050980041816,
          0.06260991936428341,
          0.18651839000434348,
          0.0814270246804709,
          0.12747709403357385,
          0.17845079489286678,
          0.2148162672240435
        ],
        [
          0.13404936690567326,
          0.16996065497318794,
          0.34452697569593493,
          0.040672564107086834,
          0.13859434488067335,
          0.09033917768710042,
          0.08185691575034315
        ],
        [
          0.008020473377917371,
          0.06221297545310877,
          0.16747325016178313,
          0.2406023710636028,
          0.15568346653287216,
          0.1754007270388768,
          0.19060673637183903
        ],
        [
          0.26530854617965677,
          0.24817430741991067,
          0.12663994176413268,
          0.047438780972256366,
          0.05550896061836848,
          0.010243489584734644,
          0.2466859734609404
        ],
        [
          0.09182103648267474,
          0.14786487944092788,
          0.07974111321786699,
          0.1867595328505093,
          0.2261444997122199,
          0.12321704360391343,
          0.14445189469188777
        ],
        [
          0.008780394472811587,
          0.24689530237475613,
          0.14249936235336733,
          0.12523684323513076,
          0.23055347191382924,
          0.07018774818180439,
          0.17584687746830052
        ],
        [
          0.07499597730921542,
          0.23097462299693777,
          0.13385625897846534,
          0.11979839801379279,
          0.12757760560517548,
          0.20123850736786586,
          0.11155862972854734
        ],
        [
          0.1090910128587157,
          0.16511629587856735,
          0.06557617979837967,
          0.1260658557212113,
          0.2606967665355722,
          0.2385598333535927,
          0.03489405585396109
        ],
        [
          0.019863700639590594,
          0.03487252877165346,
          0.053986879871703274,
          0.28138190490229764,
          0.30953938442622353,
          0.2577211237455478,
          0.04263447764298373
        ]
      ],
      "timestamps": [
        0,
        1,
        2,
        3,
        4,
        5,
        6,
        7,
        8,
        9,
        10,
        11,
        12,
        13,
        14,
        15,
        16,
        17,
        18,
        19,
        20,
        21,
        22,
        23,
        24,
        25,
        26
      ],
      "distance": 164.6
    },
    {
      "trip_id": 1,
      "transport_method": "foot",
      "start_time": 27,
      "path": [
        [
          1.5275831000000002,
          42.5047708
        ],
        [
          1.5277408595440045,
          42.504867097152925
        ],
        [
          1.527608172538674,
          42.50507936278397
        ],
        [
          1.527424031603409,
          42.50519261199503
        ],
        [
          1.527223004698068,
          42.505140953631496
        ],
        [
          1.5272704334781604,
          42.50489516296787
        ],
        [
          1.527223337741747,
          42.50513922769575
        ],
        [
          1.527036986998764,
          42.50519668102879
        ],
        [
          1.5267881537912136,
          42.505169394139486
        ],
        [
          1.526572249930884,
          42.50511928346808
        ],
        [
          1.5265516089919686,
          42.50494242924534
        ],
        [
          1.526311420890571,
          42.50487191530732
        ],
        [
          1.5260670915368832,
          42.50481866613457
        ],
        [
          1.5258210512507018,
          42.50477254979166
        ],
        [
          1.5255750109645203,
          42.50472643344875
        ],
        [
          1.5253289706783388,
          42.50468031710584
        ],
        [
          1.52521678058243,
          42.504872892052
        ],
        [
          1.5249994922843457,
          42.50489393489382
        ],
        [
          1.5247510977045162,
          42.50486290793427
        ],
        [
          1.5245027031246865,
          42.50483188097471
        ],
        [
          1.524254308544857,
          42.504800854015166
        ],
        [
          1.5240075965056818,
          42.50475946015838
        ],
        [
          1.5238009484652593,
          42.50477583500382
        ],
        [
          1.5235552456931998,
          42.50472795298934
        ],
        [
          1.52330954292114,
          42.50468007097487
        ],
        [
          1.5230621427006787,
          42.5046428663697
        ],
        [
          1.522813704337739,
          42.50461219196135
        ],
        [
          1.5225652470111402,
          42.50458167154504
        ],
        [
          1.5223167892468814,
          42.5045511546827
        ],
        [
          1.522067464756605,
          42.50452991198158
        ],
        [
          1.5219759671040602,
          42.50472878146158
        ],
        [
          1.5218310999999998,
          42.5049263
        ]
      ],
      "emotions": [
        "red",
        "red",
        "red",
        "green",
        "green",
        "green",
        "green",
        "green",
        "purple",
        "purple",
        "purple",
        "purple",
        "purple",
        "red",
        "red",
        "red",
        "red",
        "red",
        "red",
        "red",
        "red",
        "red",
        "red",
        "green",
        "green",
        "green",
        "green",
        "green",
        "green",
        "green",
        "green",
        "green"
      ],
      "mood_vectors": [
        [
          0.2060301348637906,
          0.20103472250465879,
          0.0248649530796387,
          0.06745354947142315,
          0.21997422838358013,
          0.09955073045005727,
          0.18109168124685132
        ],
        [
          0.038890598084075946,
          0.01029443243003962,
          0.2985143144799661,
          0.3095923458770914,
          0.23564520834846328,
          0.012344647477294454,
          0.09471845330306924
        ],
        [
          0.20229253394848043,
          0.10487285667007544,
          0.2581099355999897,
          0.16109686246950444,
          0.04480948966406811,
          0.16836241587206835,
          0.06045590577581357
        ],
        [
          0.2223184692255113,
          0.1589170687493361,
          0.22135113708271023,
          0.176262383008641,
          0.10151187850827957,
          0.0754270266068982,
          0.04421203681862365
        ],
        [
          0.3196744120958342,
          0.08134263450104501,
          0.07323345346853007,
          0.12849002347363975,
          0.08836398453672163,
          0.153865671187119,
          0.15502982073711027
        ],
        [
          0.1101036031550022,
          0.13800871318971028,
          0.18272941588377714,
          0.0831720437898163,
          0.25588946306094734,
          0.2107302511530669,
          0.019366509767679906
        ],
        [
          0.16845304863837546,
          0.07515093885578614,
          0.1896842062608331,
          0.25538847023511385,
          0.015890685046059973,
          0.15411852890773337,
          0.1413141220560981
        ],
        [
          0.02628510461404836,
          0.34163279278728975,
          0.14721913969195288,
          0.07704163095462378,
          0.09287577639631509,
          0.0535191856403534,
          0.26142636991541685
        ],
        [
          0.049290833152634196,
          0.00013956929945042038,
          0.004504815465296962,
          0.18276010747690966,
          0.44844555978328066,
          0.3140447655350887,
          0.0008143492873394461
        ],
        [
          0.046623786189016116,
          0.1717463191107404,
          0.12405721418811558,
          0.019401235196925,
          0.21569539602771784,
          0.24347424238978818,
          0.17900180689769693
        ],
        [
          0.18541497935592283,
          0.2404914044650251,
          0.014783013319619181,
          0.22620130819506723,
          0.06094462856626311,
          0.16639913742756998,
          0.10576552867053264
        ],
        [
          0.08663358573686858,
          0.23244174220190017,
          0.021055257270371393,
          0.11890857449580758,
          0.1716239395768552,
          0.28669520992652997,
          0.08264169079166715
        ],
        [
          0.09243364591374667,
          0.1188908713257627,
          0.2723058566316445,
          0.18029318303942388,
          0.10740859134220572,
          0.05461000381808659,
          0.1740578479291299
        ],
        [
          0.07333358249757252,
          0.2885847118081556,
          0.0988246885206917,
          0.26185090414723,
          0.15492340112561023,
          0.08491804870697084,
          0.03756466319376916
        ],
        [
          0.1809651918500185,
          0.17860546652115952,
          0.03266154038787439,
          0.13215666237782117,
          0.08392977698071048,
          0.22359357892110981,
          0.1680877829613062
        ],
        [
          0.25535444731611706,
          0.13226452113251957,
          0.09561988240609672,
          0.1971050442344345,
          0.19710186418540201,
          0.028181295470501817,
          0.0943729452549284
        ],
        [
          0.25551781938305534,
          0.11424910131083839,
          0.2695515758437713,
          0.16808988458977078,
          0.0408312639709335,
          0.07232510447392865,
          0.07943525042770208
        ],
        [
          0.18671209794285645,
          0.19652891051022275,
          0.10676273262479355,
          0.055760182327396185,
          0.22749411460519955,
          0.17732663183792208,
          0.04941533015160948
        ],
        [
          0.07519997995112647,
          0.01906539119192915,
          0.22096028263779313,
          0.20413327495510136,
          0.03719870861494652,
          0.2632128686073405,
          0.18022949404176283
        ],
        [
          0.048587311422224305,
          0.024421380275780773,
          0.17227326051093894,
          0.22365065336163029,
          0.23730671558280858,
          0.23160573949027694,
          0.062154939356340255
        ],
        [
          0.20326844709444722,
          0.20923196641638503,
          0.15358145199675052,
          0.1111066813309351,
          0.06211440886468184,
          0.07659906972630133,
          0.1840979745704989
        ],
        [
          0.08960156339842064,
          0.26408761833093153,
          0.0797645044772059,
          0.06541513392876135,
          0.17697215038571665,
          0.10206572323863095,
          0.22209330624033297
        ],
        [
          0.03412132190851964,
          0.16711538126256908,
          0.25704710016067317,
          0.1537388924300425,
          0.325041701602168,
          0.02583923368229785,
          0.037096368953729836
        ],
        [
          0.251658074501375,
          0.03468488741569214,
          0.011968819995547159,
          0.30183833008675814,
          0.11434166795754339,
          0.1351519994534414,
          0.15035622058964282
        ],
        [
          0.23653914995071737,
          0.02616718025049627,
          0.07042765135007759,
          0.2618198208607173,
          0.13924861886056478,
          0.21175600099923642,
          0.054041577728190224
        ],
        [
          0.1012844095916634,
          0.1571379530331763,
          0.16976894287744507,
          0.1648286261779506,
          0.07729290159205636,
          0.16619829057408383,
          0.16348887615362434
        ],
        [
          0.28085547877969613,
          0.024646544194121732,
          0.11726289221870403,
          0.14828878791838218,
          0.19147653267656267,
          0.06525100035496012,
          0.17221876385757318
        ],
        [
          0.047741917674927706,
          0.15440134179325227,
          0.2390705161573057,
          0.1242650160454562,
          0.12812182121520097,
          0.13092158797477838,
          0.1754777991390788
        ],
        [
          0.05380777085077821,
          0.15715407561009245,
          0.230851283170897,
          0.09729708511008431,
          0.25516136395359623,
          0.13591397342730274,
          0.06981444787724903
        ],
        [
          0.1879581216796911,
          0.20778152406226055,
          0.04502406438363685,
          0.1984451540991324,
          0.1880168477362875,
          0.17045882387414904,
          0.002315464164842602
        ],
        [
          0.19354786701486976,
          0.1727170312160527,
          0.21053792388198947,
          0.2187427071140179,
          0.0073507790182430624,
          0.024442860182988923,
          0.17266083157183826
        ],
        [
          0.11316717823850178,
          0.23875855104722996,
          0.09852504084950837,
          0.10420587543856004,
          0.08655361744926324,
          0.26995748517578555,
          0.08883225180115106
        ]
      ],
      "timestamps": [
        27,
        28,
        29,
        30,
        31,
        32,
        33,
        34,
        35,
        36,
        37,
        38,
        39,
        40,
        41,
        42,
        43,
        44,
        45,
        46,
        47,
        48,
        49,
        50,
        51,
        52,
        53,
        54,
        55,
        56,
        57,
        58
      ],
      "distance": 627.8
    },
    {
      "trip_id": 2,
      "transport_method": "bicycle",
      "start_time": 59,
      "path": [
        [
          1.5218894000000005,
          42.5055205
        ],
        [
          1.5217748852907245,
          42.505968571597116
        ],
        [
          1.5217213228765996,
          42.50636206493689
        ],
        [
          1.5219088829574068,
          42.50669123185244
        ],
        [
          1.5222290489242336,
          42.50702496157612
        ],
        [
          1.5224847510568393,
          42.507383070114955
        ],
        [
          1.5221147933224544,
          42.50753553314755
        ],
        [
          1.5219108187444128,
          42.50734275059749
        ],
        [
          1.5218441481877387,
          42.50706101215369
        ],
        [
          1.5214626083686429,
          42.506940977858704
        ],
        [
          1.5219037649250247,
          42.507079767871105
        ],
        [
          1.521878863705512,
          42.507396461004205
        ],
        [
          1.5214688121958357,
          42.50747215386893
        ],
        [
          1.521006397652635,
          42.50746476705515
        ],
        [
          1.520543983109434,
          42.507457380241355
        ],
        [
          1.5209472659979515,
          42.507504189561864
        ],
        [
          1.5214096509642985,
          42.50751157311825
        ],
        [
          1.5216312852969358,
          42.507513016050105
        ],
        [
          1.5211688215581687,
          42.50751000521847
        ],
        [
          1.5207065363784626,
          42.507497082419874
        ],
        [
          1.5204409601558844,
          42.50759699803668
        ],
        [
          1.5208492406684924,
          42.50781422786384
        ],
        [
          1.5212575211811001,
          42.50803145769099
        ],
        [
          1.5216658016937081,
          42.50824868751815
        ],
        [
          1.5214131909236839,
          42.50845601281451
        ],
        [
          1.5211788219017954,
          42.50830374548995
        ],
        [
          1.5215617312773864,
          42.50840686683908
        ],
        [
          1.5215042595510282,
          42.508162737367094
        ],
        [
          1.5210959790384202,
          42.50794550753994
        ],
        [
          1.5206876985258124,
          42.50772827771278
        ],
        [
          1.5202719378657041,
          42.50752699897776
        ],
        [
          1.5198404983161922,
          42.5076679629883
        ],
        [
          1.5195647587770826,
          42.507945764470584
        ],
        [
          1.5196455847402228,
          42.508401120307774
        ],
        [
          1.5196259892966366,
          42.50829072385504
        ],
        [
          1.5195451633334964,
          42.50783536801785
        ],
        [
          1.519140183667888,
          42.508014039857805
        ],
        [
          1.5187237293083304,
          42.50821515559858
        ],
        [
          1.5187364430936083,
          42.508500064033306
        ],
        [
          1.5183829521011456,
          42.50836350764957
        ],
        [
          1.5187402000000005,
          42.5085045
        ]
      ],
      "emotions": [
        "green",
        "red",
        "red",
        "red",
        "red",
        "red",
        "green",
        "green",
        "green",
        "green",
        "green",
        "purple",
        "purple",
        "purple",
        "purple",
        "purple",
        "green",
        "green",
        "green",
        "green",
        "green",
        "green",
        "green",
        "green",
        "green",
        "green",
        "purple",
        "purple",
        "purple",
        "purple",
        "purple",
        "red",
        "red",
        "red",
        "red",
        "red",
        "purple",
        "purple",
        "purple",
        "purple",
        "purple"
      ],
      "mood_vectors": [
        [
          0.1474089257960079,
          0.22418565995230383,
          0.0853523828380281,
          0.012735241595196808,
          0.2743044691812834,
          0.16011664769581208,
          0.09589667294136792
        ],
        [
          0.019057760281675305,
          0.1405963687695304,
          0.07551520925763221,
          0.07465444775322064,
          0.3393179722113226,
          0.0015815667284321405,
          0.34927667499818665
        ],
        [
          0.1540218428250357,
          0.2024527515894816,
          0.09451502499722626,
          0.0002650032547234726,
          0.2061121390943789,
          0.11424440791957954,
          0.22838883031957455
        ],
        [
          0.2002932141963096,
          0.1864345549212731,
          0.18603273434863932,
          0.02322116687882638,
          0.1584469075077801,
          0.08948450675787725,
          0.15608691538929428
        ],
        [
          0.23578275839501303,
          0.07854690595923376,
          0.18562718630316719,
          0.008716358534078926,
          0.16276067113902376,
          0.1186378086247828,
          0.20992831104470053
        ],
        [
          0.13406290580108524,
          0.07948030343735024,
          0.22917379545885894,
          0.15183306072412409,
          0.06860552307569714,
          0.06263877366738226,
          0.27420563783550217
        ],
        [
          0.2509325327455783,
          0.08112526881835727,
          0.11712733681008364,
          0.07869499804673985,
          0.14474891267074527,
          0.17126040760937358,
          0.15611054329912205
        ],
        [
          0.21021308932855473,
          0.2039919294813604,
          0.17829349160085586,
          0.057592027463675415,
          0.10817059954546696,
          0.17043039286289763,
          0.07130846971718895
        ],
        [
          0.21718261483912915,
          0.24340504560265597,
          0.02012455772840328,
          0.13438798074178748,
          0.2504852727320098,
          0.032892255413292756,
          0.10152227294272147
        ],
        [
          0.2066586399100189,
          0.009391385950138241,
          0.13598549177212052,
          0.1635546111368675,
          0.0934443009332057,
          0.21982328068133863,
          0.1711422896163104
        ],
        [
          0.16948845389462405,
          0.2616923874872006,
          0.11730166117949482,
          0.10346103826288698,
          0.13395260026061914,
          0.01702370062578694,
          0.19708015828938757
        ],
        [
          0.22785389645621548,
          0.012776357836131918,
          0.15595413714510695,
          0.17373829777727046,
          0.04304565459931504,
          0.018093680664910742,
          0.36853797552104944
        ],
        [
          0.027096493734357643,
          0.16427860306963424,
          0.10540774580883547,
          0.2241212635261506,
          0.13680812257581326,
          0.30559515839422136,
          0.03669261289098747
        ],
        [
          0.15150325999530295,
          0.19537486459971476,
          0.08550844159869479,
          0.1411091053985106,
          0.18045795558627578,
          0.21786489154794322,
          0.02818148127355794
        ],
        [
          0.005763972167910802,
          0.0007284643578705871,
          0.2349018071252116,
          0.16616853005221272,
          0.16403080102836898,
          0.16989754960467407,
          0.2585088756637513
        ],
        [
          0.26150552026169777,
          0.038193687631029254,
          0.008522631410822335,
          0.21366801689981924,
          0.056431028769899035,
          0.2166326262785833,
          0.2050464887481491
        ],
        [
          0.05991611912664339,
          0.06281416662513271,
          0.21873764220476435,
          0.0803008377432801,
          0.23338482874611408,
          0.28014324468222646,
          0.06470316087183896
        ],
        [
          0.39266224530582267,
          0.08802885132861155,
          0.04883781015513825,
          0.2409624802051926,
          0.07259024756264754,
          0.0746451000621826,
          0.08227326538040483
        ],
        [
          0.2987933078717457,
          0.16126818572936005,
          0.035547322587715736,
          0.37357455325583144,
          0.0401968735980626,
          0.03788216792009015,
          0.05273758903719436
        ],
        [
          0.14588614246870413,
          0.10783946583391005,
          0.06575299965685212,
          0.25053743991109756,
          0.04779850909162038,
          0.13562896517227183,
          0.24655647786554394
        ],
        [
          0.1610909119950153,
          0.16409282558102922,
          0.12363813290768802,
          0.013797110204976504,
          0.21908373969210587,
          0.179696900668171,
          0.138600378951014
        ],
        [
          0.2626350575790602,
          0.025496140681940702,
          0.05709156531326995,
          0.27958859282490994,
          0.2547788144558771,
          0.027632005654174504,
          0.09277782349076762
        ],
        [
          0.11446092117693923,
          0.15747365978348407,
          0.2068444862066832,
          0.07343790480363414,
          0.1695275348625005,
          0.09294059038198714,
          0.18531490278477175
        ],
        [
          0.3164155868190521,
          0.014397125683151596,
          0.2718611152517265,
          0.010875938290667528,
          0.07137301880438032,
          0.16867327921648273,
          0.14640393593453926
        ],
        [
          0.1411075965833522,
          0.19431747928738907,
          0.11559622939667649,
          0.12046576165645542,
          0.032022102205457904,
          0.2140499870353439,
          0.18244084383532494
        ],
        [
          0.06724651513423671,
          0.053961255018748495,
          0.18857530900745842,
          0.251367906904221,
          0.03196879487590891,
          0.30278863878437207,
          0.10409158027505441
        ],
        [
          0.10394477869740526,
          0.06658052146732582,
          0.046569209824204115,
          0.2094209487145897,
          0.10210721904930137,
          0.20045626083074713,
          0.27092106141642663
        ],
        [
          0.11019431463077468,
          0.30724883209921855,
          0.2675203838527243,
          0.007579780535985527,
          0.036990927986807615,
          0.02635986302971329,
          0.24410589786477604
        ],
        [
          0.10352519069395309,
          0.2513241852518133,
          0.20529136775765228,
          0.0029116414699037973,
          0.07201824208665367,
          0.12871622832345203,
          0.23621314441657182
        ],
        [
          0.18587198710865782,
          0.20695483458700156,
          0.0925429273445303,
          0.05650536332895346,
          0.07758249640553971,
          0.15786163831657826,
          0.22268075290873893
        ],
        [
          0.24051292158784993,
          0.084919763502029,
          0.27608604943594395,
          0.040102298410239566,
          0.05645992493925292,
          0.06576152127962327,
          0.23615752084506134
        ],
        [
          0.06018563068849176,
          0.06153889780079278,
          0.22536609169184546,
          0.2008198772602189,
          0.18652072271868997,
          0.24468287637012878,
          0.020885903469832292
        ],
        [
          0.16962559757102427,
          0.18773017358608227,
          0.20683905860679644,
          0.01107946377959688,
          0.28136848223865263,
          0.0946232851937337,
          0.048733939024113805
        ],
        [
          0.05693378185841488,
          0.01833337226694614,
          0.3581579222094052,
          0.027328801223880938,
          0.11469029949020056,
          0.07940577596808526,
          0.34515004698306706
        ],
        [
          0.05383412545214463,
          0.09277263691522353,
          0.2926689843623988,
          0.30203752349603114,
          0.08142014921469207,
          0.0886558912765761,
          0.08861068928293366
        ],
        [
          0.2620006018412756,
          0.1637638599393242,
          0.013453089496262602,
          0.005074349886516846,
          0.16299498111457125,
          0.14767334365254384,
          0.2450397740695057
        ],
        [
          0.166578459991324,
          0.23238783524025183,
          0.035593024070786856,
          0.09760087394211005,
          0.11089317696650917,
          0.13770487179991098,
          0.21924175798910703
        ],
        [
          0.015456746655774022,
          0.17094430468826566,
          0.012711936750410147,
          0.15300546284095537,
          0.2020306838154654,
          0.18902853355142674,
          0.25682233169770274
        ],
        [
          0.22695752205443978,
          0.10809536903311517,
          0.14359448542813674,
          0.18171761305448397,
          0.13301889031268901,
          0.10387989267223956,
          0.10273622744489574
        ],
        [
          0.2049604691869893,
          0.12718979196183325,
          0.21814686855848034,
          0.10839496164847909,
          0.15871452721828894,
          0.15662874028155077,
          0.025964641144378284
        ],
        [
          0.1706045470752826,
          0.18174797731855272,
          0.0570236333587033,
          0.20915321417393967,
          0.215803452251895,
          0.059231664446531475,
          0.10643551137509526
        ]
      ],
      "timestamps": [
        59,
        60,
        61,
        62,
        63,
        64,
        65,
        66,
        67,
        68,
        69,
        70,
        71,
        72,
        73,
        74,
        75,
        76,
        77,
        78,
        79,
        80,
        81,
        82,
        83,
        84,
        85,
        86,
        87,
        88,
        89,
        90,
        91,
        92,
        93,
        94,
        95,
        96,
        97,
        98,
        99
      ],
      "distance": 694
    }
  ],
  "conversation": [
    "I always get turned around near the old town lanes.",
    "How did I end up walking 10k steps already?",
    "Is there a startup idea in local walks?"
  ],
  "conversation_timestamps": [
    73,
    75,
    98
  ]
}
