{"agent_id": "agent-green-1867", "type": "green", "trips": [{"trip_id": 0, "transport_method": "bicycle", "start_time": 0, "path": [[1.5288389, 42.5088798], [1.5281629, 42.5082615], [1.5275652, 42.5075457], [1.526704, 42.507234], [1.5257145, 42.5071357], [1.5247675, 42.5068712], [1.5237931, 42.5067828], [1.522821, 42.5065744], [1.5218685, 42.5062877], [1.5209331, 42.5059492], [1.5215546, 42.5061783], [1.5209987, 42.5060005], [1.5200444, 42.5057223], [1.5190742, 42.5055032], [1.5180843, 42.5054045], [1.5178399, 42.5053886], [1.5170794, 42.5053557], [1.5172365, 42.5053007], [1.5162853, 42.5050399], [1.5154936, 42.5044529], [1.5147535, 42.503788], [1.5140133, 42.5031231], [1.5133652, 42.5023754], [1.5127944, 42.5015656], [1.5121968, 42.5007702], [1.5115962, 42.499977], [1.5109784, 42.499197], [1.5103536, 42.4984232], [1.5095067, 42.4979128], [1.5086126, 42.4974765], [1.507707, 42.497066], [1.5067727, 42.496724], [1.5058332, 42.4963967], [1.504894, 42.4960707], [1.5040183, 42.495599], [1.5030741, 42.4952869], [1.5021767, 42.4948579], [1.5012736, 42.4944405], [1.5005318, 42.4938805], [1.499789, 42.4932233], [1.498957, 42.4926828], [1.4980752, 42.4922219], [1.4972208, 42.4917128], [1.496413, 42.4911352], [1.4962568, 42.4901768], [1.4957062, 42.4893678], [1.4950584, 42.4886127], [1.4946593, 42.4877347], [1.494684, 42.486756], [1.4941322, 42.4859476], [1.4933464, 42.4853395], [1.4925197, 42.4848194], [1.491568, 42.4846327], [1.4909234, 42.4839783], [1.4904621, 42.4831066], [1.489949, 42.4822543], [1.4895288, 42.4813586], [1.4894142, 42.4803709], [1.4894591, 42.4793907], [1.4899228, 42.478517], [1.4904154, 42.4776529], [1.4905648, 42.4767295], [1.4908575, 42.4758129], [1.4908255, 42.4748205], [1.4905085, 42.4738811], [1.4906754, 42.472911], [1.4911382, 42.4720304], [1.4916076, 42.4711532], [1.49199, 42.4702388], [1.4919929, 42.4692556], [1.4916746, 42.4683131], [1.4915676, 42.4673313], [1.491842, 42.4665429], [1.4917585, 42.4657263], [1.4910767, 42.4650107], [1.4908301, 42.4640661], [1.4910703, 42.4631322], [1.4908707, 42.4622512], [1.490418, 42.4619989], [1.4899735, 42.4611432]], "mood_vectors": [[0.0406, 0.0606, 0.0452, 0.032, 0.0709, 0.0835, 0.6673], [0.0896, 0.0174, 0.0445, 0.0779, 0.0676, 0.0529, 0.6501], [0.0285, 0.0258, 0.0175, 0.0771, 0.0118, 0.053, 0.7863], [0.0686, 0.0851, 0.0749, 0.0636, 0.0491, 0.0735, 0.5851], [0.0502, 0.0224, 0.0643, 0.0493, 0.0535, 0.0399, 0.7203], [0.0358, 0.0305, 0.0637, 0.0489, 0.0822, 0.0133, 0.7257], [0.0531, 0.0194, 0.0587, 0.0223, 0.0402, 0.0207, 0.7856], [0.0647, 0.0378, 0.0633, 0.0519, 0.0216, 0.0742, 0.6864], [0.0711, 0.021, 0.0348, 0.0479, 0.053, 0.022, 0.7502], [0.0193, 0.0615, 0.0762, 0.0692, 0.0569, 0.0345, 0.6825], [0.0569, 0.05, 0.0316, 0.0309, 0.0638, 0.066, 0.7007], [0.0527, 0.0208, 0.0396, 0.061, 0.0319, 0.0726, 0.7214], [0.0586, 0.0732, 0.0496, 0.0263, 0.0264, 0.0238, 0.7421], [0.0511, 0.0206, 0.0423, 0.0333, 0.0639, 0.0215, 0.7674], [0.0933, 0.0305, 0.0341, 0.0651, 0.0653, 0.0769, 0.6348], [0.0659, 0.0223, 0.0807, 0.0669, 0.0671, 0.0659, 0.6312], [0.0273, 0.044, 0.0686, 0.0329, 0.0671, 0.0508, 0.7093], [0.0703, 0.0356, 0.0541, 0.0164, 0.0371, 0.0306, 0.7559], [0.0297, 0.0234, 0.0448, 0.0125, 0.0297, 0.0737, 0.786], [0.0508, 0.0395, 0.0844, 0.0634, 0.053, 0.023, 0.6859], [0.0166, 0.0655, 0.0256, 0.0152, 0.0485, 0.059, 0.7696], [0.0854, 0.0398, 0.0683, 0.0334, 0.0588, 0.0743, 0.64], [0.0286, 0.0625, 0.0734, 0.0676, 0.0333, 0.0454, 0.6893], [0.0793, 0.0771, 0.0192, 0.0621, 0.0177, 0.0432, 0.7014], [0.043, 0.0606, 0.0645, 0.0723, 0.0555, 0.0476, 0.6565], [0.0703, 0.0337, 0.0899, 0.037, 0.0395, 0.0311, 0.6985], [0.0663, 0.0812, 0.0358, 0.0541, 0.0575, 0.0212, 0.6839], [0.071, 0.0561, 0.0267, 0.0169, 0.0581, 0.0508, 0.7203], [0.0662, 0.085, 0.0363, 0.0417, 0.0141, 0.0654, 0.6914], [0.0481, 0.025, 0.0639, 0.0778, 0.0762, 0.0444, 0.6647], [0.0636, 0.0191, 0.0827, 0.0461, 0.0512, 0.0149, 0.7224], [0.0868, 0.0631, 0.0152, 0.0288, 0.0533, 0.014, 0.7388], [0.0779, 0.0425, 0.0461, 0.0178, 0.0275, 0.0961, 0.6921], [0.0226, 0.0361, 0.0177, 0.0171, 0.0225, 0.0571, 0.8268], [0.0464, 0.0156, 0.0611, 0.0241, 0.0498, 0.0344, 0.7685], [0.0552, 0.0753, 0.0312, 0.0246, 0.0306, 0.0603, 0.7229], [0.048, 0.0463, 0.0656, 0.0137, 0.0556, 0.0364, 0.7344], [0.0712, 0.0681, 0.0461, 0.0147, 0.0296, 0.0677, 0.7026], [0.0805, 0.0347, 0.0305, 0.0551, 0.0632, 0.0582, 0.6779], [0.0767, 0.0231, 0.0777, 0.0592, 0.0686, 0.0395, 0.6554], [0.0696, 0.0147, 0.0363, 0.0168, 0.0452, 0.0164, 0.801], [0.0639, 0.0415, 0.0434, 0.0233, 0.0463, 0.0534, 0.7282], [0.0329, 0.0614, 0.0601, 0.0538, 0.0753, 0.045, 0.6714], [0.0339, 0.0775, 0.0755, 0.0743, 0.0748, 0.0775, 0.5865], [0.0245, 0.0418, 0.0372, 0.0489, 0.0423, 0.0285, 0.7768], [0.0458, 0.036, 0.0613, 0.054, 0.0132, 0.0505, 0.7391], [0.0721, 0.0716, 0.0213, 0.0519, 0.0131, 0.0716, 0.6983], [0.0483, 0.0429, 0.0822, 0.0465, 0.0336, 0.076, 0.6704], [0.0602, 0.0714, 0.056, 0.0313, 0.0489, 0.0645, 0.6678], [0.041, 0.073, 0.0671, 0.0601, 0.0602, 0.0181, 0.6805], [0.0493, 0.0348, 0.0706, 0.07, 0.0227, 0.0191, 0.7334], [0.0188, 0.0819, 0.0921, 0.0251, 0.0167, 0.0578, 0.7077], [0.0379, 0.0757, 0.0131, 0.0773, 0.0594, 0.0252, 0.7113], [0.0154, 0.0699, 0.0499, 0.0471, 0.026, 0.0648, 0.727], [0.0626, 0.0707, 0.0403, 0.0287, 0.0566, 0.0305, 0.7105], [0.0175, 0.016, 0.0433, 0.0607, 0.0354, 0.0706, 0.7565], [0.0893, 0.0708, 0.0433, 0.0671, 0.0672, 0.049, 0.6133], [0.0344, 0.0236, 0.0785, 0.0133, 0.0383, 0.0198, 0.7921], [0.044, 0.0223, 0.0823, 0.0219, 0.0445, 0.0376, 0.7473], [0.025, 0.0436, 0.0597, 0.086, 0.0508, 0.0834, 0.6515], [0.0693, 0.0329, 0.0412, 0.0474, 0.0223, 0.0812, 0.7058], [0.0603, 0.0665, 0.0344, 0.0205, 0.0167, 0.071, 0.7306], [0.0735, 0.0245, 0.0556, 0.036, 0.084, 0.061, 0.6654], [0.0702, 0.0172, 0.0445, 0.0853, 0.0407, 0.0871, 0.655], [0.046, 0.07, 0.0703, 0.0335, 0.031, 0.0677, 0.6814], [0.0276, 0.0425, 0.052, 0.0575, 0.0767, 0.0255, 0.7183], [0.0257, 0.0523, 0.0593, 0.062, 0.0381, 0.029, 0.7336], [0.053, 0.0638, 0.0486, 0.0474, 0.0326, 0.0711, 0.6835], [0.0483, 0.0626, 0.059, 0.0584, 0.0305, 0.0245, 0.7167], [0.0455, 0.0344, 0.0604, 0.0461, 0.0626, 0.0515, 0.6996], [0.0566, 0.0198, 0.027, 0.0237, 0.0649, 0.0328, 0.775], [0.0592, 0.0201, 0.0342, 0.0243, 0.0527, 0.0166, 0.7929], [0.0635, 0.064, 0.0426, 0.0359, 0.0518, 0.0395, 0.7027], [0.0505, 0.0373, 0.075, 0.0237, 0.0153, 0.0307, 0.7675], [0.0674, 0.0175, 0.0501, 0.0565, 0.0683, 0.0363, 0.7041], [0.0862, 0.0601, 0.0843, 0.0138, 0.0386, 0.0613, 0.6557], [0.0669, 0.037, 0.0422, 0.0669, 0.0541, 0.0555, 0.6774], [0.061, 0.0469, 0.0454, 0.0913, 0.0243, 0.0308, 0.7003], [0.0451, 0.0177, 0.0251, 0.0584, 0.0446, 0.0559, 0.7531], [0.0439, 0.0811, 0.0583, 0.0189, 0.024, 0.0146, 0.7592]], "emotions": ["purple", "purple", "purple", "purple", "purple", "purple", "purple", "purple", "purple", "purple", "purple", "purple", "purple", "purple", "purple", "purple", "purple", "purple", "purple", "purple", "purple", "purple", "purple", "purple", "purple", "purple", "purple", "purple", "purple", "purple", "purple", "purple", "purple", "purple", "purple", "purple", "purple", "purple", "purple", "purple", "purple", "purple", "purple", "purple", "purple", "purple", "purple", "purple", "purple", "purple", "purple", "purple", "purple", "purple", "purple", "purple", "purple", "purple", "purple", "purple", "purple", "purple", "purple", "purple", "purple", "purple", "purple", "purple", "purple", "purple", "purple", "purple", "purple", "purple", "purple", "purple", "purple", "purple", "purple", "purple"], "timestamps": [0, 40, 80, 120, 160, 200, 240, 280, 320, 360, 400, 440, 480, 520, 560, 600, 640, 680, 720, 760, 800, 840, 880, 920, 960, 1000, 1040, 1080, 1120, 1160, 1200, 1240, 1280, 1320, 1360, 1400, 1440, 1480, 1520, 1560, 1600, 1640, 1680, 1720, 1760, 1800, 1840, 1880, 1920, 1960, 2000, 2040, 2080, 2120, 2160, 2200, 2240, 2280, 2320, 2360, 2400, 2440, 2480, 2520, 2560, 2600, 2640, 2680, 2720, 2760, 2800, 2840, 2880, 2920, 2960, 3000, 3040, 3080, 3120, 3160]}], "conversation": [], "conversation_timestamps": []}