{"agent_id": "agent-green-402", "type": "green", "trips": [{"trip_id": 0, "transport_method": "foot", "start_time": 0, "path": [[1.5491115, 42.5083029], [1.5484472, 42.5080903], [1.5483493, 42.5100774], [1.5489487, 42.5109794], [1.5511785, 42.5127471], [1.5527055, 42.5146406], [1.5548885, 42.5178783], [1.5577769, 42.5204434], [1.5599452, 42.5222902], [1.5631296, 42.5246862], [1.5667829, 42.5262639], [1.5701634, 42.5284365], [1.5733448, 42.5299867], [1.5767993, 42.5316811], [1.5781062, 42.5317452], [1.582146, 42.5316877], [1.5855618, 42.5336196], [1.5888213, 42.5354869], [1.5926062, 42.536166], [1.596104, 42.5362168], [1.6000145, 42.5367209], [1.6040032, 42.5370532], [1.6075779, 42.5361191], [1.6115742, 42.5363355], [1.615549, 42.5365405], [1.6192967, 42.536894], [1.6160851, 42.5351431], [1.6199972, 42.5357241], [1.6239915, 42.5351707], [1.6262013, 42.5371587], [1.6257719, 42.5382733], [1.6260502, 42.5382872], [1.627798, 42.538694], [1.6317625, 42.5391291], [1.6357296, 42.5394246], [1.6394647, 42.5405513], [1.6432208, 42.5416005], [1.6468257, 42.5416366], [1.6503349, 42.5422909], [1.6541608, 42.5418614], [1.6579941, 42.5406591], [1.6580712, 42.5406716], [1.6575467, 42.5407718], [1.6613206, 42.5394158], [1.6653308, 42.5392609], [1.6693715, 42.539222], [1.6701189, 42.5394222], [1.6661058, 42.5392455], [1.663648, 42.5372589], [1.6621351, 42.5392846], [1.666175, 42.5391923], [1.6702148, 42.5390999], [1.67411, 42.539381], [1.6761347, 42.5383953], [1.6797152, 42.5402484], [1.6832282, 42.5421394], [1.684025, 42.5454462], [1.6826404, 42.5483774], [1.6803397, 42.5502339], [1.6806062, 42.5531477], [1.6839845, 42.5543092], [1.6871626, 42.5561008], [1.6871931, 42.5575031], [1.6896002, 42.5565222], [1.6901458, 42.5558907], [1.6930439, 42.5530952], [1.6959716, 42.5503572], [1.6986203, 42.5473851], [1.7018537, 42.5450818], [1.7058353, 42.5444507], [1.7098663, 42.5441701], [1.7139035, 42.544013], [1.7179426, 42.5438948], [1.7219812, 42.5437577], [1.7260144, 42.5439309], [1.7298917, 42.5450147], [1.7334178, 42.5469802], [1.7336424, 42.5462944], [1.7352355, 42.5446639], [1.733257, 42.5423079]], "mood_vectors": [[0.0497, 0.0704, 0.0742, 0.0814, 0.0523, 0.0504, 0.6216], [0.0281, 0.0491, 0.0532, 0.0294, 0.0833, 0.0162, 0.7406], [0.0263, 0.0202, 0.0272, 0.0359, 0.0915, 0.0238, 0.7751], [0.0669, 0.0503, 0.0327, 0.0568, 0.033, 0.0697, 0.6906], [0.0292, 0.0373, 0.0542, 0.0593, 0.0533, 0.0415, 0.7252], [0.0769, 0.023, 0.0637, 0.0321, 0.0206, 0.0841, 0.6996], [0.0553, 0.0632, 0.0117, 0.0595, 0.0353, 0.0486, 0.7264], [0.0397, 0.0773, 0.022, 0.0595, 0.0559, 0.0638, 0.6819], [0.0743, 0.0552, 0.0558, 0.0414, 0.0318, 0.017, 0.7246], [0.0546, 0.034, 0.0631, 0.0432, 0.044, 0.0163, 0.7448], [0.0145, 0.0528, 0.0887, 0.0912, 0.0796, 0.0677, 0.6055], [0.0142, 0.0553, 0.0704, 0.0558, 0.0658, 0.0353, 0.7031], [0.0652, 0.0584, 0.042, 0.0695, 0.0267, 0.0365, 0.7017], [0.0466, 0.0463, 0.0793, 0.0142, 0.039, 0.0605, 0.7141], [0.0342, 0.0123, 0.0272, 0.0563, 0.0619, 0.0839, 0.7242], [0.0701, 0.0576, 0.0118, 0.0281, 0.0648, 0.0647, 0.703], [0.0233, 0.0697, 0.0562, 0.0898, 0.0896, 0.0602, 0.6111], [0.0293, 0.0397, 0.0612, 0.0207, 0.0304, 0.0565, 0.7622], [0.0253, 0.0802, 0.0643, 0.0759, 0.0514, 0.0537, 0.6493], [0.0717, 0.0275, 0.0777, 0.0563, 0.0838, 0.0215, 0.6614], [0.0131, 0.0593, 0.0635, 0.0431, 0.0446, 0.0283, 0.748], [0.0849, 0.033, 0.0216, 0.0221, 0.0871, 0.0359, 0.7155], [0.041, 0.0371, 0.0639, 0.0429, 0.0404, 0.0549, 0.7197], [0.045, 0.0393, 0.0449, 0.0519, 0.0919, 0.0658, 0.6612], [0.0309, 0.0559, 0.0736, 0.0433, 0.0246, 0.0228, 0.7488], [0.0351, 0.0521, 0.0522, 0.0872, 0.0575, 0.0417, 0.6742], [0.0857, 0.043, 0.0222, 0.0479, 0.0365, 0.0413, 0.7234], [0.0584, 0.0194, 0.0635, 0.0749, 0.0412, 0.0298, 0.7129], [0.0378, 0.0438, 0.0444, 0.0615, 0.0738, 0.0842, 0.6544], [0.0581, 0.0438, 0.0596, 0.0197, 0.0439, 0.0417, 0.7331], [0.0181, 0.0567, 0.1043, 0.0388, 0.0194, 0.0666, 0.6962], [0.0723, 0.0821, 0.0336, 0.0433, 0.0496, 0.0653, 0.6539], [0.0123, 0.0411, 0.0237, 0.0474, 0.0384, 0.0663, 0.7707], [0.0512, 0.1009, 0.0469, 0.0173, 0.0706, 0.0783, 0.6348], [0.0448, 0.0717, 0.0533, 0.0519, 0.0456, 0.0562, 0.6765], [0.074, 0.0138, 0.0836, 0.0529, 0.0815, 0.0759, 0.6184], [0.0367, 0.0551, 0.0179, 0.0724, 0.0865, 0.0461, 0.6853], [0.0198, 0.0273, 0.0733, 0.0615, 0.0158, 0.0673, 0.735], [0.0856, 0.0887, 0.0508, 0.0273, 0.0345, 0.0736, 0.6396], [0.0387, 0.0272, 0.0699, 0.0178, 0.0124, 0.0252, 0.8089], [0.0613, 0.0538, 0.028, 0.0219, 0.0615, 0.0731, 0.7003], [0.0184, 0.0712, 0.0762, 0.0521, 0.0274, 0.0739, 0.6808], [0.0325, 0.0398, 0.0669, 0.0752, 0.0687, 0.0348, 0.682], [0.0833, 0.0577, 0.0724, 0.0171, 0.0407, 0.0443, 0.6845], [0.0815, 0.0914, 0.0145, 0.0242, 0.083, 0.0208, 0.6845], [0.0324, 0.0769, 0.0779, 0.0261, 0.0224, 0.0624, 0.7019], [0.0581, 0.0357, 0.0168, 0.0529, 0.0167, 0.0744, 0.7454], [0.07, 0.0307, 0.036, 0.0338, 0.0157, 0.0613, 0.7525], [0.0536, 0.0852, 0.0711, 0.0765, 0.0536, 0.0424, 0.6176], [0.0832, 0.0279, 0.0687, 0.0761, 0.0171, 0.0704, 0.6566], [0.0488, 0.065, 0.0522, 0.017, 0.0373, 0.0732, 0.7065], [0.0712, 0.0614, 0.0322, 0.0658, 0.0324, 0.013, 0.7241], [0.0683, 0.0333, 0.0204, 0.0627, 0.0639, 0.0591, 0.6923], [0.0885, 0.0322, 0.0302, 0.0278, 0.0242, 0.0262, 0.771], [0.0292, 0.0871, 0.0809, 0.0771, 0.0792, 0.0179, 0.6287], [0.0387, 0.0651, 0.0717, 0.0782, 0.0695, 0.0219, 0.6549], [0.0374, 0.0348, 0.0156, 0.0691, 0.0817, 0.0743, 0.687], [0.0237, 0.0838, 0.0137, 0.0329, 0.0208, 0.0298, 0.7952], [0.0332, 0.0617, 0.0451, 0.0294, 0.0778, 0.018, 0.7349], [0.0897, 0.0901, 0.0554, 0.0266, 0.0564, 0.089, 0.5928], [0.0508, 0.0136, 0.0622, 0.0529, 0.0904, 0.0568, 0.6733], [0.0459, 0.0584, 0.0563, 0.0149, 0.0268, 0.0247, 0.7729], [0.0604, 0.0666, 0.0521, 0.0732, 0.0418, 0.0765, 0.6295], [0.0623, 0.0469, 0.0359, 0.0614, 0.0473, 0.0424, 0.7038], [0.0485, 0.0387, 0.053, 0.0643, 0.0617, 0.067, 0.6669], [0.0319, 0.0372, 0.0802, 0.0794, 0.0603, 0.0697, 0.6414], [0.0361, 0.0336, 0.0512, 0.0448, 0.0189, 0.0813, 0.7341], [0.0872, 0.0511, 0.0485, 0.0523, 0.0611, 0.0143, 0.6855], [0.0665, 0.067, 0.0356, 0.0338, 0.034, 0.0571, 0.706], [0.0235, 0.0187, 0.0727, 0.0284, 0.0157, 0.0195, 0.8215], [0.069, 0.0492, 0.0338, 0.0815, 0.0415, 0.0437, 0.6814], [0.0156, 0.0281, 0.0294, 0.0419, 0.0322, 0.0814, 0.7714], [0.0332, 0.0658, 0.0229, 0.0246, 0.048, 0.0575, 0.748], [0.0225, 0.0683, 0.0252, 0.0773, 0.0185, 0.0445, 0.7437], [0.0219, 0.0652, 0.0434, 0.0253, 0.0507, 0.034, 0.7595], [0.0571, 0.0518, 0.0614, 0.0636, 0.0149, 0.0136, 0.7376], [0.0709, 0.0314, 0.0423, 0.0237, 0.0483, 0.0538, 0.7295], [0.0431, 0.0134, 0.0529, 0.0222, 0.0354, 0.0699, 0.7631], [0.0773, 0.0429, 0.0126, 0.0363, 0.0781, 0.0292, 0.7236], [0.0728, 0.0434, 0.0155, 0.0519, 0.0628, 0.0636, 0.6901]], "emotions": ["purple", "purple", "purple", "purple", "purple", "purple", "purple", "purple", "purple", "purple", "purple", "purple", "purple", "purple", "purple", "purple", "purple", "purple", "purple", "purple", "purple", "purple", "purple", "purple", "purple", "purple", "purple", "purple", "purple", "purple", "purple", "purple", "purple", "purple", "purple", "purple", "purple", "purple", "purple", "purple", "purple", "purple", "purple", "purple", "purple", "purple", "purple", "purple", "purple", "purple", "purple", "purple", "purple", "purple", "purple", "purple", "purple", "purple", "purple", "purple", "purple", "purple", "purple", "purple", "purple", "purple", "purple", "purple", "purple", "purple", "purple", "purple", "purple", "purple", "purple", "purple", "purple", "purple", "purple", "purple"], "timestamps": [0, 40, 80, 120, 160, 200, 240, 280, 320, 360, 400, 440, 480, 520, 560, 600, 640, 680, 720, 760, 800, 840, 880, 920, 960, 1000, 1040, 1080, 1120, 1160, 1200, 1240, 1280, 1320, 1360, 1400, 1440, 1480, 1520, 1560, 1600, 1640, 1680, 1720, 1760, 1800, 1840, 1880, 1920, 1960, 2000, 2040, 2080, 2120, 2160, 2200, 2240, 2280, 2320, 2360, 2400, 2440, 2480, 2520, 2560, 2600, 2640, 2680, 2720, 2760, 2800, 2840, 2880, 2920, 2960, 3000, 3040, 3080, 3120, 3160]}], "conversation": [], "conversation_timestamps": []}