{"agent_id": "agent-green-1587", "type": "green", "trips": [{"trip_id": 0, "transport_method": "bicycle", "start_time": 0, "path": [[1.5420911, 42.5094882], [1.5418914, 42.51001], [1.5417845, 42.5105486], [1.5419353, 42.5105254], [1.542001, 42.5099706], [1.5420818, 42.5094193], [1.5419208, 42.508897], [1.5413869, 42.5087606], [1.540833, 42.508688], [1.5405541, 42.5085789], [1.5400266, 42.5083949], [1.5394799, 42.5082835], [1.538926, 42.5082224], [1.5383801, 42.5081582], [1.5378275, 42.5081017], [1.5373058, 42.5079017], [1.5378204, 42.5081062], [1.5373683, 42.5080236], [1.5368192, 42.5079205], [1.5362702, 42.5078175], [1.5357211, 42.5077144], [1.5352045, 42.5075046], [1.5346914, 42.5072836], [1.5343906, 42.5072081], [1.5348784, 42.5074775], [1.5354049, 42.5076595], [1.5354033, 42.5075892], [1.5348909, 42.5073666], [1.5343785, 42.5071439], [1.5338598, 42.5069389], [1.5333205, 42.5067928], [1.5327931, 42.5066498], [1.5322396, 42.5066604], [1.5317313, 42.5065972], [1.5312384, 42.5063376], [1.530772, 42.5060301], [1.5303173, 42.5057096], [1.5298149, 42.5055305], [1.5292646, 42.5054341], [1.5287142, 42.5053379], [1.5281608, 42.5052681], [1.5276048, 42.5053154], [1.5270497, 42.5053054], [1.526493, 42.50531], [1.525938, 42.5052948], [1.5253897, 42.5051872], [1.5248415, 42.5050797], [1.5242929, 42.5049745], [1.5237426, 42.5048787], [1.5231926, 42.5047969], [1.5226384, 42.5047273], [1.5220997, 42.5048361], [1.5215919, 42.5046042], [1.5210842, 42.5043711], [1.5205765, 42.5041379], [1.5200688, 42.5039047], [1.5201467, 42.50392], [1.5206631, 42.5041333], [1.5211795, 42.5043465], [1.5217065, 42.5045305], [1.5220466, 42.5048175], [1.5215228, 42.5046232], [1.520999, 42.5044288], [1.5204752, 42.5042345], [1.5199514, 42.5040401], [1.5194276, 42.5038458], [1.5189718, 42.5035482], [1.5184177, 42.5036198], [1.5178636, 42.5036913], [1.5173086, 42.5037471], [1.5167522, 42.5037088], [1.5162228, 42.5035383], [1.5157616, 42.5032244], [1.5152983, 42.5029129], [1.5148245, 42.5026168], [1.5143101, 42.5024348], [1.513794, 42.5022481], [1.5134199, 42.5018364], [1.5129679, 42.5016557], [1.512448, 42.5018549]], "mood_vectors": [[0.0721, 0.0252, 0.0309, 0.0662, 0.0596, 0.0154, 0.7306], [0.0177, 0.0703, 0.0126, 0.0745, 0.0436, 0.0802, 0.701], [0.0284, 0.047, 0.0406, 0.0645, 0.0342, 0.0762, 0.7092], [0.0229, 0.0708, 0.0461, 0.0373, 0.0724, 0.03, 0.7206], [0.0446, 0.0269, 0.0805, 0.0499, 0.0395, 0.0299, 0.7286], [0.0386, 0.0601, 0.0314, 0.0283, 0.0462, 0.048, 0.7475], [0.0341, 0.028, 0.0673, 0.0147, 0.0553, 0.0654, 0.7353], [0.0196, 0.0187, 0.0398, 0.0809, 0.028, 0.0712, 0.7418], [0.037, 0.0468, 0.0544, 0.0272, 0.0215, 0.0356, 0.7775], [0.0715, 0.0227, 0.025, 0.069, 0.0571, 0.06, 0.6947], [0.0589, 0.0226, 0.0681, 0.0596, 0.0634, 0.0667, 0.6608], [0.0404, 0.0184, 0.0552, 0.0392, 0.0322, 0.0765, 0.7382], [0.0505, 0.0374, 0.0307, 0.0408, 0.0585, 0.0265, 0.7556], [0.0505, 0.0292, 0.0381, 0.0509, 0.0586, 0.0462, 0.7265], [0.0489, 0.0407, 0.0817, 0.0743, 0.0475, 0.0762, 0.6307], [0.0655, 0.0374, 0.0163, 0.024, 0.0118, 0.0599, 0.7852], [0.0688, 0.0231, 0.0746, 0.0247, 0.0769, 0.08, 0.6518], [0.0179, 0.0412, 0.0154, 0.0293, 0.0645, 0.0887, 0.743], [0.0336, 0.0419, 0.0169, 0.0471, 0.0641, 0.0464, 0.75], [0.0264, 0.0405, 0.0284, 0.0486, 0.0171, 0.0688, 0.7701], [0.072, 0.0649, 0.0723, 0.0535, 0.035, 0.0251, 0.6771], [0.0197, 0.0556, 0.0735, 0.0298, 0.0844, 0.0617, 0.6753], [0.0614, 0.0245, 0.0749, 0.0253, 0.0532, 0.0393, 0.7214], [0.0376, 0.0221, 0.0473, 0.0896, 0.0671, 0.0701, 0.6662], [0.0149, 0.05, 0.0746, 0.0228, 0.0679, 0.0881, 0.6818], [0.0368, 0.0677, 0.0677, 0.0407, 0.0576, 0.0245, 0.7049], [0.055, 0.0459, 0.0501, 0.0527, 0.0397, 0.0603, 0.6963], [0.0405, 0.0332, 0.0895, 0.0902, 0.0782, 0.0397, 0.6288], [0.057, 0.0219, 0.0546, 0.0262, 0.0692, 0.0346, 0.7365], [0.0197, 0.0576, 0.0909, 0.0164, 0.0356, 0.0386, 0.7413], [0.0486, 0.0304, 0.0897, 0.0251, 0.0172, 0.0265, 0.7626], [0.0611, 0.0907, 0.0254, 0.0279, 0.0284, 0.0413, 0.7252], [0.0484, 0.0637, 0.0783, 0.0382, 0.036, 0.032, 0.7035], [0.0653, 0.0562, 0.0464, 0.0263, 0.0629, 0.0618, 0.6811], [0.0352, 0.0182, 0.0731, 0.0646, 0.0547, 0.0913, 0.6628], [0.093, 0.0891, 0.0325, 0.0401, 0.0632, 0.0708, 0.6113], [0.0381, 0.054, 0.0519, 0.0466, 0.0491, 0.0631, 0.6972], [0.0643, 0.0382, 0.0347, 0.0717, 0.0553, 0.0591, 0.6765], [0.0478, 0.0662, 0.0487, 0.0527, 0.0741, 0.0323, 0.6782], [0.0387, 0.0669, 0.0117, 0.0383, 0.0206, 0.0343, 0.7895], [0.0133, 0.0163, 0.0726, 0.0586, 0.088, 0.045, 0.7061], [0.0276, 0.0617, 0.0766, 0.0711, 0.0518, 0.0214, 0.6897], [0.0395, 0.0506, 0.0265, 0.0445, 0.0653, 0.0223, 0.7513], [0.0624, 0.03, 0.047, 0.0338, 0.0619, 0.0786, 0.6862], [0.0241, 0.0889, 0.0834, 0.068, 0.0691, 0.0579, 0.6087], [0.0308, 0.017, 0.0644, 0.0252, 0.0724, 0.0302, 0.7601], [0.021, 0.0962, 0.0362, 0.0511, 0.081, 0.0146, 0.6999], [0.0708, 0.0178, 0.0375, 0.0178, 0.0799, 0.0213, 0.7549], [0.0745, 0.0498, 0.0435, 0.0358, 0.0801, 0.0545, 0.6618], [0.0667, 0.0267, 0.0502, 0.0735, 0.0198, 0.0531, 0.7099], [0.0413, 0.0308, 0.0619, 0.0446, 0.0684, 0.0535, 0.6995], [0.0798, 0.0258, 0.0737, 0.0494, 0.0648, 0.0696, 0.6369], [0.0529, 0.0495, 0.0792, 0.0833, 0.0484, 0.0535, 0.6332], [0.0261, 0.0446, 0.0689, 0.0716, 0.0207, 0.0251, 0.7431], [0.066, 0.0719, 0.0404, 0.0281, 0.0526, 0.0648, 0.6762], [0.0477, 0.0775, 0.0488, 0.0393, 0.0222, 0.0548, 0.7097], [0.0122, 0.025, 0.0337, 0.0543, 0.0535, 0.0699, 0.7513], [0.088, 0.048, 0.0666, 0.0245, 0.0493, 0.0276, 0.6961], [0.0835, 0.0503, 0.0642, 0.0452, 0.0865, 0.0743, 0.596], [0.0348, 0.0334, 0.0561, 0.0598, 0.0184, 0.0205, 0.7769], [0.0664, 0.0159, 0.0679, 0.0687, 0.0437, 0.0316, 0.7058], [0.0572, 0.0926, 0.0791, 0.0234, 0.0577, 0.0582, 0.6317], [0.0323, 0.0659, 0.0184, 0.062, 0.0633, 0.0259, 0.7322], [0.0482, 0.0634, 0.025, 0.0259, 0.0434, 0.067, 0.7272], [0.0567, 0.0621, 0.0302, 0.0485, 0.0461, 0.0657, 0.6906], [0.0305, 0.0278, 0.0798, 0.0776, 0.0243, 0.0676, 0.6924], [0.0723, 0.0211, 0.0402, 0.0173, 0.083, 0.0868, 0.6794], [0.0526, 0.0415, 0.0519, 0.0546, 0.0556, 0.0214, 0.7224], [0.0606, 0.0223, 0.0605, 0.0775, 0.0764, 0.0292, 0.6734], [0.0432, 0.0307, 0.0177, 0.0383, 0.0189, 0.0179, 0.8333], [0.0372, 0.0539, 0.0208, 0.0892, 0.0205, 0.0209, 0.7575], [0.0361, 0.0613, 0.0365, 0.0279, 0.0466, 0.0537, 0.7379], [0.0233, 0.0459, 0.0254, 0.0377, 0.062, 0.0394, 0.7665], [0.0592, 0.0794, 0.044, 0.0252, 0.0161, 0.06, 0.7161], [0.0922, 0.0211, 0.0325, 0.0508, 0.0741, 0.0374, 0.6919], [0.0176, 0.0383, 0.0174, 0.0736, 0.017, 0.0366, 0.7996], [0.0584, 0.0638, 0.0595, 0.0176, 0.0599, 0.0487, 0.6921], [0.0388, 0.0242, 0.076, 0.0832, 0.0353, 0.046, 0.6965], [0.0587, 0.0847, 0.0588, 0.0702, 0.0566, 0.0285, 0.6425], [0.082, 0.0231, 0.0492, 0.0537, 0.029, 0.0801, 0.6829]], "emotions": ["purple", "purple", "purple", "purple", "purple", "purple", "purple", "purple", "purple", "purple", "purple", "purple", "purple", "purple", "purple", "purple", "purple", "purple", "purple", "purple", "purple", "purple", "purple", "purple", "purple", "purple", "purple", "purple", "purple", "purple", "purple", "purple", "purple", "purple", "purple", "purple", "purple", "purple", "purple", "purple", "purple", "purple", "purple", "purple", "purple", "purple", "purple", "purple", "purple", "purple", "purple", "purple", "purple", "purple", "purple", "purple", "purple", "purple", "purple", "purple", "purple", "purple", "purple", "purple", "purple", "purple", "purple", "purple", "purple", "purple", "purple", "purple", "purple", "purple", "purple", "purple", "purple", "purple", "purple", "purple"], "timestamps": [0, 40, 80, 120, 160, 200, 240, 280, 320, 360, 400, 440, 480, 520, 560, 600, 640, 680, 720, 760, 800, 840, 880, 920, 960, 1000, 1040, 1080, 1120, 1160, 1200, 1240, 1280, 1320, 1360, 1400, 1440, 1480, 1520, 1560, 1600, 1640, 1680, 1720, 1760, 1800, 1840, 1880, 1920, 1960, 2000, 2040, 2080, 2120, 2160, 2200, 2240, 2280, 2320, 2360, 2400, 2440, 2480, 2520, 2560, 2600, 2640, 2680, 2720, 2760, 2800, 2840, 2880, 2920, 2960, 3000, 3040, 3080, 3120, 3160]}], "conversation": [], "conversation_timestamps": []}