{"agent_id": "agent-purple-484", "type": "purple", "trips": [{"trip_id": 0, "transport_method": "car", "start_time": 0, "path": [[1.5354554, 42.5562618], [1.5357133, 42.5562071], [1.534876, 42.5566401], [1.5339489, 42.5561472], [1.5330362, 42.5556044], [1.5325041, 42.5556408], [1.5314428, 42.5556786], [1.5304508, 42.5552835], [1.5295011, 42.5547974], [1.5288231, 42.5539719], [1.5280948, 42.5532021], [1.5272937, 42.5524912], [1.5265114, 42.5518017], [1.5273156, 42.5525001], [1.5281544, 42.5531643], [1.5284036, 42.5534287], [1.5276781, 42.5526409], [1.5269526, 42.5518531], [1.5266864, 42.5510781], [1.5260799, 42.5502068], [1.5255657, 42.5492692], [1.5251997, 42.5482707], [1.5246669, 42.5473869], [1.5247292, 42.5463398], [1.5244, 42.5457427], [1.5238724, 42.5448208], [1.5234385, 42.5438521], [1.5232561, 42.5435287], [1.5229221, 42.5425264], [1.5229826, 42.5414987], [1.5234957, 42.5406556], [1.523262, 42.5402931], [1.5231482, 42.5392346], [1.5232097, 42.5381801], [1.5241377, 42.5376806], [1.5251614, 42.5375501], [1.524992, 42.5368157], [1.5239399, 42.5366255], [1.5230899, 42.5361615], [1.5224072, 42.5353396], [1.5216096, 42.5346729], [1.5209409, 42.533928], [1.5210723, 42.5331135], [1.5211627, 42.5321914], [1.5210327, 42.5312282], [1.5212701, 42.5303893], [1.5219042, 42.529569], [1.5214322, 42.5288436], [1.5209861, 42.5279445], [1.5206598, 42.5270041], [1.5207467, 42.5259366], [1.5207327, 42.5262489], [1.520586, 42.5272771], [1.5206774, 42.5265766], [1.5207437, 42.5255077], [1.520732, 42.5244719], [1.5213454, 42.5235986], [1.5218439, 42.5226698], [1.5225008, 42.5218517], [1.523308, 42.5211661], [1.5236756, 42.5201621], [1.5237838, 42.5201098], [1.5233541, 42.5210897], [1.523741, 42.5201157], [1.5241368, 42.5191205], [1.5248595, 42.5184441], [1.5256523, 42.5177284], [1.5264905, 42.5171197], [1.5274199, 42.5166528], [1.528399, 42.5162387], [1.5291455, 42.5154876], [1.5298706, 42.5147299], [1.5303051, 42.5139174], [1.5305482, 42.5129077], [1.5309343, 42.5119858], [1.5299938, 42.5115344], [1.5295231, 42.5107603], [1.5290897, 42.5099148], [1.5286259, 42.5094874], [1.5293931, 42.5102061]], "mood_vectors": [[0.044, 0.0881, 0.0819, 0.0552, 0.0755, 0.6393, 0.0159], [0.0585, 0.0334, 0.05, 0.0654, 0.0603, 0.6949, 0.0375], [0.029, 0.0413, 0.0184, 0.0396, 0.0765, 0.7732, 0.0221], [0.0423, 0.0362, 0.0809, 0.0794, 0.0513, 0.6676, 0.0421], [0.0729, 0.0502, 0.0144, 0.0284, 0.0869, 0.7216, 0.0256], [0.0375, 0.069, 0.0965, 0.0228, 0.0166, 0.7077, 0.0499], [0.0492, 0.086, 0.0418, 0.0382, 0.0598, 0.66, 0.0651], [0.0289, 0.0786, 0.0357, 0.0504, 0.0173, 0.7629, 0.0261], [0.063, 0.0161, 0.0702, 0.0513, 0.0621, 0.6767, 0.0606], [0.0524, 0.0232, 0.0777, 0.0884, 0.0185, 0.6899, 0.0498], [0.0558, 0.0345, 0.0305, 0.0436, 0.0527, 0.7197, 0.0632], [0.0574, 0.0769, 0.0242, 0.0651, 0.0688, 0.6884, 0.019], [0.018, 0.0175, 0.0737, 0.058, 0.0289, 0.7503, 0.0537], [0.0193, 0.0331, 0.0535, 0.0603, 0.0502, 0.7132, 0.0704], [0.0194, 0.0833, 0.0597, 0.078, 0.0575, 0.6753, 0.0268], [0.0466, 0.0623, 0.0457, 0.0335, 0.0849, 0.7071, 0.02], [0.0475, 0.0137, 0.0713, 0.0574, 0.0783, 0.7086, 0.0231], [0.0777, 0.0278, 0.0515, 0.0416, 0.0735, 0.6636, 0.0643], [0.0384, 0.0344, 0.0824, 0.0689, 0.0532, 0.6919, 0.0309], [0.0869, 0.0732, 0.0153, 0.0299, 0.0555, 0.7039, 0.0354], [0.0779, 0.0762, 0.0262, 0.0923, 0.081, 0.5851, 0.0614], [0.0521, 0.0735, 0.0704, 0.0662, 0.0163, 0.667, 0.0544], [0.0605, 0.0654, 0.0224, 0.0785, 0.0444, 0.674, 0.0549], [0.0592, 0.0529, 0.0509, 0.0265, 0.0681, 0.6859, 0.0565], [0.0165, 0.0306, 0.0631, 0.0298, 0.0821, 0.7313, 0.0466], [0.0585, 0.0287, 0.0866, 0.0143, 0.0432, 0.7447, 0.024], [0.0522, 0.0326, 0.082, 0.0654, 0.0172, 0.672, 0.0786], [0.0489, 0.0205, 0.0713, 0.0794, 0.0189, 0.6732, 0.0879], [0.0529, 0.0417, 0.0744, 0.0552, 0.0411, 0.655, 0.0797], [0.015, 0.022, 0.0197, 0.0572, 0.0752, 0.7402, 0.0706], [0.0448, 0.0534, 0.0533, 0.0805, 0.0567, 0.6868, 0.0246], [0.0659, 0.0412, 0.0401, 0.048, 0.0352, 0.6899, 0.0798], [0.0731, 0.0307, 0.038, 0.046, 0.0311, 0.7299, 0.0513], [0.0588, 0.041, 0.0218, 0.0157, 0.0517, 0.7322, 0.0789], [0.072, 0.0318, 0.0423, 0.0313, 0.0244, 0.7538, 0.0444], [0.0225, 0.0399, 0.0641, 0.0666, 0.0321, 0.7156, 0.0592], [0.0666, 0.0368, 0.0536, 0.0222, 0.0543, 0.7055, 0.0609], [0.0517, 0.0681, 0.0577, 0.0162, 0.0872, 0.6862, 0.0327], [0.0876, 0.0764, 0.0639, 0.0194, 0.0672, 0.6295, 0.0559], [0.0358, 0.0798, 0.048, 0.0734, 0.0297, 0.7098, 0.0235], [0.0327, 0.0132, 0.0276, 0.0752, 0.0372, 0.7335, 0.0806], [0.0399, 0.0143, 0.0191, 0.076, 0.0369, 0.7993, 0.0144], [0.0393, 0.0491, 0.0755, 0.0403, 0.048, 0.7345, 0.0132], [0.0712, 0.0136, 0.0358, 0.0634, 0.0508, 0.74, 0.0252], [0.0379, 0.0705, 0.02, 0.0708, 0.064, 0.6609, 0.0758], [0.0397, 0.0465, 0.0313, 0.0553, 0.0773, 0.7324, 0.0175], [0.0279, 0.0135, 0.037, 0.0498, 0.0129, 0.8458, 0.0131], [0.0695, 0.0123, 0.0256, 0.0468, 0.0561, 0.7598, 0.0299], [0.031, 0.0719, 0.051, 0.0642, 0.0969, 0.6663, 0.0187], [0.0551, 0.0522, 0.0804, 0.0449, 0.075, 0.637, 0.0552], [0.0334, 0.0749, 0.0674, 0.0627, 0.0444, 0.6348, 0.0824], [0.0306, 0.0476, 0.0182, 0.0295, 0.0658, 0.7551, 0.0533], [0.0895, 0.0486, 0.029, 0.0681, 0.0208, 0.7097, 0.0344], [0.0903, 0.0844, 0.071, 0.014, 0.0304, 0.6774, 0.0325], [0.0618, 0.0632, 0.087, 0.0343, 0.0764, 0.6074, 0.0698], [0.0494, 0.0771, 0.0714, 0.0376, 0.0351, 0.6773, 0.0521], [0.0578, 0.0575, 0.044, 0.0803, 0.0603, 0.6406, 0.0596], [0.026, 0.0644, 0.0432, 0.0592, 0.0699, 0.6584, 0.0789], [0.0595, 0.0199, 0.0628, 0.0768, 0.0163, 0.6849, 0.0798], [0.0732, 0.0419, 0.0556, 0.0388, 0.0169, 0.7242, 0.0494], [0.0621, 0.0824, 0.071, 0.0539, 0.0647, 0.6369, 0.029], [0.0468, 0.0669, 0.017, 0.0567, 0.0626, 0.688, 0.0621], [0.0354, 0.0777, 0.0256, 0.014, 0.0256, 0.7485, 0.0732], [0.0945, 0.0799, 0.0345, 0.0326, 0.0483, 0.6482, 0.0621], [0.0603, 0.0766, 0.0261, 0.0113, 0.0728, 0.7002, 0.0528], [0.0304, 0.0582, 0.0715, 0.0252, 0.0614, 0.7261, 0.0273], [0.0721, 0.0664, 0.0279, 0.0381, 0.0817, 0.6297, 0.0842], [0.0433, 0.0543, 0.0601, 0.0805, 0.0557, 0.6624, 0.0438], [0.0312, 0.0487, 0.0367, 0.0975, 0.025, 0.7382, 0.0226], [0.0706, 0.0702, 0.0758, 0.0693, 0.0472, 0.6335, 0.0333], [0.0249, 0.0311, 0.0166, 0.0379, 0.0651, 0.7839, 0.0404], [0.0183, 0.0695, 0.0165, 0.0515, 0.0285, 0.7456, 0.0702], [0.0484, 0.0774, 0.0267, 0.0553, 0.0154, 0.7016, 0.0751], [0.0549, 0.0199, 0.0378, 0.0235, 0.0838, 0.7553, 0.0248], [0.0648, 0.042, 0.0718, 0.0289, 0.0401, 0.6725, 0.08], [0.0323, 0.0239, 0.0607, 0.0447, 0.0523, 0.7465, 0.0395], [0.0255, 0.0246, 0.0513, 0.0585, 0.0586, 0.7388, 0.0428], [0.0237, 0.0744, 0.0807, 0.0811, 0.0592, 0.6454, 0.0355], [0.0566, 0.0314, 0.0148, 0.0652, 0.0497, 0.7621, 0.0202], [0.0465, 0.0341, 0.0858, 0.015, 0.033, 0.7152, 0.0704]], "emotions": ["purple", "purple", "purple", "purple", "purple", "purple", "purple", "purple", "purple", "purple", "purple", "purple", "purple", "purple", "purple", "purple", "purple", "purple", "purple", "purple", "purple", "purple", "purple", "purple", "purple", "purple", "purple", "purple", "purple", "purple", "purple", "purple", "purple", "purple", "purple", "purple", "purple", "purple", "purple", "purple", "purple", "purple", "purple", "purple", "purple", "purple", "purple", "purple", "purple", "purple", "purple", "purple", "purple", "purple", "purple", "purple", "purple", "purple", "purple", "purple", "purple", "purple", "purple", "purple", "purple", "purple", "purple", "purple", "purple", "purple", "purple", "purple", "purple", "purple", "purple", "purple", "purple", "purple", "purple", "purple"], "timestamps": [0, 40, 80, 120, 160, 200, 240, 280, 320, 360, 400, 440, 480, 520, 560, 600, 640, 680, 720, 760, 800, 840, 880, 920, 960, 1000, 1040, 1080, 1120, 1160, 1200, 1240, 1280, 1320, 1360, 1400, 1440, 1480, 1520, 1560, 1600, 1640, 1680, 1720, 1760, 1800, 1840, 1880, 1920, 1960, 2000, 2040, 2080, 2120, 2160, 2200, 2240, 2280, 2320, 2360, 2400, 2440, 2480, 2520, 2560, 2600, 2640, 2680, 2720, 2760, 2800, 2840, 2880, 2920, 2960, 3000, 3040, 3080, 3120, 3160]}], "conversation": [], "conversation_timestamps": []}