{"agent_id": "agent-purple-409", "type": "purple", "trips": [{"trip_id": 0, "transport_method": "car", "start_time": 0, "path": [[1.5210901, 42.5053891], [1.5212149, 42.5051242], [1.5213472, 42.5048943], [1.5216416, 42.504935], [1.5219304, 42.5049375], [1.5221978, 42.5048584], [1.5224891, 42.5049201], [1.5227837, 42.5049635], [1.5230785, 42.5050058], [1.5233361, 42.5051466], [1.5236139, 42.5052502], [1.5238769, 42.5053882], [1.5241548, 42.505478], [1.5243463, 42.5057059], [1.5245276, 42.5059417], [1.5247447, 42.506145], [1.5249798, 42.5063274], [1.5252504, 42.5063041], [1.5255384, 42.5063131], [1.5258296, 42.5063752], [1.5261209, 42.5064373], [1.5264121, 42.5064994], [1.5267033, 42.5065615], [1.5269946, 42.5066236], [1.526745, 42.5066135], [1.5264474, 42.5066021], [1.5261514, 42.5065728], [1.5258598, 42.5065147], [1.5255748, 42.5064297], [1.5253596, 42.506275], [1.5256508, 42.5063373], [1.525942, 42.5063996], [1.5262332, 42.5064619], [1.5265244, 42.5065243], [1.5268155, 42.5065866], [1.5271067, 42.5066489], [1.5273839, 42.5067554], [1.5275971, 42.5069601], [1.5277801, 42.5071913], [1.5280538, 42.5073074], [1.5282951, 42.5074819], [1.5285364, 42.5076564], [1.5287721, 42.5078382], [1.5289985, 42.5080096], [1.5292562, 42.5081588], [1.5294792, 42.5083545], [1.5295753, 42.5084739], [1.529317, 42.508326], [1.529393, 42.5082566], [1.5296282, 42.5084393], [1.5298634, 42.5086219], [1.5301244, 42.5087644], [1.5303827, 42.5089125], [1.5306248, 42.5090823], [1.5305573, 42.5093182], [1.5307944, 42.5093755], [1.5310739, 42.5094783], [1.531352, 42.5095849], [1.5316307, 42.5096895], [1.5319111, 42.5097896], [1.5321955, 42.5098657], [1.5324452, 42.5099917], [1.532683, 42.510171], [1.5329207, 42.5103503], [1.5331846, 42.5104858], [1.5334356, 42.5106439], [1.5336614, 42.5108376], [1.533841, 42.5110745], [1.5340355, 42.5112991], [1.5343014, 42.5113912], [1.5345463, 42.5115604], [1.5347916, 42.5117293], [1.5350473, 42.5118815], [1.5353063, 42.5120285], [1.5355119, 42.5122168], [1.5354956, 42.5125055], [1.5356208, 42.5126721], [1.5358963, 42.5126723], [1.5361467, 42.5125209], [1.5364206, 42.5124046]], "mood_vectors": [[0.0764, 0.0177, 0.0451, 0.0456, 0.0472, 0.6934, 0.0745], [0.0483, 0.0315, 0.0434, 0.0361, 0.0177, 0.7801, 0.0429], [0.0618, 0.0128, 0.0188, 0.0416, 0.041, 0.7495, 0.0745], [0.0378, 0.0692, 0.0274, 0.0763, 0.0714, 0.6735, 0.0444], [0.0864, 0.0282, 0.0153, 0.0298, 0.0494, 0.7368, 0.0541], [0.0367, 0.0335, 0.0252, 0.0592, 0.0872, 0.6703, 0.088], [0.0527, 0.0438, 0.0667, 0.0465, 0.0627, 0.6938, 0.0339], [0.0286, 0.0638, 0.0669, 0.0935, 0.0892, 0.6196, 0.0384], [0.0598, 0.0224, 0.0589, 0.0233, 0.0477, 0.7605, 0.0274], [0.022, 0.0606, 0.0368, 0.0295, 0.0791, 0.7265, 0.0456], [0.0151, 0.0197, 0.0144, 0.071, 0.0283, 0.812, 0.0396], [0.0395, 0.0861, 0.0456, 0.0569, 0.0202, 0.693, 0.0588], [0.0726, 0.0836, 0.0526, 0.0452, 0.066, 0.6488, 0.0312], [0.023, 0.0372, 0.0196, 0.0376, 0.0867, 0.713, 0.0829], [0.0236, 0.0404, 0.0362, 0.0889, 0.076, 0.7107, 0.0241], [0.0126, 0.0425, 0.0837, 0.0662, 0.0315, 0.6881, 0.0753], [0.0159, 0.0213, 0.0736, 0.0415, 0.036, 0.777, 0.0347], [0.0496, 0.0679, 0.0379, 0.0817, 0.0413, 0.6385, 0.0832], [0.0501, 0.0897, 0.0821, 0.0545, 0.0504, 0.6362, 0.0369], [0.0271, 0.0649, 0.024, 0.0228, 0.0136, 0.7658, 0.0817], [0.0526, 0.0643, 0.0673, 0.0832, 0.0297, 0.6491, 0.0539], [0.0489, 0.0652, 0.0476, 0.0725, 0.058, 0.6375, 0.0703], [0.0272, 0.0671, 0.0547, 0.0675, 0.0164, 0.7196, 0.0474], [0.0365, 0.0166, 0.0164, 0.0534, 0.0938, 0.7141, 0.0692], [0.047, 0.0687, 0.0323, 0.0548, 0.0239, 0.689, 0.0843], [0.0607, 0.0723, 0.0417, 0.0494, 0.032, 0.6596, 0.0843], [0.0295, 0.072, 0.0186, 0.0386, 0.0568, 0.7478, 0.0367], [0.0718, 0.079, 0.0233, 0.0533, 0.0624, 0.6376, 0.0725], [0.0217, 0.0717, 0.0957, 0.0243, 0.0474, 0.6926, 0.0465], [0.0773, 0.0608, 0.0621, 0.0283, 0.0276, 0.6622, 0.0817], [0.0449, 0.0212, 0.0522, 0.0269, 0.0441, 0.7156, 0.0951], [0.0477, 0.0334, 0.0215, 0.0412, 0.0527, 0.7761, 0.0274], [0.047, 0.0211, 0.0398, 0.0303, 0.0545, 0.7666, 0.0409], [0.0258, 0.0608, 0.0513, 0.0191, 0.027, 0.7745, 0.0416], [0.077, 0.0459, 0.0444, 0.0768, 0.0467, 0.6353, 0.0738], [0.0306, 0.054, 0.0645, 0.0609, 0.0557, 0.6699, 0.0646], [0.0725, 0.0839, 0.0498, 0.0635, 0.0575, 0.6375, 0.0352], [0.0561, 0.0814, 0.0552, 0.0223, 0.0818, 0.6723, 0.0308], [0.0801, 0.0699, 0.0787, 0.0819, 0.0234, 0.626, 0.0401], [0.021, 0.0661, 0.0534, 0.0373, 0.0668, 0.6852, 0.0702], [0.0238, 0.0881, 0.0372, 0.0392, 0.024, 0.7485, 0.0392], [0.0466, 0.0143, 0.0309, 0.0395, 0.0505, 0.7689, 0.0492], [0.0625, 0.0539, 0.0194, 0.0527, 0.0531, 0.7404, 0.0181], [0.0427, 0.0786, 0.0901, 0.0326, 0.0794, 0.6498, 0.0267], [0.0451, 0.0668, 0.069, 0.0427, 0.0536, 0.6784, 0.0444], [0.0753, 0.0357, 0.0433, 0.0485, 0.0203, 0.7034, 0.0735], [0.0313, 0.0353, 0.0458, 0.0127, 0.0231, 0.7716, 0.0802], [0.0545, 0.0353, 0.0535, 0.0592, 0.0279, 0.7221, 0.0475], [0.0519, 0.0577, 0.0246, 0.0576, 0.0692, 0.6905, 0.0485], [0.0644, 0.015, 0.0415, 0.0751, 0.0819, 0.6628, 0.0591], [0.0424, 0.0176, 0.0514, 0.0322, 0.0726, 0.7468, 0.037], [0.0546, 0.0617, 0.03, 0.0715, 0.0505, 0.6951, 0.0365], [0.0547, 0.0664, 0.0391, 0.054, 0.0658, 0.6746, 0.0452], [0.0158, 0.0462, 0.0681, 0.0762, 0.0429, 0.6677, 0.083], [0.0289, 0.0928, 0.0794, 0.0263, 0.0686, 0.623, 0.081], [0.0827, 0.0675, 0.0197, 0.0435, 0.0145, 0.7144, 0.0577], [0.0663, 0.0408, 0.073, 0.0408, 0.0165, 0.7109, 0.0516], [0.0167, 0.0736, 0.0481, 0.0962, 0.0525, 0.6862, 0.0267], [0.0648, 0.0389, 0.0556, 0.0702, 0.023, 0.709, 0.0386], [0.0229, 0.0541, 0.0329, 0.0892, 0.0667, 0.6462, 0.0879], [0.0853, 0.062, 0.0648, 0.0167, 0.0746, 0.6732, 0.0234], [0.0434, 0.0635, 0.0492, 0.0717, 0.0537, 0.7039, 0.0146], [0.0299, 0.0746, 0.0431, 0.0157, 0.0635, 0.709, 0.0642], [0.0672, 0.0557, 0.0552, 0.0409, 0.0378, 0.6931, 0.0501], [0.0195, 0.0197, 0.0579, 0.0593, 0.0332, 0.7616, 0.0489], [0.076, 0.041, 0.0218, 0.0432, 0.0687, 0.681, 0.0683], [0.0644, 0.0173, 0.0697, 0.0747, 0.0726, 0.6783, 0.0231], [0.067, 0.0578, 0.0651, 0.0605, 0.0189, 0.6998, 0.031], [0.0582, 0.0832, 0.0572, 0.0334, 0.0484, 0.6648, 0.0548], [0.0243, 0.0667, 0.0159, 0.0365, 0.0509, 0.7315, 0.0742], [0.0291, 0.0296, 0.0343, 0.0227, 0.0872, 0.7201, 0.0769], [0.068, 0.0707, 0.0292, 0.0232, 0.0496, 0.7406, 0.0187], [0.0729, 0.0283, 0.0324, 0.047, 0.084, 0.6492, 0.0861], [0.0145, 0.0462, 0.0577, 0.064, 0.0263, 0.7482, 0.043], [0.0853, 0.0887, 0.0738, 0.0737, 0.0237, 0.6092, 0.0455], [0.0615, 0.0812, 0.0216, 0.0557, 0.0569, 0.6464, 0.0767], [0.0674, 0.071, 0.0456, 0.0566, 0.045, 0.7001, 0.0143], [0.0424, 0.0543, 0.0416, 0.0484, 0.0652, 0.6911, 0.057], [0.0722, 0.0338, 0.025, 0.0219, 0.0766, 0.6885, 0.0819], [0.0738, 0.0727, 0.0168, 0.0743, 0.0713, 0.661, 0.0302]], "emotions": ["purple", "purple", "purple", "purple", "purple", "purple", "purple", "purple", "purple", "purple", "purple", "purple", "purple", "purple", "purple", "purple", "purple", "purple", "purple", "purple", "purple", "purple", "purple", "purple", "purple", "purple", "purple", "purple", "purple", "purple", "purple", "purple", "purple", "purple", "purple", "purple", "purple", "purple", "purple", "purple", "purple", "purple", "purple", "purple", "purple", "purple", "purple", "purple", "purple", "purple", "purple", "purple", "purple", "purple", "purple", "purple", "purple", "purple", "purple", "purple", "purple", "purple", "purple", "purple", "purple", "purple", "purple", "purple", "purple", "purple", "purple", "purple", "purple", "purple", "purple", "purple", "purple", "purple", "purple", "purple"], "timestamps": [0, 40, 80, 120, 160, 200, 240, 280, 320, 360, 400, 440, 480, 520, 560, 600, 640, 680, 720, 760, 800, 840, 880, 920, 960, 1000, 1040, 1080, 1120, 1160, 1200, 1240, 1280, 1320, 1360, 1400, 1440, 1480, 1520, 1560, 1600, 1640, 1680, 1720, 1760, 1800, 1840, 1880, 1920, 1960, 2000, 2040, 2080, 2120, 2160, 2200, 2240, 2280, 2320, 2360, 2400, 2440, 2480, 2520, 2560, 2600, 2640, 2680, 2720, 2760, 2800, 2840, 2880, 2920, 2960, 3000, 3040, 3080, 3120, 3160]}], "conversation": [], "conversation_timestamps": []}