{"agent_id": "agent-orange-1383", "type": "orange", "trips": [{"trip_id": 0, "transport_method": "car", "start_time": 0, "path": [[1.526593, 42.5061247], [1.5264712, 42.506066], [1.5263494, 42.5060072], [1.5262276, 42.5059485], [1.5261058, 42.5058898], [1.525984, 42.5058311], [1.5258701, 42.5058375], [1.5257658, 42.5059236], [1.5256615, 42.5060097], [1.5255572, 42.5060957], [1.5254529, 42.5061818], [1.5253486, 42.5062679], [1.5253016, 42.5063938], [1.5252606, 42.5065224], [1.5252321, 42.5066546], [1.5252037, 42.5067868], [1.5251752, 42.506919], [1.5251468, 42.5070512], [1.5250277, 42.5069975], [1.5249061, 42.5069385], [1.5247844, 42.5068794], [1.5246549, 42.5068633], [1.5245202, 42.5068753], [1.5243855, 42.5068872], [1.5242509, 42.5068992], [1.5241198, 42.5068684], [1.523989, 42.5068342], [1.5238582, 42.5067999], [1.5237274, 42.5067656], [1.5235966, 42.5067313], [1.5234658, 42.506697], [1.5233344, 42.5066652], [1.5232013, 42.5066416], [1.5230681, 42.5066181], [1.522935, 42.5065946], [1.5228018, 42.506571], [1.5226723, 42.5065324], [1.5225429, 42.506493], [1.5224136, 42.5064537], [1.5222842, 42.5064143], [1.5221548, 42.5063749], [1.5220255, 42.5063355], [1.5218961, 42.5062961], [1.5217668, 42.5062567], [1.5217137, 42.5063605], [1.5216743, 42.5064898], [1.5216221, 42.5066024], [1.521487, 42.5066044], [1.521371, 42.5066601], [1.5212751, 42.5067553], [1.5211767, 42.506848], [1.5210782, 42.5069407], [1.5209795, 42.5070331], [1.5208801, 42.5071248], [1.5207795, 42.5072145], [1.5206457, 42.5072266], [1.5205241, 42.5072752], [1.5204187, 42.5073599], [1.5202943, 42.5073961], [1.5201594, 42.5074056], [1.5200245, 42.5074152], [1.5198898, 42.5074272], [1.5197627, 42.5074061], [1.5196465, 42.5073369], [1.5195304, 42.5072677], [1.5194141, 42.5071988], [1.5192926, 42.5071394], [1.5191699, 42.5070826], [1.5190511, 42.5070185], [1.5189603, 42.5069215], [1.5188817, 42.5068114], [1.5187761, 42.5068196], [1.5186574, 42.5068844], [1.5185285, 42.5068719], [1.5183993, 42.5068323], [1.5182741, 42.5067813], [1.5181528, 42.5067215], [1.5180319, 42.506661], [1.5179002, 42.5066321], [1.5177675, 42.5066056]], "mood_vectors": [[0.0218, 0.0368, 0.0572, 0.0949, 0.6796, 0.0405, 0.0692], [0.0429, 0.0716, 0.0966, 0.0522, 0.6529, 0.0496, 0.0343], [0.0157, 0.0263, 0.0622, 0.0496, 0.6904, 0.0971, 0.0587], [0.0668, 0.068, 0.0188, 0.0139, 0.7117, 0.0477, 0.073], [0.0205, 0.0481, 0.0197, 0.0729, 0.688, 0.0789, 0.072], [0.091, 0.044, 0.032, 0.0516, 0.6637, 0.0571, 0.0607], [0.07, 0.0374, 0.0461, 0.0442, 0.6817, 0.0689, 0.0515], [0.0772, 0.0769, 0.0232, 0.0619, 0.6607, 0.0818, 0.0183], [0.0256, 0.0427, 0.0703, 0.0467, 0.7493, 0.0385, 0.0269], [0.0636, 0.0669, 0.0315, 0.0383, 0.714, 0.0651, 0.0207], [0.0783, 0.0812, 0.0358, 0.0468, 0.6618, 0.0771, 0.019], [0.0451, 0.0388, 0.0432, 0.0328, 0.6924, 0.0867, 0.0611], [0.0197, 0.0768, 0.0601, 0.0546, 0.6279, 0.0781, 0.0828], [0.0175, 0.0532, 0.0738, 0.0712, 0.6777, 0.0674, 0.0393], [0.0833, 0.0457, 0.0271, 0.049, 0.7118, 0.0505, 0.0327], [0.0306, 0.0735, 0.0586, 0.0546, 0.7218, 0.027, 0.0339], [0.0818, 0.0771, 0.0564, 0.0303, 0.6211, 0.0798, 0.0536], [0.0788, 0.0669, 0.0634, 0.0665, 0.6607, 0.0435, 0.0202], [0.0663, 0.0789, 0.0824, 0.0445, 0.6511, 0.0286, 0.0481], [0.0514, 0.0433, 0.0579, 0.0338, 0.7752, 0.0242, 0.0143], [0.049, 0.0465, 0.0782, 0.0449, 0.6909, 0.0373, 0.0532], [0.0585, 0.0466, 0.0235, 0.0344, 0.7573, 0.0638, 0.0158], [0.0733, 0.0218, 0.0773, 0.0343, 0.6781, 0.0459, 0.0694], [0.0673, 0.0515, 0.0186, 0.0622, 0.7429, 0.0328, 0.0247], [0.041, 0.0431, 0.0768, 0.0719, 0.672, 0.0253, 0.0698], [0.0885, 0.0585, 0.0232, 0.0174, 0.6798, 0.0454, 0.0872], [0.0593, 0.0695, 0.0795, 0.0583, 0.6041, 0.0698, 0.0593], [0.0224, 0.0406, 0.0141, 0.0243, 0.8252, 0.0279, 0.0456], [0.0659, 0.0674, 0.0661, 0.0513, 0.6174, 0.0691, 0.0628], [0.0763, 0.073, 0.0625, 0.0692, 0.6389, 0.0217, 0.0585], [0.0488, 0.0215, 0.0608, 0.0424, 0.7448, 0.0664, 0.0153], [0.0478, 0.0519, 0.0738, 0.0348, 0.7511, 0.0236, 0.017], [0.0177, 0.0436, 0.0614, 0.0442, 0.736, 0.0304, 0.0668], [0.0773, 0.0589, 0.0757, 0.0125, 0.7184, 0.0126, 0.0446], [0.0753, 0.0639, 0.0716, 0.0596, 0.6072, 0.0497, 0.0727], [0.0475, 0.0577, 0.0503, 0.0395, 0.7361, 0.056, 0.0128], [0.0744, 0.0642, 0.0189, 0.0777, 0.679, 0.0309, 0.0549], [0.0571, 0.0171, 0.0732, 0.0252, 0.737, 0.0317, 0.0587], [0.0472, 0.0144, 0.0712, 0.0246, 0.7515, 0.0718, 0.0193], [0.0715, 0.0521, 0.0281, 0.0547, 0.6956, 0.0711, 0.0269], [0.0411, 0.0219, 0.0619, 0.0538, 0.7214, 0.0386, 0.0613], [0.0861, 0.0823, 0.0172, 0.0561, 0.5967, 0.0714, 0.0903], [0.0218, 0.0727, 0.0498, 0.0134, 0.7495, 0.0356, 0.0571], [0.0339, 0.0465, 0.0721, 0.0849, 0.7067, 0.0282, 0.0277], [0.0398, 0.057, 0.016, 0.0293, 0.72, 0.0625, 0.0753], [0.0557, 0.0272, 0.0323, 0.0664, 0.6878, 0.0834, 0.0472], [0.0158, 0.0294, 0.0396, 0.0846, 0.7168, 0.0657, 0.0481], [0.0497, 0.0817, 0.0392, 0.0167, 0.6955, 0.0427, 0.0745], [0.0223, 0.0165, 0.0742, 0.0698, 0.7013, 0.0676, 0.0483], [0.0164, 0.0761, 0.0613, 0.0358, 0.6961, 0.0468, 0.0675], [0.0544, 0.0762, 0.0258, 0.0148, 0.7542, 0.0204, 0.0543], [0.0771, 0.0827, 0.0409, 0.0725, 0.6174, 0.0768, 0.0327], [0.0276, 0.0305, 0.046, 0.0414, 0.777, 0.0169, 0.0607], [0.0239, 0.0924, 0.032, 0.0604, 0.6753, 0.0826, 0.0333], [0.0828, 0.0762, 0.0224, 0.0907, 0.6352, 0.0586, 0.0341], [0.079, 0.0529, 0.0465, 0.0679, 0.6924, 0.0264, 0.035], [0.0603, 0.0392, 0.0631, 0.0546, 0.7084, 0.0594, 0.015], [0.0239, 0.0433, 0.0459, 0.0796, 0.7384, 0.023, 0.0459], [0.0378, 0.0245, 0.0498, 0.0746, 0.7003, 0.031, 0.0819], [0.0157, 0.0407, 0.0336, 0.0729, 0.733, 0.0582, 0.046], [0.0853, 0.0733, 0.0623, 0.0267, 0.6229, 0.0432, 0.0862], [0.063, 0.0148, 0.0234, 0.0594, 0.7206, 0.0844, 0.0343], [0.0706, 0.0932, 0.0153, 0.0552, 0.6203, 0.0892, 0.0563], [0.0175, 0.0357, 0.0133, 0.0729, 0.7347, 0.0758, 0.05], [0.0587, 0.0607, 0.0776, 0.0587, 0.7043, 0.0238, 0.0162], [0.0185, 0.0134, 0.0777, 0.0144, 0.754, 0.0602, 0.0618], [0.0892, 0.0451, 0.0381, 0.0846, 0.6589, 0.0396, 0.0445], [0.0611, 0.0214, 0.0762, 0.0392, 0.6983, 0.0318, 0.0721], [0.0498, 0.0313, 0.0627, 0.0466, 0.6927, 0.0664, 0.0505], [0.0182, 0.05, 0.0813, 0.0179, 0.7162, 0.0531, 0.0633], [0.0525, 0.0241, 0.0643, 0.0547, 0.7119, 0.0534, 0.0392], [0.0212, 0.0632, 0.0322, 0.0706, 0.6592, 0.0713, 0.0823], [0.049, 0.068, 0.062, 0.0794, 0.6585, 0.0619, 0.0213], [0.0474, 0.0357, 0.0938, 0.0265, 0.6682, 0.0745, 0.0539], [0.0436, 0.0344, 0.0253, 0.0334, 0.8104, 0.0336, 0.0193], [0.0203, 0.0189, 0.0757, 0.0493, 0.7168, 0.0719, 0.0471], [0.0649, 0.0705, 0.0501, 0.0688, 0.6804, 0.0302, 0.0351], [0.0743, 0.0302, 0.0886, 0.0414, 0.7046, 0.0326, 0.0283], [0.0433, 0.0585, 0.0172, 0.0299, 0.7376, 0.0855, 0.028], [0.0251, 0.0744, 0.0386, 0.0137, 0.7463, 0.0785, 0.0234]], "emotions": ["red", "red", "red", "red", "red", "red", "red", "red", "red", "red", "red", "red", "red", "red", "red", "red", "red", "red", "red", "red", "red", "red", "red", "red", "red", "red", "red", "red", "red", "red", "red", "red", "red", "red", "red", "red", "red", "red", "red", "red", "red", "red", "red", "red", "red", "red", "red", "red", "red", "red", "red", "red", "red", "red", "red", "red", "red", "red", "red", "red", "red", "red", "red", "red", "red", "red", "red", "red", "red", "red", "red", "red", "red", "red", "red", "red", "red", "red", "red", "red"], "timestamps": [0, 40, 80, 120, 160, 200, 240, 280, 320, 360, 400, 440, 480, 520, 560, 600, 640, 680, 720, 760, 800, 840, 880, 920, 960, 1000, 1040, 1080, 1120, 1160, 1200, 1240, 1280, 1320, 1360, 1400, 1440, 1480, 1520, 1560, 1600, 1640, 1680, 1720, 1760, 1800, 1840, 1880, 1920, 1960, 2000, 2040, 2080, 2120, 2160, 2200, 2240, 2280, 2320, 2360, 2400, 2440, 2480, 2520, 2560, 2600, 2640, 2680, 2720, 2760, 2800, 2840, 2880, 2920, 2960, 3000, 3040, 3080, 3120, 3160]}], "conversation": [], "conversation_timestamps": []}