{"agent_id": "agent-blue-75", "type": "blue", "trips": [{"trip_id": 0, "transport_method": "foot", "start_time": 0, "path": [[1.5200045, 42.5063094], [1.5200676, 42.5062133], [1.5201416, 42.5061402], [1.5202559, 42.5061523], [1.5203618, 42.5061942], [1.5203947, 42.5062475], [1.520419, 42.5063197], [1.5204999, 42.5063911], [1.5205346, 42.5065007], [1.5205694, 42.5066102], [1.5206655, 42.506633], [1.5207804, 42.5066293], [1.5208953, 42.5066256], [1.5210102, 42.5066219], [1.5211251, 42.5066182], [1.5212399, 42.5066145], [1.5213548, 42.5066108], [1.5214697, 42.5066071], [1.5215324, 42.5066038], [1.5214195, 42.5066194], [1.5213368, 42.5066954], [1.5212541, 42.5067752], [1.5211704, 42.5068539], [1.5210867, 42.5069327], [1.521011, 42.5070035], [1.5210914, 42.5069214], [1.5211717, 42.5068392], [1.5212521, 42.506757], [1.5213325, 42.5066748], [1.5214128, 42.5065926], [1.5214932, 42.5065105], [1.5215736, 42.5064283], [1.5216539, 42.5063461], [1.5217343, 42.5062639], [1.521789, 42.5061638], [1.5218388, 42.5060602], [1.5218887, 42.5059566], [1.5219385, 42.505853], [1.5219884, 42.5057495], [1.5220382, 42.5056459], [1.5220616, 42.5055355], [1.5220682, 42.5054207], [1.5220748, 42.505306], [1.5220813, 42.5051912], [1.5220879, 42.5050765], [1.5220933, 42.5049617], [1.5220976, 42.5048468], [1.5220205, 42.5047661], [1.5219354, 42.5046888], [1.5218504, 42.5046114], [1.5217654, 42.504534], [1.5217004, 42.5044677], [1.5218114, 42.5044978], [1.5219242, 42.5045197], [1.5220309, 42.5045347], [1.5220558, 42.5046469], [1.5220807, 42.5047591], [1.5220695, 42.5048152], [1.5219778, 42.5047459], [1.5218861, 42.5046766], [1.5217944, 42.5046073], [1.5217027, 42.504538], [1.521611, 42.5044687], [1.5215192, 42.5043995], [1.5214655, 42.5043039], [1.5214645, 42.504189], [1.5215162, 42.5040971], [1.5215087, 42.5039824], [1.5214856, 42.5038705], [1.5214527, 42.5037604], [1.5214013, 42.5036576], [1.5213484, 42.5035557], [1.521283, 42.5034611], [1.5212148, 42.5033687], [1.5213237, 42.5033324], [1.5214319, 42.5032938], [1.5215395, 42.5032534], [1.5216135, 42.5031812], [1.521546, 42.5030916], [1.5214435, 42.5030437]], "mood_vectors": [[0.0448, 0.068, 0.0393, 0.6911, 0.0579, 0.039, 0.06], [0.09, 0.0668, 0.0315, 0.608, 0.0193, 0.0927, 0.0917], [0.0661, 0.0488, 0.0868, 0.6036, 0.0771, 0.0857, 0.0319], [0.029, 0.0495, 0.0159, 0.7743, 0.0865, 0.0233, 0.0215], [0.0352, 0.0385, 0.0624, 0.7288, 0.0306, 0.0446, 0.06], [0.0602, 0.0609, 0.0772, 0.7218, 0.0193, 0.024, 0.0365], [0.0722, 0.074, 0.0227, 0.6818, 0.066, 0.0498, 0.0335], [0.0761, 0.0646, 0.0539, 0.6339, 0.0494, 0.0562, 0.0659], [0.0266, 0.0552, 0.0583, 0.7272, 0.0704, 0.0118, 0.0505], [0.0674, 0.0372, 0.0665, 0.6524, 0.0459, 0.0593, 0.0713], [0.0729, 0.0335, 0.0128, 0.7202, 0.0725, 0.0547, 0.0333], [0.075, 0.0419, 0.0635, 0.6714, 0.0322, 0.0372, 0.0789], [0.0416, 0.0349, 0.0556, 0.7177, 0.0173, 0.0506, 0.0823], [0.0528, 0.0267, 0.0283, 0.681, 0.041, 0.0928, 0.0775], [0.0951, 0.0905, 0.0332, 0.6892, 0.0259, 0.0146, 0.0515], [0.0145, 0.0648, 0.0645, 0.6733, 0.0736, 0.0498, 0.0595], [0.069, 0.0329, 0.0565, 0.7364, 0.039, 0.0336, 0.0326], [0.0539, 0.0558, 0.0188, 0.7245, 0.0699, 0.0157, 0.0614], [0.0414, 0.0647, 0.0138, 0.6968, 0.0638, 0.0667, 0.0529], [0.0426, 0.084, 0.041, 0.6393, 0.0826, 0.0847, 0.0258], [0.0295, 0.0337, 0.0772, 0.7801, 0.0263, 0.0204, 0.0327], [0.0945, 0.039, 0.0766, 0.6054, 0.0795, 0.0606, 0.0443], [0.0508, 0.0604, 0.0302, 0.7551, 0.0335, 0.0203, 0.0497], [0.0873, 0.0525, 0.0417, 0.6106, 0.0753, 0.0618, 0.0708], [0.0435, 0.0716, 0.0421, 0.6526, 0.0693, 0.0709, 0.0499], [0.0145, 0.0681, 0.057, 0.6508, 0.0695, 0.0803, 0.0597], [0.0572, 0.0745, 0.0232, 0.6908, 0.0223, 0.0453, 0.0868], [0.0553, 0.0537, 0.0526, 0.693, 0.0534, 0.0795, 0.0125], [0.0534, 0.0166, 0.0231, 0.834, 0.0159, 0.0408, 0.0162], [0.0599, 0.0485, 0.0208, 0.7495, 0.0282, 0.0589, 0.0342], [0.0519, 0.0348, 0.0551, 0.697, 0.0505, 0.031, 0.0797], [0.027, 0.0734, 0.0659, 0.7246, 0.0314, 0.0156, 0.062], [0.0614, 0.0842, 0.0649, 0.6537, 0.0514, 0.0359, 0.0485], [0.0389, 0.0278, 0.0728, 0.7244, 0.0152, 0.0382, 0.0827], [0.0813, 0.0306, 0.0389, 0.7481, 0.0124, 0.0184, 0.0702], [0.0566, 0.0602, 0.0731, 0.6992, 0.0379, 0.0365, 0.0366], [0.0821, 0.0808, 0.0159, 0.7082, 0.0152, 0.055, 0.0428], [0.0489, 0.0389, 0.0552, 0.6612, 0.0777, 0.0503, 0.0678], [0.0195, 0.057, 0.0485, 0.7408, 0.0236, 0.0544, 0.0563], [0.0324, 0.021, 0.0567, 0.733, 0.0483, 0.0721, 0.0365], [0.0522, 0.0133, 0.0428, 0.7812, 0.0302, 0.0164, 0.064], [0.0306, 0.0727, 0.0341, 0.7542, 0.0208, 0.069, 0.0186], [0.0465, 0.0669, 0.032, 0.6529, 0.0923, 0.0875, 0.022], [0.0798, 0.0324, 0.0607, 0.6624, 0.032, 0.0907, 0.0419], [0.0509, 0.0842, 0.0744, 0.603, 0.0428, 0.0748, 0.07], [0.0445, 0.0583, 0.0707, 0.6547, 0.0416, 0.0777, 0.0525], [0.0507, 0.0665, 0.0818, 0.7319, 0.0151, 0.0157, 0.0383], [0.0549, 0.0725, 0.0577, 0.7177, 0.0188, 0.0424, 0.0359], [0.0712, 0.0673, 0.0288, 0.6211, 0.0762, 0.0603, 0.0752], [0.0173, 0.0508, 0.0714, 0.7054, 0.0717, 0.0556, 0.0279], [0.0655, 0.0583, 0.0631, 0.6831, 0.0626, 0.017, 0.0504], [0.0806, 0.0706, 0.0787, 0.598, 0.0402, 0.074, 0.0578], [0.0231, 0.0217, 0.0142, 0.7764, 0.0905, 0.0485, 0.0257], [0.041, 0.0496, 0.0315, 0.7212, 0.0574, 0.0277, 0.0717], [0.0316, 0.0899, 0.0543, 0.6104, 0.0631, 0.0865, 0.0643], [0.0618, 0.033, 0.0812, 0.7019, 0.0298, 0.0722, 0.0201], [0.031, 0.0526, 0.0385, 0.713, 0.0689, 0.0242, 0.0719], [0.0453, 0.0269, 0.0562, 0.7229, 0.0722, 0.0579, 0.0186], [0.034, 0.023, 0.048, 0.7221, 0.0222, 0.1042, 0.0466], [0.0201, 0.0445, 0.0125, 0.8295, 0.0332, 0.0258, 0.0345], [0.0557, 0.0268, 0.0252, 0.6749, 0.0701, 0.079, 0.0684], [0.0438, 0.0623, 0.0913, 0.6942, 0.0262, 0.027, 0.0552], [0.0831, 0.0862, 0.0821, 0.6279, 0.0271, 0.0285, 0.0651], [0.0655, 0.0512, 0.014, 0.759, 0.0474, 0.015, 0.0478], [0.0227, 0.0567, 0.0193, 0.7631, 0.041, 0.0432, 0.054], [0.0212, 0.0278, 0.1015, 0.7372, 0.0409, 0.0472, 0.0241], [0.0427, 0.0442, 0.0216, 0.7306, 0.0733, 0.0403, 0.0473], [0.0842, 0.0302, 0.0534, 0.6528, 0.0846, 0.0757, 0.019], [0.088, 0.0679, 0.0455, 0.7041, 0.0236, 0.0393, 0.0315], [0.0598, 0.0361, 0.0242, 0.7579, 0.0367, 0.0545, 0.0309], [0.0193, 0.0595, 0.0325, 0.7432, 0.0732, 0.0276, 0.0448], [0.0552, 0.014, 0.0634, 0.7759, 0.0192, 0.0531, 0.019], [0.0471, 0.0534, 0.0468, 0.6752, 0.081, 0.0772, 0.0193], [0.0228, 0.0643, 0.0735, 0.693, 0.0599, 0.0305, 0.056], [0.0597, 0.0937, 0.0529, 0.6373, 0.0495, 0.0204, 0.0864], [0.0331, 0.0829, 0.0535, 0.6915, 0.0777, 0.0373, 0.0239], [0.0274, 0.0295, 0.0856, 0.7291, 0.0628, 0.0507, 0.015], [0.0908, 0.0364, 0.0417, 0.7042, 0.0683, 0.0448, 0.0139], [0.0742, 0.07, 0.0651, 0.6217, 0.0837, 0.0538, 0.0315], [0.0438, 0.0657, 0.0269, 0.7355, 0.0646, 0.0414, 0.0221]], "emotions": ["green", "green", "green", "green", "green", "green", "green", "green", "green", "green", "green", "green", "green", "green", "green", "green", "green", "green", "green", "green", "green", "green", "green", "green", "green", "green", "green", "green", "green", "green", "green", "green", "green", "green", "green", "green", "green", "green", "green", "green", "green", "green", "green", "green", "green", "green", "green", "green", "green", "green", "green", "green", "green", "green", "green", "green", "green", "green", "green", "green", "green", "green", "green", "green", "green", "green", "green", "green", "green", "green", "green", "green", "green", "green", "green", "green", "green", "green", "green", "green"], "timestamps": [0, 40, 80, 120, 160, 200, 240, 280, 320, 360, 400, 440, 480, 520, 560, 600, 640, 680, 720, 760, 800, 840, 880, 920, 960, 1000, 1040, 1080, 1120, 1160, 1200, 1240, 1280, 1320, 1360, 1400, 1440, 1480, 1520, 1560, 1600, 1640, 1680, 1720, 1760, 1800, 1840, 1880, 1920, 1960, 2000, 2040, 2080, 2120, 2160, 2200, 2240, 2280, 2320, 2360, 2400, 2440, 2480, 2520, 2560, 2600, 2640, 2680, 2720, 2760, 2800, 2840, 2880, 2920, 2960, 3000, 3040, 3080, 3120, 3160]}], "conversation": [], "conversation_timestamps": []}