{"agent_id": "agent-orange-883", "type": "orange", "trips": [{"trip_id": 0, "transport_method": "car", "start_time": 0, "path": [[1.5177675, 42.5066056], [1.5191216, 42.5070604], [1.5205777, 42.5074703], [1.5220351, 42.507744], [1.5235662, 42.5077985], [1.525109, 42.5079837], [1.5265361, 42.5084947], [1.5280079, 42.5088992], [1.5291405, 42.5099649], [1.5297052, 42.5111168], [1.5309293, 42.5119781], [1.5303378, 42.5133418], [1.5299374, 42.5146805], [1.5288722, 42.515796], [1.5275131, 42.5165809], [1.5263803, 42.5171924], [1.527753, 42.5165119], [1.5287828, 42.5158572], [1.5274668, 42.5167124], [1.5261508, 42.5175676], [1.5248347, 42.5184228], [1.5256452, 42.5177363], [1.5256497, 42.5177618], [1.5243802, 42.518684], [1.5238081, 42.5200093], [1.5231205, 42.5214062], [1.5219507, 42.5224261], [1.5211943, 42.5237743], [1.5206163, 42.5251856], [1.5202841, 42.5266778], [1.5203322, 42.5280293], [1.5204804, 42.5294792], [1.5197924, 42.5305742], [1.5195697, 42.5320709], [1.5195224, 42.533569], [1.5202905, 42.5348197], [1.5211444, 42.5358491], [1.5201435, 42.5369901], [1.5195518, 42.5384401], [1.5193824, 42.5399787], [1.5189876, 42.5412904], [1.5183176, 42.5416067], [1.5185532, 42.5414985], [1.517388, 42.542467], [1.5164379, 42.5436722], [1.5153661, 42.5448079], [1.5145507, 42.5460037], [1.5135436, 42.5471671], [1.5129678, 42.5485256], [1.5119596, 42.5496155], [1.5107644, 42.5506202], [1.5095392, 42.5515789], [1.5087787, 42.55212], [1.5083795, 42.552464], [1.5072222, 42.5535235], [1.5066259, 42.5548594], [1.5058407, 42.5561991], [1.5048549, 42.557402], [1.5045401, 42.5588594], [1.5031734, 42.5595421], [1.5019272, 42.5604544], [1.5005748, 42.5612261], [1.499374, 42.5616954], [1.4978203, 42.5614799], [1.4963528, 42.5616952], [1.4951994, 42.5627304], [1.4939149, 42.5635624], [1.4924754, 42.5641509], [1.491407, 42.5652975], [1.4903142, 42.5664166], [1.4892751, 42.5675839], [1.4884601, 42.5689023], [1.488633, 42.5684008], [1.4878169, 42.5696907], [1.4891141, 42.5692123], [1.4904923, 42.5694945], [1.491267, 42.568304], [1.4914699, 42.5690486], [1.4915742, 42.5700849], [1.4913623, 42.5698892]], "mood_vectors": [[0.0606, 0.0457, 0.0507, 0.0601, 0.7075, 0.0349, 0.0405], [0.0726, 0.0768, 0.0675, 0.0504, 0.5794, 0.0729, 0.0803], [0.0594, 0.0136, 0.0748, 0.0748, 0.7334, 0.0235, 0.0205], [0.0486, 0.0388, 0.0325, 0.049, 0.7185, 0.0764, 0.0362], [0.1028, 0.0282, 0.0549, 0.061, 0.6678, 0.0302, 0.0551], [0.0204, 0.0708, 0.0412, 0.019, 0.7576, 0.0698, 0.0212], [0.0772, 0.0791, 0.0283, 0.039, 0.6894, 0.0178, 0.0693], [0.0298, 0.0642, 0.0568, 0.0181, 0.6953, 0.0561, 0.0797], [0.0464, 0.0109, 0.0645, 0.0729, 0.7003, 0.0464, 0.0586], [0.0766, 0.0317, 0.0153, 0.0879, 0.6896, 0.0272, 0.0716], [0.0165, 0.0596, 0.024, 0.0767, 0.7756, 0.0316, 0.016], [0.0216, 0.0608, 0.0181, 0.0727, 0.7119, 0.0689, 0.046], [0.0337, 0.0761, 0.0596, 0.0671, 0.6892, 0.0302, 0.0442], [0.066, 0.0285, 0.014, 0.061, 0.7003, 0.0605, 0.0697], [0.0156, 0.0234, 0.0205, 0.0306, 0.8441, 0.05, 0.0157], [0.0222, 0.0419, 0.0713, 0.0353, 0.7051, 0.0505, 0.0737], [0.0605, 0.0854, 0.0356, 0.0583, 0.652, 0.0462, 0.0621], [0.0953, 0.0153, 0.0429, 0.0373, 0.7449, 0.0378, 0.0266], [0.0821, 0.0342, 0.0281, 0.0151, 0.713, 0.0712, 0.0564], [0.0379, 0.0291, 0.0805, 0.0548, 0.6661, 0.0766, 0.055], [0.0845, 0.0602, 0.0907, 0.0581, 0.6447, 0.0391, 0.0228], [0.0307, 0.0696, 0.0588, 0.0384, 0.6652, 0.0645, 0.0727], [0.0699, 0.055, 0.0661, 0.0392, 0.6386, 0.0571, 0.0742], [0.0344, 0.0229, 0.0681, 0.0691, 0.7096, 0.0664, 0.0295], [0.0626, 0.0848, 0.0433, 0.0618, 0.6746, 0.0346, 0.0383], [0.1074, 0.0534, 0.0388, 0.0461, 0.6755, 0.0408, 0.038], [0.0761, 0.0636, 0.0786, 0.053, 0.6217, 0.0379, 0.0691], [0.046, 0.0614, 0.0136, 0.0475, 0.7426, 0.0275, 0.0615], [0.0421, 0.0367, 0.0277, 0.0293, 0.8188, 0.019, 0.0265], [0.0417, 0.0639, 0.0309, 0.0548, 0.7331, 0.036, 0.0396], [0.0532, 0.0668, 0.0169, 0.0462, 0.7213, 0.0355, 0.06], [0.0469, 0.0481, 0.0188, 0.0392, 0.7506, 0.0672, 0.0291], [0.0278, 0.0465, 0.0441, 0.0755, 0.6829, 0.0777, 0.0454], [0.0459, 0.073, 0.0299, 0.0292, 0.7175, 0.0749, 0.0296], [0.0426, 0.0573, 0.0101, 0.0656, 0.6938, 0.0638, 0.0668], [0.0733, 0.0637, 0.0554, 0.0646, 0.6676, 0.0281, 0.0472], [0.0332, 0.0221, 0.0682, 0.0478, 0.7444, 0.0513, 0.033], [0.0231, 0.035, 0.0829, 0.0664, 0.6758, 0.0747, 0.0421], [0.0598, 0.0624, 0.0675, 0.0429, 0.6796, 0.015, 0.0729], [0.0958, 0.0589, 0.0351, 0.0306, 0.6236, 0.0678, 0.0882], [0.0597, 0.0657, 0.0724, 0.0646, 0.6313, 0.0422, 0.0641], [0.0497, 0.0245, 0.0136, 0.0647, 0.7291, 0.0405, 0.0779], [0.0644, 0.0181, 0.08, 0.0212, 0.7358, 0.032, 0.0485], [0.0633, 0.0636, 0.0431, 0.0625, 0.6371, 0.0575, 0.0729], [0.0436, 0.0481, 0.0608, 0.0485, 0.72, 0.0584, 0.0206], [0.0526, 0.052, 0.0633, 0.0155, 0.7038, 0.0343, 0.0785], [0.0242, 0.0666, 0.0371, 0.0667, 0.7265, 0.0328, 0.0461], [0.031, 0.0443, 0.0713, 0.047, 0.7196, 0.0692, 0.0176], [0.0735, 0.017, 0.048, 0.0604, 0.696, 0.0269, 0.0782], [0.0296, 0.0591, 0.0711, 0.0233, 0.7206, 0.0258, 0.0705], [0.0496, 0.051, 0.048, 0.0279, 0.752, 0.0268, 0.0448], [0.0871, 0.0277, 0.044, 0.0419, 0.7381, 0.0434, 0.0178], [0.0598, 0.0615, 0.0139, 0.0339, 0.7372, 0.0403, 0.0534], [0.0357, 0.0215, 0.0597, 0.0548, 0.783, 0.0215, 0.0238], [0.0557, 0.0668, 0.0382, 0.0401, 0.725, 0.0343, 0.0397], [0.046, 0.0413, 0.0646, 0.0648, 0.7318, 0.0184, 0.0331], [0.0915, 0.0858, 0.0935, 0.0578, 0.5604, 0.0654, 0.0457], [0.0195, 0.0136, 0.0172, 0.0622, 0.7498, 0.0628, 0.0749], [0.0373, 0.0596, 0.0628, 0.0603, 0.6892, 0.0587, 0.032], [0.0431, 0.0568, 0.0419, 0.0154, 0.7315, 0.0736, 0.0377], [0.0605, 0.04, 0.0583, 0.0273, 0.7269, 0.0575, 0.0294], [0.0269, 0.0682, 0.0355, 0.0618, 0.732, 0.0212, 0.0545], [0.0204, 0.048, 0.0134, 0.0671, 0.6966, 0.0771, 0.0775], [0.0588, 0.0164, 0.0742, 0.0164, 0.7699, 0.0176, 0.0467], [0.0224, 0.0421, 0.0271, 0.0468, 0.7159, 0.0922, 0.0535], [0.0655, 0.0369, 0.0168, 0.0633, 0.7659, 0.0297, 0.0219], [0.047, 0.0258, 0.0781, 0.0267, 0.7108, 0.0749, 0.0368], [0.0638, 0.0618, 0.0271, 0.0763, 0.6372, 0.0774, 0.0563], [0.0149, 0.0866, 0.0203, 0.0191, 0.7552, 0.039, 0.0648], [0.0576, 0.0224, 0.0331, 0.0304, 0.7601, 0.0462, 0.0502], [0.0739, 0.0671, 0.0489, 0.0541, 0.6988, 0.0323, 0.0248], [0.0618, 0.0311, 0.0568, 0.0585, 0.6962, 0.0549, 0.0407], [0.0485, 0.044, 0.0763, 0.0512, 0.675, 0.0762, 0.0288], [0.029, 0.0497, 0.0577, 0.0441, 0.7426, 0.053, 0.0239], [0.0205, 0.0601, 0.0152, 0.069, 0.7262, 0.0678, 0.0412], [0.0858, 0.0281, 0.0404, 0.0405, 0.6767, 0.0435, 0.0851], [0.0452, 0.0504, 0.0486, 0.0747, 0.6614, 0.0728, 0.0467], [0.0261, 0.035, 0.0758, 0.0777, 0.6836, 0.0452, 0.0567], [0.0544, 0.0506, 0.0351, 0.0715, 0.6781, 0.0699, 0.0403], [0.0279, 0.064, 0.0426, 0.0795, 0.6473, 0.0716, 0.0672]], "emotions": ["red", "red", "red", "red", "red", "red", "red", "red", "red", "red", "red", "red", "red", "red", "red", "red", "red", "red", "red", "red", "red", "red", "red", "red", "red", "red", "red", "red", "red", "red", "red", "red", "red", "red", "red", "red", "red", "red", "red", "red", "red", "red", "red", "red", "red", "red", "red", "red", "red", "red", "red", "red", "red", "red", "red", "red", "red", "red", "red", "red", "red", "red", "red", "red", "red", "red", "red", "red", "red", "red", "red", "red", "red", "red", "red", "red", "red", "red", "red", "red"], "timestamps": [0, 40, 80, 120, 160, 200, 240, 280, 320, 360, 400, 440, 480, 520, 560, 600, 640, 680, 720, 760, 800, 840, 880, 920, 960, 1000, 1040, 1080, 1120, 1160, 1200, 1240, 1280, 1320, 1360, 1400, 1440, 1480, 1520, 1560, 1600, 1640, 1680, 1720, 1760, 1800, 1840, 1880, 1920, 1960, 2000, 2040, 2080, 2120, 2160, 2200, 2240, 2280, 2320, 2360, 2400, 2440, 2480, 2520, 2560, 2600, 2640, 2680, 2720, 2760, 2800, 2840, 2880, 2920, 2960, 3000, 3040, 3080, 3120, 3160]}], "conversation": [], "conversation_timestamps": []}