{"agent_id": "agent-red-291", "type": "red", "trips": [{"trip_id": 0, "transport_method": "bus", "start_time": 0, "path": [[1.5411917, 42.5077066], [1.541039, 42.5077079], [1.5408863, 42.5077091], [1.5407336, 42.5077104], [1.5405823, 42.5076921], [1.5404312, 42.5076699], [1.5402801, 42.5076477], [1.5401291, 42.5076255], [1.5399776, 42.5076058], [1.5398262, 42.5075862], [1.5396761, 42.5075585], [1.5395263, 42.5075288], [1.5393765, 42.5074991], [1.5392268, 42.5074694], [1.539077, 42.5074397], [1.5389272, 42.50741], [1.5387772, 42.5073814], [1.5386271, 42.5073532], [1.5384771, 42.507325], [1.5383268, 42.5072977], [1.5381765, 42.5072707], [1.5380263, 42.5072437], [1.537876, 42.5072166], [1.5377257, 42.5071896], [1.5375752, 42.5071637], [1.5374249, 42.507137], [1.5372746, 42.5071099], [1.5371228, 42.5071148], [1.5369706, 42.5071276], [1.5368613, 42.5070463], [1.5367533, 42.5069967], [1.5366028, 42.5070074], [1.5364577, 42.5069598], [1.5363126, 42.5069122], [1.5361634, 42.5068812], [1.5360138, 42.5068504], [1.5358642, 42.5068197], [1.5357147, 42.5067889], [1.5355651, 42.5067582], [1.5354155, 42.5067275], [1.535266, 42.5066967], [1.5351164, 42.506666], [1.5349668, 42.5066353], [1.5348172, 42.5066045], [1.5346678, 42.5065733], [1.5345217, 42.5065298], [1.53437, 42.5065305], [1.5342174, 42.5065335], [1.5340647, 42.5065309], [1.5339153, 42.5065036], [1.5337658, 42.5064727], [1.5336163, 42.5064418], [1.5334667, 42.5064108], [1.5333172, 42.5063799], [1.5331677, 42.506349], [1.5330181, 42.5063181], [1.5328686, 42.5062872], [1.5327191, 42.5062562], [1.532571, 42.5062208], [1.5324285, 42.5061687], [1.5322774, 42.5061469], [1.5321263, 42.5061251], [1.5319749, 42.5061049], [1.5318241, 42.5061224], [1.5316758, 42.5061422], [1.5315441, 42.5060649], [1.5314124, 42.5059876], [1.5315517, 42.5060206], [1.5316636, 42.506114], [1.5315794, 42.5061742], [1.5314307, 42.5062092], [1.5312821, 42.5062442], [1.5311335, 42.5062792], [1.5309849, 42.5063142], [1.5308362, 42.5063492], [1.5306876, 42.5063842], [1.530539, 42.5064192], [1.5303903, 42.5064542], [1.5302417, 42.5064892], [1.5300931, 42.5065243]], "mood_vectors": [[0.7098, 0.0302, 0.0756, 0.0379, 0.046, 0.025, 0.0754], [0.6659, 0.0754, 0.0728, 0.017, 0.065, 0.0337, 0.0703], [0.7476, 0.0562, 0.049, 0.0507, 0.0163, 0.0346, 0.0455], [0.7052, 0.0378, 0.055, 0.031, 0.0915, 0.0273, 0.0521], [0.7278, 0.0756, 0.0541, 0.0156, 0.0197, 0.0472, 0.0599], [0.6937, 0.0553, 0.0694, 0.0562, 0.0512, 0.0503, 0.024], [0.7572, 0.0271, 0.0158, 0.0809, 0.0203, 0.0564, 0.0423], [0.6973, 0.0588, 0.0885, 0.0394, 0.0189, 0.0186, 0.0785], [0.7033, 0.0582, 0.0363, 0.0272, 0.0567, 0.0557, 0.0625], [0.6489, 0.1042, 0.0418, 0.0507, 0.0643, 0.0195, 0.0706], [0.6808, 0.062, 0.0591, 0.0551, 0.0528, 0.0214, 0.0688], [0.7161, 0.0593, 0.0517, 0.0557, 0.0489, 0.0387, 0.0295], [0.746, 0.0523, 0.0371, 0.0281, 0.0536, 0.0224, 0.0605], [0.7263, 0.048, 0.0605, 0.0555, 0.0144, 0.0341, 0.0612], [0.6703, 0.0615, 0.0314, 0.056, 0.0355, 0.07, 0.0753], [0.6344, 0.0715, 0.0666, 0.0808, 0.0561, 0.0222, 0.0684], [0.6701, 0.0702, 0.0249, 0.0826, 0.0133, 0.0649, 0.074], [0.6941, 0.0255, 0.0371, 0.0803, 0.0284, 0.0723, 0.0623], [0.683, 0.0442, 0.0661, 0.0316, 0.0712, 0.0595, 0.0444], [0.7196, 0.0765, 0.0274, 0.0761, 0.0381, 0.03, 0.0323], [0.68, 0.048, 0.064, 0.0362, 0.0498, 0.067, 0.0551], [0.6611, 0.0224, 0.0177, 0.0919, 0.0412, 0.0958, 0.0698], [0.7279, 0.0529, 0.0534, 0.0599, 0.0582, 0.0348, 0.013], [0.7014, 0.0578, 0.083, 0.0227, 0.023, 0.0609, 0.0513], [0.7561, 0.0164, 0.0437, 0.0638, 0.0485, 0.0113, 0.0602], [0.7212, 0.0282, 0.0674, 0.0186, 0.0305, 0.0367, 0.0973], [0.6875, 0.0159, 0.0456, 0.047, 0.0742, 0.0764, 0.0535], [0.707, 0.0576, 0.0396, 0.0845, 0.0228, 0.0672, 0.0213], [0.6268, 0.0658, 0.0766, 0.0275, 0.0858, 0.0171, 0.1003], [0.6681, 0.0676, 0.0444, 0.0663, 0.0649, 0.0487, 0.04], [0.6766, 0.0611, 0.0711, 0.0622, 0.0552, 0.0432, 0.0306], [0.6761, 0.0549, 0.0845, 0.0549, 0.0165, 0.0603, 0.053], [0.6614, 0.0373, 0.0404, 0.081, 0.0839, 0.0606, 0.0354], [0.5719, 0.0465, 0.0881, 0.0724, 0.0914, 0.0721, 0.0577], [0.8514, 0.0152, 0.0165, 0.0272, 0.0206, 0.0342, 0.0348], [0.7297, 0.0539, 0.0194, 0.062, 0.0312, 0.0306, 0.0731], [0.5989, 0.0786, 0.0818, 0.0157, 0.0777, 0.0571, 0.0902], [0.7407, 0.0718, 0.0302, 0.0178, 0.0427, 0.0659, 0.0309], [0.7363, 0.0362, 0.0392, 0.0716, 0.0365, 0.0356, 0.0446], [0.7096, 0.0403, 0.0251, 0.0438, 0.0814, 0.0673, 0.0325], [0.5916, 0.0692, 0.0806, 0.085, 0.0675, 0.0793, 0.0268], [0.7163, 0.0236, 0.0202, 0.0796, 0.0281, 0.0686, 0.0636], [0.7396, 0.032, 0.0334, 0.0685, 0.0245, 0.0545, 0.0476], [0.6339, 0.0659, 0.0555, 0.0654, 0.0578, 0.0545, 0.0669], [0.6738, 0.0556, 0.045, 0.0687, 0.0915, 0.0237, 0.0417], [0.7041, 0.0427, 0.0285, 0.0354, 0.0253, 0.1096, 0.0544], [0.7791, 0.0288, 0.0499, 0.033, 0.0622, 0.0345, 0.0124], [0.6262, 0.0708, 0.0666, 0.0676, 0.0737, 0.0209, 0.0742], [0.6565, 0.0781, 0.0439, 0.0689, 0.0564, 0.061, 0.0352], [0.6384, 0.061, 0.0453, 0.0617, 0.0266, 0.075, 0.092], [0.7219, 0.0187, 0.0145, 0.0635, 0.0588, 0.0602, 0.0624], [0.6966, 0.027, 0.0865, 0.0531, 0.035, 0.0394, 0.0624], [0.6799, 0.075, 0.0423, 0.0535, 0.0229, 0.0736, 0.0528], [0.6999, 0.0209, 0.0931, 0.0154, 0.0716, 0.0761, 0.0231], [0.7409, 0.0486, 0.0367, 0.0383, 0.0446, 0.0485, 0.0423], [0.6897, 0.0473, 0.0277, 0.08, 0.0387, 0.0766, 0.0401], [0.727, 0.0503, 0.0612, 0.0422, 0.0299, 0.0222, 0.0673], [0.634, 0.0824, 0.0747, 0.0551, 0.0123, 0.0697, 0.0717], [0.6572, 0.0626, 0.0536, 0.0618, 0.0702, 0.0238, 0.0709], [0.733, 0.0546, 0.0438, 0.0651, 0.0488, 0.0441, 0.0106], [0.6757, 0.0659, 0.0564, 0.0718, 0.0396, 0.0745, 0.0161], [0.672, 0.0264, 0.0428, 0.0618, 0.0417, 0.0847, 0.0708], [0.6694, 0.0507, 0.0652, 0.0737, 0.0144, 0.0649, 0.0618], [0.6987, 0.0593, 0.0188, 0.0355, 0.0456, 0.1059, 0.0361], [0.6678, 0.0698, 0.0765, 0.0288, 0.0624, 0.0563, 0.0384], [0.7882, 0.0169, 0.0273, 0.0301, 0.0873, 0.0326, 0.0176], [0.661, 0.0326, 0.0477, 0.0677, 0.0846, 0.0658, 0.0405], [0.7482, 0.0424, 0.0119, 0.0158, 0.0675, 0.0407, 0.0735], [0.691, 0.0428, 0.0342, 0.0483, 0.0717, 0.043, 0.0691], [0.7967, 0.0568, 0.015, 0.0643, 0.0204, 0.033, 0.0139], [0.7005, 0.0494, 0.0544, 0.0351, 0.0662, 0.023, 0.0715], [0.6555, 0.0289, 0.0755, 0.025, 0.0861, 0.0763, 0.0526], [0.6051, 0.069, 0.0565, 0.0725, 0.0542, 0.0763, 0.0664], [0.7173, 0.0736, 0.0409, 0.0548, 0.0349, 0.0626, 0.0159], [0.6167, 0.0604, 0.0861, 0.059, 0.0524, 0.0572, 0.0683], [0.7442, 0.0226, 0.0469, 0.0678, 0.0473, 0.0572, 0.0139], [0.7345, 0.0596, 0.0292, 0.0416, 0.0184, 0.0485, 0.0682], [0.6401, 0.0659, 0.0919, 0.0134, 0.065, 0.038, 0.0858], [0.6607, 0.0662, 0.0785, 0.0494, 0.0617, 0.0448, 0.0386], [0.7252, 0.0696, 0.068, 0.0322, 0.0274, 0.0238, 0.0538]], "emotions": ["red", "red", "red", "red", "red", "red", "red", "red", "red", "red", "red", "red", "red", "red", "red", "red", "red", "red", "red", "red", "red", "red", "red", "red", "red", "red", "red", "red", "red", "red", "red", "red", "red", "red", "red", "red", "red", "red", "red", "red", "red", "red", "red", "red", "red", "red", "red", "red", "red", "red", "red", "red", "red", "red", "red", "red", "red", "red", "red", "red", "red", "red", "red", "red", "red", "red", "red", "red", "red", "red", "red", "red", "red", "red", "red", "red", "red", "red", "red", "red"], "timestamps": [0, 40, 80, 120, 160, 200, 240, 280, 320, 360, 400, 440, 480, 520, 560, 600, 640, 680, 720, 760, 800, 840, 880, 920, 960, 1000, 1040, 1080, 1120, 1160, 1200, 1240, 1280, 1320, 1360, 1400, 1440, 1480, 1520, 1560, 1600, 1640, 1680, 1720, 1760, 1800, 1840, 1880, 1920, 1960, 2000, 2040, 2080, 2120, 2160, 2200, 2240, 2280, 2320, 2360, 2400, 2440, 2480, 2520, 2560, 2600, 2640, 2680, 2720, 2760, 2800, 2840, 2880, 2920, 2960, 3000, 3040, 3080, 3120, 3160]}], "conversation": [], "conversation_timestamps": []}