{"agent_id": "agent-green-907", "type": "green", "trips": [{"trip_id": 0, "transport_method": "car", "start_time": 0, "path": [[1.5187091, 42.5760282], [1.5181011, 42.5748871], [1.5184802, 42.5737188], [1.5189601, 42.5726478], [1.5192758, 42.572329], [1.520351, 42.5715148], [1.5209944, 42.5703605], [1.5211943, 42.5690288], [1.5221188, 42.5680543], [1.5232202, 42.5673108], [1.5238065, 42.5661042], [1.5245757, 42.5649973], [1.525615, 42.5641363], [1.5267204, 42.5634417], [1.5276164, 42.5627862], [1.5283747, 42.561779], [1.5293734, 42.5609271], [1.5303559, 42.5600005], [1.5313383, 42.559074], [1.5311842, 42.5592724], [1.5304721, 42.560417], [1.5293331, 42.5610344], [1.5301208, 42.5602277], [1.5311063, 42.5593044], [1.5319408, 42.5582961], [1.5313836, 42.5573775], [1.5302236, 42.5567176], [1.5293394, 42.5558527], [1.5283785, 42.5549763], [1.5276741, 42.5539006], [1.5267599, 42.5529153], [1.526395, 42.551795], [1.526659, 42.5511047], [1.5259451, 42.550007], [1.5253671, 42.5487905], [1.5247067, 42.5476539], [1.524724, 42.546333], [1.5242545, 42.5454942], [1.5236467, 42.5443047], [1.5233487, 42.5437327], [1.5229266, 42.5424711], [1.5231574, 42.5412147], [1.5234605, 42.5406915], [1.5231484, 42.5394112], [1.5232763, 42.5381089], [1.5244932, 42.5375634], [1.5250871, 42.5370455], [1.5240694, 42.5366409], [1.5229891, 42.5360517], [1.5221474, 42.5350008], [1.5210591, 42.5342539], [1.5210615, 42.5331965], [1.5210721, 42.5320179], [1.5212772, 42.5308216], [1.5216791, 42.5297903], [1.5214449, 42.5288781], [1.5208728, 42.5277313], [1.5207021, 42.5264838], [1.5207915, 42.5259894], [1.5205864, 42.527287], [1.5206953, 42.5262878], [1.5206608, 42.5249517], [1.5212, 42.5237673], [1.5218604, 42.5226155], [1.5227868, 42.5216752], [1.5236089, 42.5206292], [1.5240487, 42.5193676], [1.5251145, 42.5185414], [1.5261508, 42.5176788], [1.5273842, 42.5171328], [1.52856, 42.5166288], [1.5297567, 42.5162253], [1.5308841, 42.5155172], [1.5319278, 42.5146732], [1.5330216, 42.5139161], [1.5341354, 42.5133118], [1.5346347, 42.5130384], [1.5358715, 42.5126411], [1.5357756, 42.5116528], [1.5365337, 42.510623]], "mood_vectors": [[0.0551, 0.0369, 0.0162, 0.0189, 0.0922, 0.0241, 0.7566], [0.0424, 0.0696, 0.0715, 0.0373, 0.0784, 0.0378, 0.663], [0.0354, 0.0776, 0.0433, 0.0132, 0.07, 0.0818, 0.6787], [0.0134, 0.0277, 0.039, 0.0687, 0.0537, 0.0644, 0.7331], [0.0246, 0.0191, 0.0758, 0.0176, 0.0227, 0.081, 0.7591], [0.0427, 0.0179, 0.0469, 0.0462, 0.0451, 0.082, 0.719], [0.0621, 0.0418, 0.0203, 0.0141, 0.0642, 0.0502, 0.7473], [0.0687, 0.0651, 0.0917, 0.0589, 0.0197, 0.046, 0.6498], [0.0662, 0.0475, 0.0251, 0.0775, 0.0936, 0.0488, 0.6413], [0.0356, 0.058, 0.0381, 0.0227, 0.068, 0.0517, 0.7258], [0.0785, 0.021, 0.0786, 0.0783, 0.0124, 0.0169, 0.7143], [0.0513, 0.053, 0.0438, 0.0242, 0.075, 0.0203, 0.7323], [0.0625, 0.0315, 0.0616, 0.0581, 0.0536, 0.0329, 0.6998], [0.0209, 0.087, 0.0773, 0.0295, 0.077, 0.0671, 0.6412], [0.0348, 0.0566, 0.0529, 0.0404, 0.0605, 0.0767, 0.6782], [0.0254, 0.042, 0.0173, 0.0594, 0.0662, 0.0638, 0.7259], [0.052, 0.0513, 0.0589, 0.0422, 0.0395, 0.0356, 0.7205], [0.0172, 0.0828, 0.0554, 0.0714, 0.0768, 0.0582, 0.6382], [0.0764, 0.0222, 0.0611, 0.0542, 0.0768, 0.0765, 0.6328], [0.0421, 0.0658, 0.066, 0.0176, 0.0398, 0.0761, 0.6926], [0.0184, 0.0658, 0.0503, 0.0705, 0.0592, 0.0195, 0.7163], [0.0538, 0.0774, 0.0367, 0.0196, 0.0323, 0.0655, 0.7146], [0.0423, 0.0848, 0.0561, 0.0768, 0.0415, 0.0149, 0.6835], [0.0495, 0.0375, 0.0189, 0.0625, 0.052, 0.049, 0.7305], [0.0673, 0.0303, 0.0656, 0.0141, 0.0622, 0.0128, 0.7476], [0.049, 0.0609, 0.0741, 0.0751, 0.0503, 0.0179, 0.6727], [0.0336, 0.0721, 0.0767, 0.0131, 0.0628, 0.0238, 0.718], [0.0605, 0.0783, 0.0762, 0.0627, 0.0292, 0.0778, 0.6152], [0.056, 0.0581, 0.0498, 0.07, 0.0299, 0.0528, 0.6834], [0.0124, 0.051, 0.0249, 0.0404, 0.0388, 0.0402, 0.7923], [0.0379, 0.0178, 0.0507, 0.0538, 0.0619, 0.0484, 0.7293], [0.0667, 0.0618, 0.032, 0.0523, 0.0294, 0.0271, 0.7307], [0.0437, 0.0482, 0.0345, 0.0739, 0.0433, 0.0637, 0.6928], [0.033, 0.0492, 0.0313, 0.0661, 0.0508, 0.0729, 0.6966], [0.0163, 0.0504, 0.0835, 0.0551, 0.0722, 0.0157, 0.7068], [0.0679, 0.0277, 0.0338, 0.0482, 0.0603, 0.0708, 0.6914], [0.0666, 0.0758, 0.0548, 0.0168, 0.0712, 0.071, 0.6438], [0.0462, 0.0132, 0.0316, 0.0895, 0.0505, 0.0723, 0.6967], [0.0658, 0.0406, 0.0781, 0.0328, 0.0531, 0.0739, 0.6557], [0.0149, 0.0739, 0.0538, 0.0463, 0.0838, 0.0553, 0.672], [0.0494, 0.076, 0.0308, 0.0531, 0.0518, 0.014, 0.7249], [0.0324, 0.0259, 0.0138, 0.0283, 0.0529, 0.041, 0.8057], [0.0803, 0.0707, 0.0262, 0.0169, 0.0456, 0.0123, 0.7481], [0.0602, 0.0201, 0.0554, 0.0476, 0.0597, 0.0786, 0.6784], [0.0727, 0.0511, 0.0242, 0.0487, 0.0221, 0.0476, 0.7336], [0.0451, 0.0477, 0.0829, 0.0264, 0.0496, 0.0458, 0.7024], [0.0643, 0.0691, 0.0565, 0.069, 0.0352, 0.0645, 0.6414], [0.0611, 0.0833, 0.0421, 0.0323, 0.0599, 0.0235, 0.6977], [0.0331, 0.0661, 0.0674, 0.0365, 0.0592, 0.0468, 0.691], [0.0218, 0.0881, 0.0375, 0.0235, 0.0895, 0.0358, 0.7037], [0.0387, 0.0475, 0.0133, 0.0442, 0.0499, 0.0425, 0.7639], [0.0592, 0.0513, 0.0684, 0.0771, 0.0764, 0.0439, 0.6237], [0.0778, 0.0811, 0.0325, 0.0534, 0.0415, 0.0214, 0.6923], [0.0726, 0.0172, 0.0786, 0.0717, 0.0462, 0.0369, 0.6768], [0.0269, 0.0618, 0.0672, 0.0762, 0.0292, 0.0202, 0.7185], [0.0388, 0.0528, 0.0141, 0.0368, 0.0246, 0.0747, 0.7583], [0.0716, 0.0437, 0.027, 0.0216, 0.0176, 0.037, 0.7814], [0.0193, 0.0598, 0.0358, 0.0517, 0.0625, 0.0713, 0.6996], [0.0418, 0.0808, 0.021, 0.0396, 0.0653, 0.058, 0.6935], [0.0574, 0.0751, 0.0675, 0.0596, 0.056, 0.0435, 0.641], [0.0703, 0.0663, 0.0702, 0.0233, 0.0174, 0.0237, 0.7289], [0.0632, 0.0312, 0.0584, 0.0955, 0.0907, 0.0156, 0.6455], [0.0221, 0.0377, 0.0875, 0.0846, 0.0264, 0.0478, 0.694], [0.0344, 0.0677, 0.0216, 0.0695, 0.0808, 0.0434, 0.6826], [0.0774, 0.0367, 0.0694, 0.0649, 0.0821, 0.0222, 0.6473], [0.032, 0.0587, 0.0185, 0.0713, 0.0176, 0.0445, 0.7573], [0.0667, 0.0249, 0.0903, 0.0206, 0.0168, 0.0902, 0.6904], [0.047, 0.0297, 0.0423, 0.0744, 0.0223, 0.0669, 0.7174], [0.0773, 0.097, 0.0836, 0.0253, 0.0664, 0.0528, 0.5977], [0.0512, 0.037, 0.0694, 0.0438, 0.0153, 0.0208, 0.7626], [0.0901, 0.0353, 0.031, 0.0251, 0.0649, 0.0543, 0.6994], [0.0953, 0.0844, 0.0643, 0.04, 0.0676, 0.0227, 0.6258], [0.0576, 0.0353, 0.0457, 0.042, 0.0385, 0.0205, 0.7605], [0.0505, 0.0155, 0.057, 0.0489, 0.0128, 0.0469, 0.7684], [0.0304, 0.0567, 0.0969, 0.0731, 0.0475, 0.0454, 0.65], [0.0277, 0.0687, 0.0715, 0.057, 0.0661, 0.0116, 0.6973], [0.0379, 0.035, 0.0745, 0.0746, 0.0686, 0.0809, 0.6284], [0.0832, 0.0634, 0.0168, 0.0393, 0.0476, 0.0181, 0.7316], [0.0498, 0.0653, 0.0725, 0.0453, 0.0319, 0.0729, 0.6623], [0.0456, 0.0112, 0.0414, 0.0723, 0.0308, 0.0614, 0.7374]], "emotions": ["purple", "purple", "purple", "purple", "purple", "purple", "purple", "purple", "purple", "purple", "purple", "purple", "purple", "purple", "purple", "purple", "purple", "purple", "purple", "purple", "purple", "purple", "purple", "purple", "purple", "purple", "purple", "purple", "purple", "purple", "purple", "purple", "purple", "purple", "purple", "purple", "purple", "purple", "purple", "purple", "purple", "purple", "purple", "purple", "purple", "purple", "purple", "purple", "purple", "purple", "purple", "purple", "purple", "purple", "purple", "purple", "purple", "purple", "purple", "purple", "purple", "purple", "purple", "purple", "purple", "purple", "purple", "purple", "purple", "purple", "purple", "purple", "purple", "purple", "purple", "purple", "purple", "purple", "purple", "purple"], "timestamps": [0, 40, 80, 120, 160, 200, 240, 280, 320, 360, 400, 440, 480, 520, 560, 600, 640, 680, 720, 760, 800, 840, 880, 920, 960, 1000, 1040, 1080, 1120, 1160, 1200, 1240, 1280, 1320, 1360, 1400, 1440, 1480, 1520, 1560, 1600, 1640, 1680, 1720, 1760, 1800, 1840, 1880, 1920, 1960, 2000, 2040, 2080, 2120, 2160, 2200, 2240, 2280, 2320, 2360, 2400, 2440, 2480, 2520, 2560, 2600, 2640, 2680, 2720, 2760, 2800, 2840, 2880, 2920, 2960, 3000, 3040, 3080, 3120, 3160]}], "conversation": [], "conversation_timestamps": []}