{"agent_id": "agent-purple-474", "type": "purple", "trips": [{"trip_id": 0, "transport_method": "car", "start_time": 0, "path": [[1.5294285, 42.5090061], [1.5296467, 42.5090731], [1.5298659, 42.5091366], [1.5300818, 42.5092109], [1.5302974, 42.5092858], [1.5305136, 42.509359], [1.5307293, 42.5093524], [1.530944, 42.5094299], [1.5311579, 42.5095096], [1.5313708, 42.5095921], [1.531584, 42.5096735], [1.5317995, 42.5097487], [1.5320152, 42.5098232], [1.5322346, 42.5098576], [1.5324216, 42.5099739], [1.5326038, 42.5101114], [1.5327861, 42.5102488], [1.5329705, 42.5103825], [1.533176, 42.5104811], [1.533374, 42.510594], [1.5335514, 42.5107376], [1.5337131, 42.5108978], [1.5338466, 42.5110828], [1.5339931, 42.5112573], [1.5341831, 42.5113608], [1.5343828, 42.5114479], [1.5345708, 42.5115773], [1.5347589, 42.5117067], [1.5349523, 42.5118275], [1.5351508, 42.5119402], [1.5353494, 42.5120529], [1.5355067, 42.5121975], [1.5355245, 42.5124213], [1.5354713, 42.5126349], [1.5356873, 42.5126528], [1.5358991, 42.51269], [1.5360456, 42.5128412], [1.536094, 42.5130517], [1.5363101, 42.5131035], [1.5365265, 42.5130522], [1.5367457, 42.5129884], [1.5369661, 42.5129299], [1.5371899, 42.5128859], [1.5374102, 42.5128259], [1.5376301, 42.5127648], [1.5378534, 42.5127178], [1.5380775, 42.5126741], [1.5383015, 42.5126304], [1.5385256, 42.5125867], [1.5387023, 42.5125607], [1.5384859, 42.5126288], [1.5382607, 42.512666], [1.5380353, 42.5127022], [1.5378096, 42.5127366], [1.537756, 42.5127277], [1.5379745, 42.5126615], [1.5381929, 42.5125953], [1.5384114, 42.5125291], [1.5386299, 42.5124629], [1.5388484, 42.5123967], [1.5390615, 42.5123186], [1.5392801, 42.5122576], [1.5392492, 42.5123344], [1.5390935, 42.5124652], [1.5392673, 42.5126052], [1.5394902, 42.5125639], [1.5397118, 42.5125091], [1.5399334, 42.5124542], [1.5400655, 42.5124166], [1.5398693, 42.5125264], [1.5396436, 42.5125582], [1.5394174, 42.5125878], [1.5394916, 42.5125802], [1.5397178, 42.5125493], [1.539944, 42.5125184], [1.5401702, 42.5124875], [1.5403963, 42.5124566], [1.5406225, 42.5124257], [1.5405395, 42.5125912], [1.5407239, 42.5126845]], "mood_vectors": [[0.0538, 0.075, 0.0786, 0.0543, 0.0158, 0.6914, 0.0311], [0.0399, 0.0531, 0.0639, 0.0331, 0.0851, 0.6358, 0.0891], [0.0794, 0.0668, 0.029, 0.0372, 0.0602, 0.6876, 0.0398], [0.0604, 0.0876, 0.0783, 0.0355, 0.0689, 0.6127, 0.0566], [0.0519, 0.0295, 0.0717, 0.0624, 0.0718, 0.6469, 0.0657], [0.0196, 0.0293, 0.0483, 0.0743, 0.0415, 0.7095, 0.0774], [0.0183, 0.0404, 0.0141, 0.0723, 0.035, 0.7385, 0.0814], [0.054, 0.0445, 0.0429, 0.0215, 0.0807, 0.714, 0.0424], [0.0202, 0.0298, 0.0476, 0.0423, 0.0507, 0.7669, 0.0425], [0.0499, 0.0547, 0.0112, 0.0417, 0.038, 0.7671, 0.0374], [0.0482, 0.0492, 0.0673, 0.0757, 0.0762, 0.6503, 0.0331], [0.0578, 0.0515, 0.0388, 0.0817, 0.036, 0.6875, 0.0467], [0.034, 0.053, 0.0156, 0.0482, 0.0359, 0.8, 0.0132], [0.0307, 0.0192, 0.021, 0.0664, 0.021, 0.7615, 0.0802], [0.0507, 0.0646, 0.0646, 0.0187, 0.0433, 0.7105, 0.0476], [0.0326, 0.0475, 0.1075, 0.0568, 0.0438, 0.6927, 0.0192], [0.0784, 0.0187, 0.0352, 0.022, 0.0532, 0.7179, 0.0747], [0.0708, 0.0209, 0.0622, 0.0172, 0.0388, 0.7241, 0.066], [0.0222, 0.0599, 0.0638, 0.0293, 0.0665, 0.7344, 0.024], [0.0432, 0.0643, 0.0727, 0.0724, 0.0764, 0.6134, 0.0576], [0.0557, 0.0429, 0.0247, 0.0848, 0.0643, 0.682, 0.0456], [0.0542, 0.0425, 0.0324, 0.0689, 0.0463, 0.6782, 0.0775], [0.042, 0.0644, 0.0456, 0.0563, 0.0798, 0.6894, 0.0224], [0.073, 0.0312, 0.0487, 0.0209, 0.0469, 0.7635, 0.0159], [0.0486, 0.0707, 0.0602, 0.0169, 0.0271, 0.7326, 0.0439], [0.0673, 0.0628, 0.0649, 0.0666, 0.0576, 0.6453, 0.0356], [0.0144, 0.0343, 0.0203, 0.0619, 0.0699, 0.7191, 0.0801], [0.0646, 0.0557, 0.0816, 0.0479, 0.0354, 0.6469, 0.0679], [0.0201, 0.0243, 0.071, 0.0441, 0.0445, 0.7549, 0.041], [0.0865, 0.0844, 0.062, 0.0141, 0.0527, 0.6388, 0.0615], [0.0681, 0.0198, 0.0705, 0.0116, 0.0286, 0.7614, 0.04], [0.0807, 0.0245, 0.0456, 0.0227, 0.045, 0.7573, 0.0242], [0.0174, 0.0845, 0.08, 0.052, 0.0595, 0.6875, 0.0191], [0.0527, 0.012, 0.0505, 0.0324, 0.0614, 0.7424, 0.0484], [0.0312, 0.0548, 0.0137, 0.0544, 0.0767, 0.7344, 0.0348], [0.0534, 0.0336, 0.0827, 0.0829, 0.0352, 0.683, 0.0291], [0.0177, 0.0627, 0.0202, 0.0548, 0.0864, 0.7168, 0.0414], [0.0447, 0.0647, 0.0639, 0.021, 0.0267, 0.7343, 0.0446], [0.0348, 0.0858, 0.0465, 0.0296, 0.0319, 0.7153, 0.0562], [0.0762, 0.0247, 0.0251, 0.0609, 0.014, 0.7645, 0.0348], [0.0484, 0.0541, 0.0861, 0.0198, 0.0624, 0.6585, 0.0706], [0.0736, 0.0856, 0.0834, 0.0625, 0.0485, 0.5965, 0.0499], [0.073, 0.0442, 0.065, 0.0702, 0.0216, 0.7074, 0.0186], [0.017, 0.04, 0.055, 0.0471, 0.0449, 0.7501, 0.0459], [0.0143, 0.0293, 0.0258, 0.0838, 0.0242, 0.8032, 0.0193], [0.0677, 0.0189, 0.0407, 0.0331, 0.0302, 0.744, 0.0654], [0.0514, 0.0412, 0.0607, 0.0186, 0.0222, 0.7539, 0.0519], [0.0287, 0.0774, 0.0845, 0.0782, 0.0835, 0.6219, 0.0257], [0.0549, 0.023, 0.0675, 0.0559, 0.0278, 0.7527, 0.0182], [0.0425, 0.0379, 0.0738, 0.0468, 0.0124, 0.7684, 0.0182], [0.0383, 0.0562, 0.0546, 0.066, 0.0443, 0.6869, 0.0537], [0.0341, 0.0313, 0.0394, 0.0809, 0.0704, 0.7077, 0.0362], [0.039, 0.0688, 0.0266, 0.0182, 0.0767, 0.693, 0.0777], [0.0325, 0.0184, 0.0833, 0.0222, 0.0722, 0.7491, 0.0222], [0.033, 0.0958, 0.0177, 0.0315, 0.0739, 0.7263, 0.0218], [0.0538, 0.0255, 0.0682, 0.0384, 0.0265, 0.7249, 0.0626], [0.0729, 0.0732, 0.0586, 0.0818, 0.0167, 0.6333, 0.0635], [0.0631, 0.0401, 0.0532, 0.022, 0.0575, 0.6707, 0.0935], [0.0944, 0.0259, 0.056, 0.0558, 0.017, 0.6681, 0.0828], [0.0711, 0.0677, 0.0462, 0.0634, 0.0277, 0.6681, 0.0557], [0.0301, 0.0778, 0.0348, 0.0541, 0.0593, 0.6853, 0.0584], [0.0393, 0.0761, 0.0176, 0.0466, 0.0468, 0.7181, 0.0555], [0.0258, 0.0248, 0.0667, 0.0392, 0.066, 0.7044, 0.0732], [0.0216, 0.0294, 0.0855, 0.0289, 0.0472, 0.742, 0.0454], [0.0343, 0.0627, 0.0471, 0.0265, 0.0598, 0.6956, 0.074], [0.0491, 0.0347, 0.0389, 0.0836, 0.0647, 0.6622, 0.0669], [0.0498, 0.0456, 0.0565, 0.0586, 0.0231, 0.7038, 0.0626], [0.0409, 0.0461, 0.0199, 0.0711, 0.0634, 0.7159, 0.0428], [0.038, 0.054, 0.0352, 0.0152, 0.0707, 0.7629, 0.0239], [0.0613, 0.0967, 0.0466, 0.0906, 0.0398, 0.5986, 0.0663], [0.0471, 0.0842, 0.0532, 0.0517, 0.08, 0.6234, 0.0604], [0.0502, 0.0267, 0.0254, 0.0158, 0.0427, 0.8093, 0.0298], [0.0205, 0.0313, 0.061, 0.08, 0.0705, 0.7089, 0.0278], [0.0881, 0.041, 0.0182, 0.0867, 0.0336, 0.7188, 0.0137], [0.0324, 0.0808, 0.0278, 0.0801, 0.0457, 0.662, 0.0712], [0.0322, 0.074, 0.0458, 0.0529, 0.0246, 0.716, 0.0545], [0.0628, 0.0253, 0.0298, 0.0378, 0.0675, 0.7104, 0.0665], [0.0197, 0.0419, 0.0127, 0.0388, 0.0406, 0.7659, 0.0804], [0.0593, 0.0505, 0.0758, 0.0735, 0.065, 0.6631, 0.0128], [0.077, 0.0621, 0.0439, 0.0723, 0.0252, 0.7041, 0.0155]], "emotions": ["purple", "purple", "purple", "purple", "purple", "purple", "purple", "purple", "purple", "purple", "purple", "purple", "purple", "purple", "purple", "purple", "purple", "purple", "purple", "purple", "purple", "purple", "purple", "purple", "purple", "purple", "purple", "purple", "purple", "purple", "purple", "purple", "purple", "purple", "purple", "purple", "purple", "purple", "purple", "purple", "purple", "purple", "purple", "purple", "purple", "purple", "purple", "purple", "purple", "purple", "purple", "purple", "purple", "purple", "purple", "purple", "purple", "purple", "purple", "purple", "purple", "purple", "purple", "purple", "purple", "purple", "purple", "purple", "purple", "purple", "purple", "purple", "purple", "purple", "purple", "purple", "purple", "purple", "purple", "purple"], "timestamps": [0, 40, 80, 120, 160, 200, 240, 280, 320, 360, 400, 440, 480, 520, 560, 600, 640, 680, 720, 760, 800, 840, 880, 920, 960, 1000, 1040, 1080, 1120, 1160, 1200, 1240, 1280, 1320, 1360, 1400, 1440, 1480, 1520, 1560, 1600, 1640, 1680, 1720, 1760, 1800, 1840, 1880, 1920, 1960, 2000, 2040, 2080, 2120, 2160, 2200, 2240, 2280, 2320, 2360, 2400, 2440, 2480, 2520, 2560, 2600, 2640, 2680, 2720, 2760, 2800, 2840, 2880, 2920, 2960, 3000, 3040, 3080, 3120, 3160]}], "conversation": [], "conversation_timestamps": []}