{"agent_id": "agent-purple-1709", "type": "purple", "trips": [{"trip_id": 0, "transport_method": "car", "start_time": 0, "path": [[1.5199149, 42.5309739], [1.5195744, 42.5318255], [1.519918, 42.5309162], [1.5203082, 42.5307558], [1.5208699, 42.5303853], [1.5212217, 42.5297706], [1.5219396, 42.529117], [1.5227133, 42.5285298], [1.523517, 42.5279832], [1.5243387, 42.5274642], [1.5251886, 42.526993], [1.5260516, 42.5265458], [1.5269316, 42.526134], [1.5278217, 42.5257435], [1.5287275, 42.5253921], [1.5296399, 42.5250569], [1.530574, 42.5247909], [1.5315144, 42.5245451], [1.5324548, 42.5242992], [1.5334034, 42.5240875], [1.5343537, 42.5238832], [1.535305, 42.5236838], [1.536262, 42.5235136], [1.5372191, 42.5233443], [1.5381763, 42.5231751], [1.5391346, 42.5230128], [1.5400938, 42.5228556], [1.5410523, 42.5226942], [1.5420095, 42.5225258], [1.5429593, 42.5223193], [1.5439091, 42.5221129], [1.5448562, 42.5218942], [1.5458023, 42.5216715], [1.5467441, 42.5214309], [1.5476804, 42.5211711], [1.5486098, 42.5208864], [1.5495368, 42.5205946], [1.5504544, 42.5202738], [1.5513586, 42.5199176], [1.5522551, 42.5195425], [1.5531392, 42.5191391], [1.5539887, 42.5186666], [1.5548433, 42.5182049], [1.5557254, 42.5182005], [1.5564119, 42.5188868], [1.5570329, 42.5195961], [1.557651, 42.5203201], [1.5583529, 42.5209923], [1.559089, 42.5216267], [1.5598138, 42.5220629], [1.559683, 42.5220914], [1.5605184, 42.5225729], [1.5613163, 42.5231265], [1.5620359, 42.5237748], [1.5626935, 42.5244833], [1.5635989, 42.5248259], [1.5644705, 42.5252212], [1.5654001, 42.5254622], [1.5662763, 42.5258812], [1.567048, 42.5264721], [1.5678243, 42.5270564], [1.5686995, 42.5274776], [1.5695052, 42.5280036], [1.5703174, 42.5285377], [1.5710892, 42.52912], [1.571839, 42.5297274], [1.57244, 42.5304853], [1.5730681, 42.5312242], [1.5737448, 42.5319191], [1.5745607, 42.5323183], [1.5755042, 42.5325362], [1.5764392, 42.5327191], [1.5774026, 42.5328482], [1.5783605, 42.5329937], [1.5792791, 42.5332827], [1.5801632, 42.5336652], [1.5801361, 42.5341628], [1.5793517, 42.5347175], [1.5793306, 42.5355143], [1.5783836, 42.5357156]], "mood_vectors": [[0.0781, 0.0775, 0.054, 0.0489, 0.0688, 0.6388, 0.0338], [0.0291, 0.0943, 0.088, 0.0573, 0.0767, 0.6247, 0.0299], [0.0406, 0.0731, 0.0301, 0.0672, 0.0398, 0.6793, 0.0698], [0.0567, 0.0539, 0.0244, 0.0656, 0.0135, 0.7212, 0.0648], [0.0644, 0.068, 0.0693, 0.0529, 0.0567, 0.6086, 0.0802], [0.062, 0.0535, 0.0458, 0.0542, 0.0464, 0.7192, 0.0189], [0.0431, 0.0234, 0.0166, 0.0607, 0.04, 0.7691, 0.0471], [0.018, 0.0532, 0.0632, 0.0463, 0.0806, 0.6582, 0.0806], [0.0746, 0.0434, 0.0622, 0.0524, 0.0171, 0.6919, 0.0585], [0.0651, 0.0461, 0.0671, 0.0498, 0.0441, 0.6667, 0.0611], [0.0651, 0.0688, 0.0254, 0.0641, 0.0626, 0.697, 0.017], [0.0712, 0.0421, 0.0206, 0.0516, 0.031, 0.7375, 0.046], [0.0271, 0.0947, 0.0285, 0.0645, 0.0404, 0.728, 0.0168], [0.0668, 0.0601, 0.049, 0.0559, 0.0153, 0.7235, 0.0294], [0.0493, 0.0292, 0.0564, 0.0271, 0.059, 0.767, 0.0119], [0.05, 0.0382, 0.0542, 0.0156, 0.0666, 0.6986, 0.0768], [0.0219, 0.0557, 0.0659, 0.035, 0.058, 0.7511, 0.0123], [0.0152, 0.0675, 0.0597, 0.0285, 0.0213, 0.739, 0.0689], [0.05, 0.0299, 0.0923, 0.049, 0.091, 0.6686, 0.0191], [0.0591, 0.0278, 0.0385, 0.0437, 0.0887, 0.6529, 0.0892], [0.0545, 0.0726, 0.0412, 0.0447, 0.041, 0.7172, 0.0288], [0.0701, 0.0611, 0.0624, 0.0505, 0.0256, 0.7016, 0.0288], [0.0186, 0.06, 0.0612, 0.0568, 0.0119, 0.7307, 0.0607], [0.066, 0.0608, 0.0199, 0.0792, 0.0529, 0.6721, 0.0491], [0.0243, 0.0318, 0.0696, 0.0659, 0.0523, 0.6796, 0.0766], [0.0684, 0.0849, 0.0644, 0.0285, 0.0455, 0.6582, 0.0501], [0.0371, 0.0254, 0.0739, 0.0588, 0.0382, 0.7293, 0.0374], [0.034, 0.0306, 0.0544, 0.0381, 0.0364, 0.7449, 0.0615], [0.041, 0.0385, 0.0563, 0.0642, 0.0371, 0.7023, 0.0606], [0.0744, 0.0448, 0.0694, 0.0358, 0.0469, 0.6669, 0.0618], [0.031, 0.0682, 0.0184, 0.0369, 0.0655, 0.7168, 0.0633], [0.0172, 0.0265, 0.0222, 0.0612, 0.08, 0.7365, 0.0564], [0.0676, 0.0411, 0.0431, 0.0202, 0.0252, 0.7559, 0.0469], [0.0227, 0.0316, 0.0889, 0.0628, 0.0425, 0.6558, 0.0956], [0.0257, 0.0262, 0.0171, 0.0615, 0.0903, 0.7488, 0.0304], [0.0937, 0.0761, 0.026, 0.0537, 0.0665, 0.6498, 0.0342], [0.0651, 0.0435, 0.0394, 0.0355, 0.0766, 0.6805, 0.0593], [0.0799, 0.0347, 0.0977, 0.0258, 0.0953, 0.6496, 0.017], [0.0617, 0.0342, 0.0902, 0.0213, 0.0171, 0.7569, 0.0185], [0.0159, 0.0695, 0.0855, 0.0238, 0.0691, 0.6911, 0.0451], [0.0631, 0.0541, 0.0404, 0.0489, 0.0734, 0.6411, 0.0789], [0.0672, 0.0669, 0.0459, 0.0371, 0.0578, 0.6562, 0.069], [0.0206, 0.0883, 0.0729, 0.0542, 0.0836, 0.6449, 0.0354], [0.038, 0.0503, 0.0489, 0.0538, 0.0332, 0.71, 0.0657], [0.0168, 0.0356, 0.0737, 0.064, 0.0609, 0.7164, 0.0325], [0.0846, 0.0924, 0.05, 0.0307, 0.0396, 0.6338, 0.0689], [0.0728, 0.0545, 0.0409, 0.0357, 0.0768, 0.6992, 0.0201], [0.0359, 0.0612, 0.0289, 0.0395, 0.0782, 0.6951, 0.0613], [0.0284, 0.036, 0.0712, 0.0191, 0.04, 0.7907, 0.0145], [0.0874, 0.0175, 0.0476, 0.0715, 0.0675, 0.6678, 0.0406], [0.0289, 0.0169, 0.0159, 0.0661, 0.0806, 0.7539, 0.0377], [0.0447, 0.0432, 0.0576, 0.0287, 0.0234, 0.7557, 0.0468], [0.0534, 0.0581, 0.0733, 0.027, 0.0611, 0.6492, 0.0779], [0.0906, 0.0833, 0.019, 0.031, 0.0755, 0.6274, 0.0732], [0.0265, 0.0608, 0.0409, 0.0706, 0.0493, 0.7018, 0.0501], [0.0229, 0.0153, 0.0274, 0.0764, 0.0565, 0.7493, 0.0521], [0.0567, 0.032, 0.024, 0.0749, 0.0683, 0.6974, 0.0466], [0.0741, 0.0151, 0.0441, 0.0743, 0.0675, 0.6857, 0.0393], [0.0486, 0.0318, 0.0424, 0.0713, 0.0774, 0.6629, 0.0656], [0.0466, 0.0354, 0.0741, 0.07, 0.0306, 0.6868, 0.0565], [0.0696, 0.0167, 0.0641, 0.0534, 0.0403, 0.7356, 0.0203], [0.0798, 0.035, 0.0655, 0.0739, 0.043, 0.6757, 0.0271], [0.026, 0.0904, 0.0298, 0.0336, 0.078, 0.7044, 0.0378], [0.0247, 0.017, 0.0308, 0.062, 0.0262, 0.7441, 0.0952], [0.0404, 0.051, 0.0888, 0.0414, 0.0348, 0.6813, 0.0623], [0.0353, 0.0795, 0.0593, 0.0544, 0.0598, 0.6515, 0.0602], [0.0819, 0.0463, 0.0173, 0.0207, 0.0194, 0.7956, 0.0188], [0.0293, 0.0852, 0.0496, 0.0211, 0.0689, 0.6788, 0.0671], [0.0338, 0.0137, 0.0584, 0.0683, 0.0553, 0.7032, 0.0672], [0.0806, 0.0159, 0.0347, 0.0998, 0.0222, 0.7274, 0.0194], [0.0474, 0.0202, 0.0496, 0.0195, 0.0291, 0.7941, 0.0401], [0.0456, 0.089, 0.0388, 0.0467, 0.0491, 0.6383, 0.0925], [0.0147, 0.0354, 0.0142, 0.0244, 0.0609, 0.805, 0.0454], [0.0742, 0.0179, 0.0318, 0.0555, 0.0548, 0.71, 0.0557], [0.0676, 0.0308, 0.0455, 0.0389, 0.0647, 0.7333, 0.0192], [0.0726, 0.0303, 0.0407, 0.0529, 0.0168, 0.7131, 0.0737], [0.0339, 0.0796, 0.0519, 0.0231, 0.0741, 0.66, 0.0774], [0.0666, 0.0514, 0.0823, 0.0167, 0.0515, 0.6516, 0.0799], [0.065, 0.0696, 0.0632, 0.0312, 0.0308, 0.7183, 0.0219], [0.0669, 0.0427, 0.0509, 0.0642, 0.0441, 0.7006, 0.0306]], "emotions": ["purple", "purple", "purple", "purple", "purple", "purple", "purple", "purple", "purple", "purple", "purple", "purple", "purple", "purple", "purple", "purple", "purple", "purple", "purple", "purple", "purple", "purple", "purple", "purple", "purple", "purple", "purple", "purple", "purple", "purple", "purple", "purple", "purple", "purple", "purple", "purple", "purple", "purple", "purple", "purple", "purple", "purple", "purple", "purple", "purple", "purple", "purple", "purple", "purple", "purple", "purple", "purple", "purple", "purple", "purple", "purple", "purple", "purple", "purple", "purple", "purple", "purple", "purple", "purple", "purple", "purple", "purple", "purple", "purple", "purple", "purple", "purple", "purple", "purple", "purple", "purple", "purple", "purple", "purple", "purple"], "timestamps": [0, 40, 80, 120, 160, 200, 240, 280, 320, 360, 400, 440, 480, 520, 560, 600, 640, 680, 720, 760, 800, 840, 880, 920, 960, 1000, 1040, 1080, 1120, 1160, 1200, 1240, 1280, 1320, 1360, 1400, 1440, 1480, 1520, 1560, 1600, 1640, 1680, 1720, 1760, 1800, 1840, 1880, 1920, 1960, 2000, 2040, 2080, 2120, 2160, 2200, 2240, 2280, 2320, 2360, 2400, 2440, 2480, 2520, 2560, 2600, 2640, 2680, 2720, 2760, 2800, 2840, 2880, 2920, 2960, 3000, 3040, 3080, 3120, 3160]}], "conversation": [], "conversation_timestamps": []}