{"agent_id": "agent-orange-818", "type": "orange", "trips": [{"trip_id": 0, "transport_method": "bus", "start_time": 0, "path": [[1.5315686, 42.5109253], [1.531307, 42.5108426], [1.5310452, 42.5107606], [1.5307826, 42.5106815], [1.5305126, 42.5106339], [1.5302401, 42.510603], [1.5299691, 42.5105626], [1.5297055, 42.5104909], [1.5295391, 42.5103627], [1.52945, 42.5101901], [1.5297219, 42.510165], [1.5299948, 42.5101892], [1.5302663, 42.5102285], [1.5305384, 42.5102368], [1.5308086, 42.5101961], [1.5310722, 42.5102611], [1.531322, 42.5103743], [1.5315771, 42.5104752], [1.5318366, 42.5105642], [1.5320967, 42.5106511], [1.5323584, 42.5107335], [1.5326201, 42.5108158], [1.5328811, 42.5109001], [1.5331341, 42.5110043], [1.5333016, 42.5112042], [1.5333768, 42.5114681], [1.5336114, 42.5116081], [1.5338484, 42.5117464], [1.5340853, 42.5118846], [1.5342382, 42.5119823], [1.5339834, 42.5118805], [1.5337442, 42.5117484], [1.5335779, 42.5115346], [1.5334352, 42.5115017], [1.5336786, 42.5116284], [1.5339219, 42.5117551], [1.5341652, 42.5118818], [1.5344085, 42.5120085], [1.5346518, 42.5121352], [1.5348687, 42.5122968], [1.5349748, 42.5125478], [1.5350308, 42.5128094], [1.5352058, 42.5127991], [1.5354755, 42.5127494], [1.5357463, 42.5127058], [1.5359875, 42.5125968], [1.536235, 42.5124863], [1.5364861, 42.512376], [1.5367339, 42.5122606], [1.5369446, 42.5120863], [1.5371498, 42.5119061], [1.5374098, 42.5118187], [1.5376698, 42.5117313], [1.5379118, 42.5116048], [1.5381597, 42.5114894], [1.5383795, 42.5113533], [1.5385804, 42.5111666], [1.5387775, 42.5109757], [1.5389746, 42.5107849], [1.5391066, 42.5105674], [1.5391006, 42.5102931], [1.5393141, 42.5101267], [1.5395745, 42.5100503], [1.5398238, 42.5099359], [1.5400486, 42.5097846], [1.5402648, 42.5096225], [1.5405222, 42.5095276], [1.540748, 42.5093903], [1.5409685, 42.5092471], [1.5412327, 42.5091741], [1.541504, 42.5091335], [1.5417442, 42.5090256], [1.5419669, 42.5088845], [1.5422411, 42.5088918], [1.5420789, 42.5088942], [1.5420235, 42.5088645], [1.5422939, 42.5088183], [1.5425643, 42.508772], [1.5428368, 42.5087524], [1.5429287, 42.5085142]], "mood_vectors": [[0.0706, 0.0328, 0.0422, 0.0216, 0.7332, 0.0683, 0.0312], [0.0807, 0.0514, 0.0911, 0.046, 0.6546, 0.0572, 0.019], [0.0592, 0.0194, 0.0397, 0.0429, 0.7578, 0.022, 0.059], [0.0395, 0.0175, 0.014, 0.0223, 0.8628, 0.019, 0.0249], [0.0681, 0.0195, 0.0242, 0.0788, 0.7035, 0.0416, 0.0643], [0.0347, 0.0249, 0.0482, 0.0295, 0.7357, 0.0645, 0.0625], [0.0466, 0.032, 0.0494, 0.047, 0.7378, 0.0555, 0.0317], [0.0586, 0.0751, 0.0467, 0.0727, 0.6764, 0.0552, 0.0154], [0.0764, 0.0155, 0.0314, 0.0536, 0.7605, 0.0353, 0.0272], [0.0331, 0.054, 0.069, 0.0614, 0.6785, 0.0538, 0.0503], [0.0708, 0.0619, 0.053, 0.0408, 0.6549, 0.0711, 0.0475], [0.0645, 0.028, 0.0489, 0.0654, 0.6884, 0.0392, 0.0656], [0.0306, 0.0648, 0.0721, 0.058, 0.7165, 0.043, 0.015], [0.0746, 0.0277, 0.0328, 0.0634, 0.7329, 0.0303, 0.0383], [0.0365, 0.0216, 0.0172, 0.0207, 0.7652, 0.0895, 0.0494], [0.0343, 0.0166, 0.0174, 0.0619, 0.8228, 0.0145, 0.0324], [0.0287, 0.0314, 0.0703, 0.0457, 0.7013, 0.0511, 0.0715], [0.0112, 0.0555, 0.0288, 0.0647, 0.7648, 0.0408, 0.0342], [0.0313, 0.0279, 0.0465, 0.0584, 0.7051, 0.0897, 0.0412], [0.0175, 0.0294, 0.0252, 0.0778, 0.7267, 0.0899, 0.0335], [0.0173, 0.093, 0.0698, 0.0401, 0.6636, 0.0221, 0.0941], [0.0658, 0.091, 0.0738, 0.0613, 0.5993, 0.0685, 0.0403], [0.086, 0.027, 0.05, 0.0939, 0.6559, 0.0645, 0.0227], [0.0235, 0.0722, 0.0352, 0.0667, 0.744, 0.0234, 0.0351], [0.0635, 0.0809, 0.0629, 0.0601, 0.6094, 0.0705, 0.0528], [0.069, 0.0448, 0.0335, 0.0582, 0.7163, 0.0119, 0.0664], [0.0979, 0.0528, 0.0781, 0.0244, 0.6018, 0.0967, 0.0483], [0.0645, 0.0438, 0.0638, 0.0446, 0.671, 0.0545, 0.0579], [0.0345, 0.0677, 0.0361, 0.0742, 0.6575, 0.0495, 0.0806], [0.0849, 0.0391, 0.0214, 0.0959, 0.6903, 0.0424, 0.026], [0.0442, 0.0237, 0.019, 0.0586, 0.7457, 0.0501, 0.0588], [0.0556, 0.054, 0.0356, 0.0483, 0.678, 0.07, 0.0585], [0.0288, 0.0293, 0.0494, 0.0859, 0.6484, 0.0811, 0.0772], [0.0503, 0.0486, 0.0763, 0.0575, 0.6486, 0.0615, 0.0572], [0.0125, 0.0844, 0.0168, 0.0682, 0.6826, 0.0814, 0.0542], [0.0458, 0.0595, 0.0262, 0.0605, 0.7068, 0.0458, 0.0554], [0.0374, 0.0494, 0.0315, 0.0175, 0.7254, 0.0696, 0.0692], [0.0504, 0.0476, 0.06, 0.0485, 0.6486, 0.0721, 0.0727], [0.0417, 0.0862, 0.0514, 0.0772, 0.6213, 0.0488, 0.0734], [0.0583, 0.0834, 0.0262, 0.0427, 0.6814, 0.0396, 0.0684], [0.0683, 0.0547, 0.051, 0.0214, 0.7217, 0.0164, 0.0666], [0.0236, 0.0897, 0.0418, 0.0963, 0.6811, 0.0364, 0.0311], [0.0888, 0.0138, 0.0821, 0.0299, 0.671, 0.0488, 0.0657], [0.012, 0.0521, 0.0586, 0.0573, 0.6734, 0.0706, 0.0762], [0.079, 0.0162, 0.079, 0.021, 0.7433, 0.0135, 0.048], [0.0581, 0.1006, 0.0165, 0.1032, 0.6731, 0.0261, 0.0224], [0.0512, 0.014, 0.0815, 0.0281, 0.6716, 0.0818, 0.0719], [0.0226, 0.0314, 0.0444, 0.0391, 0.7877, 0.0454, 0.0294], [0.0716, 0.0218, 0.0676, 0.0441, 0.6604, 0.0544, 0.0801], [0.0718, 0.0283, 0.0426, 0.0818, 0.7194, 0.0351, 0.0211], [0.0539, 0.0497, 0.0198, 0.0642, 0.7211, 0.0486, 0.0428], [0.0747, 0.0328, 0.0861, 0.0417, 0.6304, 0.046, 0.0883], [0.0673, 0.0611, 0.0339, 0.0535, 0.6764, 0.0433, 0.0645], [0.0499, 0.0802, 0.0466, 0.0339, 0.6431, 0.0767, 0.0696], [0.0586, 0.0568, 0.07, 0.0784, 0.6307, 0.0822, 0.0233], [0.0412, 0.0532, 0.0294, 0.0618, 0.6595, 0.0806, 0.0743], [0.0728, 0.0546, 0.0266, 0.0357, 0.7421, 0.0339, 0.0342], [0.075, 0.0832, 0.0322, 0.0137, 0.708, 0.0705, 0.0173], [0.0283, 0.0691, 0.0596, 0.076, 0.6568, 0.046, 0.0642], [0.0382, 0.0344, 0.0516, 0.0447, 0.6827, 0.0686, 0.0798], [0.0263, 0.0448, 0.0578, 0.032, 0.7468, 0.0422, 0.0502], [0.0632, 0.0601, 0.0239, 0.0567, 0.712, 0.0589, 0.0252], [0.0772, 0.0786, 0.0549, 0.0363, 0.6986, 0.0121, 0.0422], [0.0515, 0.0195, 0.0887, 0.0652, 0.6857, 0.0725, 0.0169], [0.0208, 0.0695, 0.0542, 0.0422, 0.7469, 0.0218, 0.0446], [0.0334, 0.0411, 0.0284, 0.0562, 0.7052, 0.0547, 0.0812], [0.0517, 0.0546, 0.0176, 0.066, 0.71, 0.0642, 0.036], [0.0505, 0.0368, 0.0793, 0.0166, 0.762, 0.0229, 0.032], [0.0453, 0.074, 0.019, 0.0477, 0.6979, 0.0388, 0.0773], [0.0814, 0.0321, 0.0176, 0.0188, 0.7102, 0.0752, 0.0646], [0.0916, 0.0309, 0.0762, 0.0171, 0.6762, 0.0499, 0.0581], [0.0622, 0.012, 0.0688, 0.0163, 0.733, 0.0353, 0.0724], [0.0322, 0.0463, 0.0404, 0.0439, 0.7442, 0.0142, 0.0788], [0.0588, 0.0864, 0.0694, 0.0816, 0.6088, 0.0581, 0.0368], [0.0533, 0.0159, 0.0818, 0.0489, 0.6847, 0.0912, 0.0243], [0.0395, 0.1013, 0.0591, 0.0151, 0.71, 0.0265, 0.0487], [0.0592, 0.0984, 0.026, 0.0339, 0.7151, 0.0193, 0.048], [0.0698, 0.0157, 0.0607, 0.0423, 0.7278, 0.071, 0.0127], [0.0779, 0.0151, 0.0669, 0.0855, 0.603, 0.0728, 0.0789], [0.0654, 0.0539, 0.0607, 0.0661, 0.6761, 0.0491, 0.0287]], "emotions": ["red", "red", "red", "red", "red", "red", "red", "red", "red", "red", "red", "red", "red", "red", "red", "red", "red", "red", "red", "red", "red", "red", "red", "red", "red", "red", "red", "red", "red", "red", "red", "red", "red", "red", "red", "red", "red", "red", "red", "red", "red", "red", "red", "red", "red", "red", "red", "red", "red", "red", "red", "red", "red", "red", "red", "red", "red", "red", "red", "red", "red", "red", "red", "red", "red", "red", "red", "red", "red", "red", "red", "red", "red", "red", "red", "red", "red", "red", "red", "red"], "timestamps": [0, 40, 80, 120, 160, 200, 240, 280, 320, 360, 400, 440, 480, 520, 560, 600, 640, 680, 720, 760, 800, 840, 880, 920, 960, 1000, 1040, 1080, 1120, 1160, 1200, 1240, 1280, 1320, 1360, 1400, 1440, 1480, 1520, 1560, 1600, 1640, 1680, 1720, 1760, 1800, 1840, 1880, 1920, 1960, 2000, 2040, 2080, 2120, 2160, 2200, 2240, 2280, 2320, 2360, 2400, 2440, 2480, 2520, 2560, 2600, 2640, 2680, 2720, 2760, 2800, 2840, 2880, 2920, 2960, 3000, 3040, 3080, 3120, 3160]}], "conversation": [], "conversation_timestamps": []}