{"agent_id": "agent-green-1887", "type": "green", "trips": [{"trip_id": 0, "transport_method": "car", "start_time": 0, "path": [[1.4926136, 42.4669804], [1.4932896, 42.4687661], [1.4932363, 42.4707471], [1.4933823, 42.4726036], [1.4919592, 42.4737908], [1.490833, 42.4752643], [1.4905207, 42.4771791], [1.4902085, 42.4791483], [1.4898964, 42.4811175], [1.4894682, 42.4808384], [1.4896713, 42.4789102], [1.4906138, 42.47716], [1.4905289, 42.4777663], [1.4903714, 42.4797539], [1.490214, 42.4817415], [1.4907019, 42.483582], [1.4920814, 42.4847826], [1.4937928, 42.4856582], [1.4947218, 42.4873004], [1.4954202, 42.4890354], [1.496292, 42.4907342], [1.4977, 42.4920105], [1.4994493, 42.4929654], [1.5008913, 42.4942596], [1.5026937, 42.4951117], [1.5045288, 42.4958733], [1.5063852, 42.4965864], [1.5082455, 42.4972999], [1.5100343, 42.4981802], [1.5113482, 42.4996638], [1.5125568, 42.5012494], [1.5140019, 42.5023747], [1.5133591, 42.5019071], [1.5147731, 42.5025772], [1.5152833, 42.5029035], [1.5166422, 42.5036851], [1.5186213, 42.5035935], [1.5204604, 42.5040496], [1.5222443, 42.5047908], [1.5242046, 42.5049602], [1.526163, 42.5053255], [1.5275037, 42.5053296], [1.5293088, 42.5054418], [1.5310699, 42.5062365], [1.532375, 42.5066368], [1.533684, 42.5068913], [1.5354374, 42.5076637], [1.5373864, 42.507935], [1.539327, 42.5082578], [1.5410905, 42.5087195], [1.5423007, 42.5089006], [1.5442348, 42.5092971], [1.5461357, 42.5096698], [1.5464014, 42.5099037], [1.5472331, 42.5112025], [1.5491677, 42.5116838], [1.5503335, 42.5121116], [1.5512519, 42.5127691], [1.5514499, 42.5128964], [1.5525034, 42.5136172], [1.5531212, 42.5154183], [1.5539791, 42.5171966], [1.5556266, 42.518196], [1.556984, 42.5195783], [1.5583497, 42.5209893], [1.559775, 42.5220392], [1.5606004, 42.5226203], [1.5621241, 42.52389], [1.5637856, 42.5248817], [1.5656257, 42.5255572], [1.5672796, 42.5266541], [1.5689673, 42.5276912], [1.5706467, 42.5287543], [1.5721505, 42.5300438], [1.5733925, 42.5315966], [1.5750861, 42.5324435], [1.5770274, 42.5327979], [1.5789637, 42.5331904], [1.5806413, 42.5341042], [1.5812449, 42.5350209]], "mood_vectors": [[0.0503, 0.0316, 0.0218, 0.083, 0.0359, 0.0308, 0.7467], [0.0474, 0.0726, 0.0135, 0.0786, 0.0624, 0.054, 0.6715], [0.0648, 0.0268, 0.0795, 0.0802, 0.0552, 0.0424, 0.651], [0.02, 0.0584, 0.0625, 0.0508, 0.076, 0.0841, 0.6481], [0.0581, 0.0387, 0.0261, 0.0414, 0.0583, 0.0434, 0.7341], [0.0154, 0.0821, 0.0663, 0.0218, 0.078, 0.0593, 0.677], [0.027, 0.0683, 0.0447, 0.0364, 0.0585, 0.0394, 0.7257], [0.0358, 0.0785, 0.0434, 0.0603, 0.0137, 0.0312, 0.7372], [0.0207, 0.0593, 0.0293, 0.0833, 0.0716, 0.0494, 0.6864], [0.0517, 0.0576, 0.0382, 0.0948, 0.0401, 0.0193, 0.6984], [0.032, 0.0454, 0.0482, 0.0752, 0.0448, 0.0498, 0.7046], [0.0753, 0.0735, 0.0176, 0.0148, 0.0239, 0.0262, 0.7687], [0.0671, 0.0177, 0.0303, 0.0546, 0.0669, 0.0454, 0.7179], [0.0446, 0.0325, 0.0474, 0.0466, 0.054, 0.0676, 0.7073], [0.0351, 0.0644, 0.0637, 0.0241, 0.0507, 0.0122, 0.7499], [0.0567, 0.0187, 0.0651, 0.0659, 0.0322, 0.05, 0.7115], [0.015, 0.0657, 0.0574, 0.0518, 0.0602, 0.05, 0.6999], [0.0402, 0.0613, 0.0831, 0.0363, 0.0403, 0.0276, 0.7113], [0.0631, 0.0693, 0.0307, 0.0149, 0.03, 0.0505, 0.7415], [0.044, 0.0527, 0.0479, 0.0553, 0.0704, 0.0635, 0.6663], [0.0511, 0.0722, 0.0187, 0.0132, 0.0143, 0.0744, 0.7561], [0.0759, 0.0208, 0.0272, 0.0686, 0.04, 0.063, 0.7044], [0.0359, 0.03, 0.0725, 0.0165, 0.0717, 0.014, 0.7593], [0.069, 0.0325, 0.0492, 0.0502, 0.0673, 0.0665, 0.6654], [0.0801, 0.0164, 0.0197, 0.0402, 0.016, 0.0138, 0.8137], [0.0744, 0.0612, 0.044, 0.0307, 0.0397, 0.028, 0.7221], [0.0361, 0.0821, 0.0342, 0.0337, 0.0269, 0.0534, 0.7337], [0.0363, 0.0555, 0.0223, 0.0247, 0.0338, 0.0964, 0.7309], [0.0333, 0.0432, 0.0208, 0.0469, 0.0285, 0.0561, 0.7713], [0.0701, 0.0428, 0.0556, 0.0427, 0.0177, 0.0476, 0.7234], [0.023, 0.0459, 0.0302, 0.0302, 0.0621, 0.0787, 0.7298], [0.0605, 0.0186, 0.0267, 0.0345, 0.06, 0.0768, 0.7229], [0.0655, 0.0712, 0.0568, 0.0418, 0.0679, 0.0386, 0.6581], [0.0176, 0.0591, 0.0381, 0.0616, 0.0411, 0.0556, 0.7268], [0.0306, 0.0361, 0.0663, 0.0518, 0.061, 0.0312, 0.7229], [0.0398, 0.022, 0.0663, 0.0184, 0.0442, 0.0479, 0.7613], [0.0514, 0.0358, 0.0819, 0.0861, 0.0417, 0.0248, 0.6783], [0.0698, 0.0437, 0.0612, 0.0259, 0.04, 0.0275, 0.7319], [0.0584, 0.0504, 0.0663, 0.0492, 0.049, 0.03, 0.6966], [0.0255, 0.0587, 0.034, 0.0647, 0.0679, 0.0738, 0.6753], [0.0399, 0.0251, 0.0444, 0.042, 0.0453, 0.0739, 0.7294], [0.0301, 0.0624, 0.0181, 0.0155, 0.0367, 0.0334, 0.8038], [0.0287, 0.0138, 0.0791, 0.0751, 0.0874, 0.0591, 0.6568], [0.0392, 0.065, 0.0618, 0.0794, 0.0604, 0.0522, 0.6419], [0.076, 0.0765, 0.0792, 0.0318, 0.034, 0.0716, 0.631], [0.0608, 0.0229, 0.0389, 0.0548, 0.0583, 0.0658, 0.6984], [0.0757, 0.0792, 0.0184, 0.0774, 0.0456, 0.0388, 0.6649], [0.0554, 0.044, 0.0661, 0.0668, 0.0346, 0.0258, 0.7073], [0.0639, 0.0739, 0.0659, 0.0203, 0.0228, 0.0466, 0.7066], [0.0761, 0.0927, 0.0339, 0.0629, 0.0242, 0.0261, 0.6842], [0.092, 0.0763, 0.0331, 0.0464, 0.0322, 0.0375, 0.6825], [0.0319, 0.0445, 0.0241, 0.0236, 0.0673, 0.0432, 0.7653], [0.065, 0.0853, 0.0352, 0.0949, 0.0379, 0.045, 0.6366], [0.021, 0.0227, 0.0583, 0.0215, 0.0266, 0.0754, 0.7746], [0.0185, 0.0601, 0.0825, 0.0358, 0.0506, 0.0525, 0.7], [0.0458, 0.0177, 0.035, 0.0571, 0.0586, 0.0289, 0.7568], [0.0782, 0.0357, 0.0559, 0.0564, 0.0682, 0.0436, 0.6621], [0.05, 0.0171, 0.0911, 0.0431, 0.0243, 0.0766, 0.6979], [0.0655, 0.0542, 0.074, 0.0321, 0.0405, 0.0618, 0.6718], [0.0656, 0.0371, 0.0276, 0.0727, 0.0312, 0.0578, 0.708], [0.0517, 0.0755, 0.0731, 0.034, 0.0409, 0.0567, 0.6681], [0.0947, 0.0195, 0.0425, 0.0464, 0.0578, 0.0286, 0.7106], [0.057, 0.0403, 0.0589, 0.0192, 0.0524, 0.07, 0.7022], [0.0435, 0.0391, 0.0342, 0.0464, 0.0201, 0.0637, 0.753], [0.0266, 0.0337, 0.0442, 0.0283, 0.0346, 0.0344, 0.7983], [0.0743, 0.0292, 0.0632, 0.0557, 0.0465, 0.0793, 0.6517], [0.0679, 0.0522, 0.0715, 0.079, 0.0639, 0.0559, 0.6096], [0.0605, 0.0281, 0.0752, 0.0244, 0.0768, 0.0822, 0.653], [0.0495, 0.0722, 0.0687, 0.041, 0.0391, 0.0517, 0.6778], [0.0871, 0.0682, 0.0498, 0.0523, 0.0539, 0.0794, 0.6094], [0.0174, 0.0742, 0.0612, 0.0654, 0.0655, 0.0372, 0.679], [0.037, 0.0675, 0.0727, 0.0385, 0.0538, 0.02, 0.7105], [0.0458, 0.0335, 0.0734, 0.0677, 0.069, 0.0994, 0.6112], [0.0719, 0.0157, 0.0899, 0.0173, 0.062, 0.0857, 0.6574], [0.032, 0.0658, 0.0868, 0.0496, 0.0395, 0.0182, 0.7082], [0.0223, 0.0131, 0.0704, 0.0245, 0.0364, 0.0895, 0.7438], [0.093, 0.0148, 0.0392, 0.0496, 0.0622, 0.0931, 0.6481], [0.0218, 0.0311, 0.0658, 0.0601, 0.0642, 0.0479, 0.7091], [0.0284, 0.0972, 0.0884, 0.0635, 0.0172, 0.0541, 0.6512], [0.0801, 0.0793, 0.0322, 0.0187, 0.0795, 0.0738, 0.6363]], "emotions": ["purple", "purple", "purple", "purple", "purple", "purple", "purple", "purple", "purple", "purple", "purple", "purple", "purple", "purple", "purple", "purple", "purple", "purple", "purple", "purple", "purple", "purple", "purple", "purple", "purple", "purple", "purple", "purple", "purple", "purple", "purple", "purple", "purple", "purple", "purple", "purple", "purple", "purple", "purple", "purple", "purple", "purple", "purple", "purple", "purple", "purple", "purple", "purple", "purple", "purple", "purple", "purple", "purple", "purple", "purple", "purple", "purple", "purple", "purple", "purple", "purple", "purple", "purple", "purple", "purple", "purple", "purple", "purple", "purple", "purple", "purple", "purple", "purple", "purple", "purple", "purple", "purple", "purple", "purple", "purple"], "timestamps": [0, 40, 80, 120, 160, 200, 240, 280, 320, 360, 400, 440, 480, 520, 560, 600, 640, 680, 720, 760, 800, 840, 880, 920, 960, 1000, 1040, 1080, 1120, 1160, 1200, 1240, 1280, 1320, 1360, 1400, 1440, 1480, 1520, 1560, 1600, 1640, 1680, 1720, 1760, 1800, 1840, 1880, 1920, 1960, 2000, 2040, 2080, 2120, 2160, 2200, 2240, 2280, 2320, 2360, 2400, 2440, 2480, 2520, 2560, 2600, 2640, 2680, 2720, 2760, 2800, 2840, 2880, 2920, 2960, 3000, 3040, 3080, 3120, 3160]}], "conversation": [], "conversation_timestamps": []}