{"agent_id": "agent-orange-1763", "type": "orange", "trips": [{"trip_id": 0, "transport_method": "bus", "start_time": 0, "path": [[1.5215655, 42.5053333], [1.5219097, 42.5047501], [1.5205214, 42.5041126], [1.520582, 42.5040998], [1.5219703, 42.5047079], [1.5208356, 42.5043682], [1.5194034, 42.5038367], [1.517985, 42.5036756], [1.5164724, 42.5036415], [1.5151801, 42.5028388], [1.513801, 42.5022535], [1.5126906, 42.5014275], [1.5117731, 42.5002061], [1.5108274, 42.4990063], [1.509702, 42.4980118], [1.5083298, 42.4973405], [1.5069126, 42.4967737], [1.5054675, 42.4962787], [1.5040878, 42.4956338], [1.5026616, 42.4950961], [1.5012804, 42.4944437], [1.5001561, 42.4935163], [1.4989009, 42.492654], [1.4975589, 42.4919251], [1.4963416, 42.49103], [1.4959206, 42.4896171], [1.49493, 42.4884542], [1.4947379, 42.4870074], [1.4939278, 42.4857645], [1.4926754, 42.4849111], [1.4912591, 42.4844836], [1.4905065, 42.4832138], [1.4897406, 42.4818951], [1.4894201, 42.4804174], [1.4896485, 42.4789458], [1.4904267, 42.4776321], [1.4907655, 42.4762394], [1.4908007, 42.4747298], [1.4905605, 42.4732598], [1.4912159, 42.4718852], [1.4919051, 42.4705237], [1.4919212, 42.4690317], [1.4915606, 42.4675583], [1.4919444, 42.4662801], [1.4911666, 42.4651389], [1.490844, 42.4636975], [1.4909178, 42.4623232], [1.4903167, 42.4615688], [1.4893944, 42.4603561], [1.4885465, 42.4590877], [1.4876274, 42.4580801], [1.4873171, 42.4576706], [1.4866554, 42.4563149], [1.4867923, 42.4548186], [1.4869195, 42.4533506], [1.4865617, 42.4519594], [1.4865719, 42.4506467], [1.4863857, 42.4494445], [1.4860809, 42.4484796], [1.4868668, 42.4474241], [1.4859235, 42.4463632], [1.4865712, 42.4450388], [1.4870984, 42.4436147], [1.487989, 42.4428063], [1.4882069, 42.4443184], [1.4881678, 42.4452909], [1.488086, 42.4438197], [1.4879902, 42.4427964], [1.4882315, 42.4443049], [1.4884251, 42.4450692], [1.489016, 42.4437035], [1.4898013, 42.4425668], [1.4894615, 42.4411866], [1.490366, 42.4399677], [1.4904671, 42.438607], [1.4908373, 42.4383704], [1.492244, 42.4389449], [1.4928166, 42.4399557], [1.4930959, 42.4384797], [1.4920084, 42.4375159]], "mood_vectors": [[0.0579, 0.0561, 0.0297, 0.0425, 0.7375, 0.045, 0.0313], [0.0419, 0.0642, 0.049, 0.0725, 0.6336, 0.0675, 0.0714], [0.0808, 0.0272, 0.0772, 0.0755, 0.6407, 0.0404, 0.0582], [0.0169, 0.0779, 0.0717, 0.0772, 0.6596, 0.0488, 0.048], [0.0666, 0.0396, 0.0281, 0.0496, 0.6351, 0.092, 0.089], [0.0666, 0.0371, 0.0599, 0.0113, 0.6968, 0.0573, 0.0709], [0.0777, 0.0771, 0.0342, 0.0472, 0.676, 0.0595, 0.0282], [0.0588, 0.03, 0.0416, 0.0577, 0.7372, 0.0299, 0.0448], [0.0639, 0.0309, 0.0184, 0.0474, 0.7859, 0.0385, 0.0151], [0.0766, 0.0758, 0.0677, 0.0255, 0.6779, 0.0306, 0.046], [0.0747, 0.027, 0.0479, 0.0258, 0.6942, 0.0812, 0.0493], [0.0805, 0.0367, 0.0737, 0.0152, 0.6617, 0.0679, 0.0643], [0.0616, 0.0138, 0.0612, 0.0667, 0.6754, 0.0599, 0.0615], [0.0643, 0.0639, 0.0417, 0.0651, 0.6807, 0.0665, 0.0178], [0.0523, 0.059, 0.059, 0.0731, 0.6514, 0.0753, 0.03], [0.0454, 0.0666, 0.0152, 0.0331, 0.7622, 0.0264, 0.0511], [0.025, 0.0742, 0.0549, 0.0141, 0.6995, 0.0769, 0.0555], [0.0561, 0.0705, 0.0621, 0.0581, 0.6275, 0.0568, 0.069], [0.053, 0.0755, 0.0578, 0.0186, 0.7351, 0.0267, 0.0333], [0.0746, 0.0536, 0.0365, 0.0416, 0.7155, 0.0591, 0.0191], [0.0231, 0.0344, 0.0486, 0.0177, 0.7607, 0.0283, 0.0872], [0.045, 0.0491, 0.0591, 0.0718, 0.6918, 0.0692, 0.0139], [0.0163, 0.0604, 0.0137, 0.0779, 0.7702, 0.0428, 0.0188], [0.0689, 0.0165, 0.064, 0.0618, 0.7408, 0.014, 0.034], [0.0774, 0.0152, 0.0538, 0.0544, 0.6735, 0.0667, 0.0591], [0.0684, 0.0363, 0.0494, 0.0129, 0.7417, 0.0544, 0.0369], [0.0171, 0.0387, 0.0738, 0.0498, 0.7342, 0.0291, 0.0574], [0.0602, 0.0199, 0.0759, 0.0833, 0.6402, 0.0639, 0.0567], [0.0549, 0.0427, 0.0278, 0.0308, 0.7179, 0.0505, 0.0755], [0.0734, 0.0586, 0.0645, 0.0665, 0.6337, 0.0377, 0.0656], [0.0691, 0.0408, 0.0543, 0.0135, 0.7051, 0.0574, 0.0597], [0.0533, 0.0717, 0.0434, 0.0132, 0.6836, 0.0807, 0.0542], [0.0519, 0.0627, 0.0403, 0.018, 0.7418, 0.0619, 0.0232], [0.0291, 0.0602, 0.0239, 0.0524, 0.7102, 0.0657, 0.0586], [0.0565, 0.0807, 0.0203, 0.0685, 0.6899, 0.0638, 0.0203], [0.016, 0.053, 0.0341, 0.0305, 0.7526, 0.0669, 0.0468], [0.0553, 0.0232, 0.0625, 0.0456, 0.7332, 0.0482, 0.032], [0.0857, 0.0432, 0.0432, 0.0478, 0.7089, 0.0266, 0.0446], [0.0162, 0.027, 0.0708, 0.0693, 0.754, 0.0389, 0.0238], [0.0477, 0.0757, 0.0252, 0.0769, 0.6491, 0.0653, 0.06], [0.0518, 0.0259, 0.0426, 0.0379, 0.733, 0.066, 0.0429], [0.0747, 0.025, 0.0416, 0.0585, 0.7085, 0.0518, 0.0399], [0.0695, 0.0482, 0.0549, 0.0781, 0.6927, 0.0404, 0.0161], [0.0371, 0.0203, 0.0284, 0.0215, 0.784, 0.0409, 0.0677], [0.0898, 0.0487, 0.0665, 0.0383, 0.7071, 0.0335, 0.0161], [0.0157, 0.039, 0.0461, 0.0333, 0.7472, 0.072, 0.0467], [0.0669, 0.0534, 0.0727, 0.0312, 0.7179, 0.026, 0.032], [0.0375, 0.0491, 0.0198, 0.0627, 0.7122, 0.0366, 0.0822], [0.0301, 0.0323, 0.079, 0.0168, 0.6815, 0.1028, 0.0574], [0.0271, 0.0607, 0.0726, 0.0661, 0.6452, 0.0634, 0.0649], [0.0342, 0.071, 0.0448, 0.0609, 0.7361, 0.0388, 0.0142], [0.0444, 0.0731, 0.077, 0.0771, 0.6344, 0.0381, 0.0559], [0.0347, 0.0162, 0.0336, 0.0665, 0.7034, 0.0702, 0.0755], [0.088, 0.081, 0.0466, 0.0408, 0.652, 0.0188, 0.0727], [0.0142, 0.0631, 0.056, 0.02, 0.713, 0.0653, 0.0684], [0.0227, 0.0269, 0.0579, 0.0452, 0.7046, 0.0749, 0.0676], [0.0934, 0.0637, 0.0307, 0.0179, 0.6409, 0.0864, 0.067], [0.0843, 0.0801, 0.055, 0.0898, 0.6344, 0.0365, 0.0198], [0.025, 0.0292, 0.0591, 0.0452, 0.7332, 0.0669, 0.0415], [0.0779, 0.0435, 0.0501, 0.043, 0.7006, 0.0677, 0.0171], [0.0379, 0.0843, 0.0373, 0.0238, 0.7057, 0.0266, 0.0844], [0.0746, 0.0768, 0.026, 0.046, 0.6474, 0.0375, 0.0917], [0.0398, 0.0278, 0.0524, 0.0333, 0.742, 0.0351, 0.0695], [0.0639, 0.0389, 0.0312, 0.0463, 0.7425, 0.0408, 0.0364], [0.0183, 0.0353, 0.0363, 0.0796, 0.7502, 0.0462, 0.034], [0.0382, 0.0532, 0.0722, 0.0772, 0.6906, 0.029, 0.0396], [0.0825, 0.0171, 0.0546, 0.0228, 0.7098, 0.0417, 0.0715], [0.0274, 0.0408, 0.0923, 0.0949, 0.6821, 0.0476, 0.0149], [0.076, 0.0154, 0.0259, 0.065, 0.699, 0.097, 0.0217], [0.0419, 0.0202, 0.0593, 0.054, 0.6917, 0.0557, 0.0771], [0.016, 0.0384, 0.0294, 0.0281, 0.8256, 0.0288, 0.0337], [0.0248, 0.0387, 0.0431, 0.0742, 0.7209, 0.0442, 0.054], [0.048, 0.0842, 0.0367, 0.0325, 0.7445, 0.0172, 0.037], [0.0331, 0.042, 0.036, 0.0781, 0.6897, 0.0709, 0.0503], [0.0631, 0.0648, 0.017, 0.0729, 0.6991, 0.0325, 0.0507], [0.0603, 0.0701, 0.0686, 0.0447, 0.6985, 0.0291, 0.0286], [0.0133, 0.0635, 0.0366, 0.0572, 0.6987, 0.0675, 0.0631], [0.0581, 0.0463, 0.0594, 0.0594, 0.6789, 0.0685, 0.0294], [0.0259, 0.0708, 0.0162, 0.0723, 0.6769, 0.0641, 0.0738], [0.1051, 0.0533, 0.0295, 0.0565, 0.6622, 0.0448, 0.0486]], "emotions": ["red", "red", "red", "red", "red", "red", "red", "red", "red", "red", "red", "red", "red", "red", "red", "red", "red", "red", "red", "red", "red", "red", "red", "red", "red", "red", "red", "red", "red", "red", "red", "red", "red", "red", "red", "red", "red", "red", "red", "red", "red", "red", "red", "red", "red", "red", "red", "red", "red", "red", "red", "red", "red", "red", "red", "red", "red", "red", "red", "red", "red", "red", "red", "red", "red", "red", "red", "red", "red", "red", "red", "red", "red", "red", "red", "red", "red", "red", "red", "red"], "timestamps": [0, 40, 80, 120, 160, 200, 240, 280, 320, 360, 400, 440, 480, 520, 560, 600, 640, 680, 720, 760, 800, 840, 880, 920, 960, 1000, 1040, 1080, 1120, 1160, 1200, 1240, 1280, 1320, 1360, 1400, 1440, 1480, 1520, 1560, 1600, 1640, 1680, 1720, 1760, 1800, 1840, 1880, 1920, 1960, 2000, 2040, 2080, 2120, 2160, 2200, 2240, 2280, 2320, 2360, 2400, 2440, 2480, 2520, 2560, 2600, 2640, 2680, 2720, 2760, 2800, 2840, 2880, 2920, 2960, 3000, 3040, 3080, 3120, 3160]}], "conversation": [], "conversation_timestamps": []}