{"agent_id": "agent-orange-708", "type": "orange", "trips": [{"trip_id": 0, "transport_method": "bus", "start_time": 0, "path": [[1.5170732, 42.5039478], [1.5169179, 42.5037855], [1.5166932, 42.5037541], [1.5164716, 42.5037051], [1.5162581, 42.5036287], [1.5160534, 42.5035313], [1.5158606, 42.5034116], [1.5156814, 42.5032726], [1.5154999, 42.5031363], [1.515315, 42.5030045], [1.5151263, 42.5028783], [1.5149279, 42.5027684], [1.514721, 42.502675], [1.514509, 42.5025938], [1.514294, 42.5025208], [1.5140784, 42.5024498], [1.5138712, 42.5023793], [1.5140025, 42.502377], [1.5141767, 42.5025226], [1.514351, 42.5026681], [1.5145252, 42.5028137], [1.5146994, 42.5029593], [1.5148737, 42.5031048], [1.5150479, 42.5032504], [1.5152222, 42.5033959], [1.5153964, 42.5035415], [1.5155706, 42.503687], [1.5157449, 42.5038326], [1.5159191, 42.5039781], [1.5160933, 42.5041237], [1.5162676, 42.5042693], [1.5164418, 42.5044148], [1.516616, 42.5045604], [1.5167903, 42.5047059], [1.5169645, 42.5048515], [1.5170844, 42.5050408], [1.5171897, 42.505242], [1.5174017, 42.5053034], [1.5176235, 42.505352], [1.5178488, 42.5053791], [1.5180699, 42.5053822], [1.5182913, 42.5054115], [1.5185159, 42.5054431], [1.5187419, 42.5054649], [1.5189679, 42.5054866], [1.5191921, 42.5055226], [1.5194136, 42.5055722], [1.5196344, 42.5056248], [1.5198553, 42.5056774], [1.5200761, 42.5057298], [1.520297, 42.5057823], [1.5205144, 42.505845], [1.5207195, 42.5059226], [1.5209295, 42.505945], [1.5211426, 42.5060233], [1.5213551, 42.5061033], [1.5215676, 42.5061832], [1.5217369, 42.5062844], [1.5216708, 42.5065016], [1.5216739, 42.5066941], [1.5218858, 42.5067756], [1.5220978, 42.506857], [1.5223142, 42.5067954], [1.5223813, 42.5070034], [1.5224822, 42.507201], [1.5225061, 42.5074268], [1.5226394, 42.5075813], [1.5228443, 42.5076725], [1.5230644, 42.5077277], [1.523284, 42.5077853], [1.5235074, 42.5078026], [1.5237339, 42.5077869], [1.5239606, 42.5077747], [1.5241875, 42.5077742], [1.5244123, 42.5078036], [1.5246304, 42.5078516], [1.5246151, 42.5080637], [1.5245526, 42.5082738], [1.5244499, 42.5084262], [1.5242777, 42.508574]], "mood_vectors": [[0.0211, 0.0301, 0.0849, 0.0355, 0.6778, 0.089, 0.0616], [0.0361, 0.0701, 0.0336, 0.0478, 0.7251, 0.0739, 0.0135], [0.0898, 0.0373, 0.0312, 0.052, 0.671, 0.0696, 0.049], [0.0161, 0.0195, 0.0273, 0.0232, 0.8165, 0.0262, 0.0711], [0.0399, 0.0764, 0.0402, 0.0322, 0.7304, 0.0172, 0.0638], [0.0448, 0.0532, 0.0215, 0.0427, 0.7339, 0.0311, 0.0729], [0.0653, 0.0696, 0.0273, 0.0482, 0.6949, 0.0589, 0.0359], [0.0515, 0.0189, 0.0377, 0.0633, 0.7557, 0.0608, 0.012], [0.0216, 0.0628, 0.0391, 0.0308, 0.7783, 0.0233, 0.0441], [0.0194, 0.0721, 0.0262, 0.0741, 0.7006, 0.0583, 0.0493], [0.0509, 0.0578, 0.0191, 0.057, 0.7163, 0.0715, 0.0273], [0.0707, 0.0703, 0.0521, 0.061, 0.7179, 0.0171, 0.0109], [0.0622, 0.0697, 0.0634, 0.0406, 0.646, 0.0451, 0.0731], [0.0427, 0.0361, 0.0375, 0.0255, 0.747, 0.0257, 0.0856], [0.0668, 0.0533, 0.0472, 0.012, 0.721, 0.0418, 0.0577], [0.0168, 0.031, 0.0504, 0.0597, 0.7739, 0.016, 0.0522], [0.0413, 0.0508, 0.0349, 0.0177, 0.7454, 0.0816, 0.0284], [0.0309, 0.0464, 0.0435, 0.0457, 0.7828, 0.031, 0.0197], [0.0345, 0.0511, 0.0566, 0.0685, 0.7343, 0.0128, 0.0422], [0.075, 0.066, 0.0585, 0.0728, 0.6561, 0.0152, 0.0564], [0.0738, 0.0352, 0.0372, 0.0288, 0.724, 0.0416, 0.0593], [0.0733, 0.0193, 0.0885, 0.0589, 0.6481, 0.0282, 0.0838], [0.0478, 0.0561, 0.0446, 0.0628, 0.6844, 0.0792, 0.025], [0.0547, 0.064, 0.0598, 0.0222, 0.7057, 0.0732, 0.0203], [0.0603, 0.0314, 0.0681, 0.0868, 0.6086, 0.0666, 0.0782], [0.0483, 0.0421, 0.0704, 0.016, 0.7441, 0.0286, 0.0505], [0.0175, 0.0549, 0.066, 0.0851, 0.6338, 0.0605, 0.0822], [0.0149, 0.0813, 0.0327, 0.0145, 0.7446, 0.0883, 0.0236], [0.0553, 0.0607, 0.0693, 0.0499, 0.6552, 0.0363, 0.0735], [0.0585, 0.0317, 0.0617, 0.069, 0.6844, 0.0497, 0.0449], [0.0742, 0.0481, 0.0853, 0.0167, 0.6702, 0.0737, 0.0318], [0.0351, 0.0338, 0.0377, 0.0511, 0.7198, 0.0576, 0.0648], [0.0271, 0.0376, 0.0242, 0.0345, 0.7556, 0.0731, 0.0478], [0.0144, 0.0894, 0.0529, 0.0583, 0.6282, 0.0788, 0.0779], [0.0132, 0.0293, 0.0186, 0.08, 0.7602, 0.0255, 0.0731], [0.0537, 0.0121, 0.0156, 0.0731, 0.7553, 0.0695, 0.0206], [0.0694, 0.0631, 0.0145, 0.0148, 0.7531, 0.051, 0.0341], [0.0215, 0.0333, 0.0323, 0.0752, 0.6771, 0.0676, 0.093], [0.0664, 0.019, 0.0483, 0.0409, 0.6738, 0.0783, 0.0733], [0.0895, 0.0564, 0.0348, 0.0324, 0.6674, 0.067, 0.0525], [0.081, 0.0162, 0.0369, 0.0135, 0.7877, 0.0385, 0.0263], [0.0439, 0.0146, 0.0502, 0.052, 0.7712, 0.0334, 0.0347], [0.0678, 0.0303, 0.0276, 0.0615, 0.7475, 0.0262, 0.039], [0.0726, 0.0217, 0.0672, 0.0731, 0.6704, 0.0663, 0.0286], [0.0598, 0.0754, 0.0411, 0.0727, 0.6704, 0.0191, 0.0615], [0.0179, 0.0243, 0.0417, 0.0574, 0.7165, 0.0733, 0.0689], [0.0436, 0.0557, 0.0353, 0.0169, 0.7859, 0.0346, 0.0279], [0.0814, 0.0749, 0.0267, 0.0438, 0.7044, 0.015, 0.0538], [0.0785, 0.0165, 0.0705, 0.0795, 0.6386, 0.0792, 0.0372], [0.056, 0.0439, 0.0588, 0.0458, 0.7089, 0.034, 0.0526], [0.0593, 0.019, 0.0483, 0.0592, 0.7229, 0.0782, 0.0131], [0.087, 0.0467, 0.0265, 0.0699, 0.6713, 0.0456, 0.053], [0.058, 0.0734, 0.0306, 0.0238, 0.7322, 0.0601, 0.0219], [0.052, 0.0297, 0.0504, 0.066, 0.7373, 0.0332, 0.0315], [0.0513, 0.043, 0.0395, 0.0163, 0.7448, 0.033, 0.0722], [0.0336, 0.0299, 0.032, 0.0415, 0.7216, 0.0746, 0.0668], [0.0386, 0.082, 0.0342, 0.0722, 0.6831, 0.0316, 0.0584], [0.0274, 0.0275, 0.05, 0.0245, 0.7931, 0.0595, 0.0181], [0.0144, 0.0481, 0.0413, 0.0163, 0.7207, 0.0802, 0.0789], [0.0322, 0.0727, 0.0658, 0.0365, 0.7145, 0.0153, 0.0629], [0.0788, 0.0163, 0.0903, 0.0415, 0.6685, 0.0831, 0.0215], [0.0686, 0.0135, 0.086, 0.0599, 0.6283, 0.072, 0.0718], [0.0392, 0.0524, 0.0139, 0.0431, 0.7837, 0.0407, 0.027], [0.0526, 0.0553, 0.0553, 0.052, 0.6638, 0.0301, 0.0909], [0.0422, 0.0256, 0.0528, 0.0314, 0.7721, 0.0362, 0.0397], [0.0553, 0.0763, 0.0437, 0.0295, 0.694, 0.0388, 0.0625], [0.0281, 0.046, 0.0672, 0.0771, 0.7125, 0.0447, 0.0243], [0.0603, 0.0413, 0.0814, 0.0764, 0.6776, 0.0134, 0.0495], [0.0732, 0.0179, 0.0189, 0.0621, 0.705, 0.0343, 0.0885], [0.0531, 0.036, 0.0733, 0.0198, 0.6983, 0.0318, 0.0878], [0.0378, 0.0624, 0.065, 0.0207, 0.6936, 0.0917, 0.0289], [0.0458, 0.0236, 0.0253, 0.0732, 0.788, 0.0265, 0.0177], [0.017, 0.0231, 0.0643, 0.0326, 0.7692, 0.0668, 0.027], [0.0693, 0.0276, 0.0576, 0.0385, 0.7252, 0.0352, 0.0466], [0.0258, 0.053, 0.0611, 0.0569, 0.7348, 0.0317, 0.0366], [0.0781, 0.0733, 0.0513, 0.0271, 0.6596, 0.0183, 0.0922], [0.0291, 0.0511, 0.0163, 0.095, 0.7345, 0.0377, 0.0362], [0.0344, 0.0317, 0.0445, 0.0652, 0.7786, 0.0128, 0.0329], [0.0292, 0.0562, 0.0674, 0.0506, 0.6661, 0.0694, 0.0612], [0.0143, 0.0478, 0.0593, 0.0603, 0.6843, 0.0414, 0.0926]], "emotions": ["red", "red", "red", "red", "red", "red", "red", "red", "red", "red", "red", "red", "red", "red", "red", "red", "red", "red", "red", "red", "red", "red", "red", "red", "red", "red", "red", "red", "red", "red", "red", "red", "red", "red", "red", "red", "red", "red", "red", "red", "red", "red", "red", "red", "red", "red", "red", "red", "red", "red", "red", "red", "red", "red", "red", "red", "red", "red", "red", "red", "red", "red", "red", "red", "red", "red", "red", "red", "red", "red", "red", "red", "red", "red", "red", "red", "red", "red", "red", "red"], "timestamps": [0, 40, 80, 120, 160, 200, 240, 280, 320, 360, 400, 440, 480, 520, 560, 600, 640, 680, 720, 760, 800, 840, 880, 920, 960, 1000, 1040, 1080, 1120, 1160, 1200, 1240, 1280, 1320, 1360, 1400, 1440, 1480, 1520, 1560, 1600, 1640, 1680, 1720, 1760, 1800, 1840, 1880, 1920, 1960, 2000, 2040, 2080, 2120, 2160, 2200, 2240, 2280, 2320, 2360, 2400, 2440, 2480, 2520, 2560, 2600, 2640, 2680, 2720, 2760, 2800, 2840, 2880, 2920, 2960, 3000, 3040, 3080, 3120, 3160]}], "conversation": [], "conversation_timestamps": []}