{"agent_id": "agent-orange-1048", "type": "orange", "trips": [{"trip_id": 0, "transport_method": "foot", "start_time": 0, "path": [[1.5316416, 42.5082504], [1.5340184, 42.5085178], [1.5364, 42.5086603], [1.5387112, 42.5087855], [1.5407272, 42.5086765], [1.5423338, 42.5089021], [1.5446666, 42.5093152], [1.5453859, 42.5093658], [1.5465557, 42.5108839], [1.5488143, 42.5115935], [1.550301, 42.5121008], [1.5515832, 42.5130484], [1.5521497, 42.5133374], [1.5527309, 42.5147735], [1.553771, 42.5168984], [1.5556618, 42.518193], [1.5572409, 42.5198934], [1.5589782, 42.5215362], [1.5599266, 42.5222761], [1.5618915, 42.5236131], [1.563818, 42.5248975], [1.5660172, 42.525747], [1.5679616, 42.5271322], [1.5700113, 42.5283365], [1.5719648, 42.5293553], [1.5736181, 42.5304757], [1.5757294, 42.5314996], [1.5781026, 42.5317765], [1.5777655, 42.5317443], [1.5801582, 42.5317489], [1.5825488, 42.5317128], [1.5845685, 42.5329068], [1.5864945, 42.5342792], [1.588435, 42.5355793], [1.5899828, 42.5372243], [1.5917891, 42.5386203], [1.5923932, 42.5408578], [1.5915781, 42.5429881], [1.5915205, 42.5452484], [1.5916986, 42.5467179], [1.5922399, 42.5488107], [1.591725, 42.5511187], [1.5912779, 42.5525284], [1.5909003, 42.5529762], [1.5912795, 42.5546611], [1.5917335, 42.5569209], [1.5932931, 42.5583085], [1.5937552, 42.5604137], [1.593756, 42.5613062], [1.5946977, 42.5630024], [1.5965503, 42.5645168], [1.5943593, 42.5637355], [1.5936621, 42.5621411], [1.595587, 42.5635624], [1.5976407, 42.5644531], [1.5993656, 42.5658172], [1.6013378, 42.5669967], [1.6032691, 42.5682408], [1.6048885, 42.5696267], [1.606755, 42.570742], [1.6090189, 42.5714848], [1.6113657, 42.5716189], [1.6136585, 42.5720859], [1.6159488, 42.5727722], [1.6180644, 42.5734805], [1.6202347, 42.5743338], [1.622251, 42.5755037], [1.6245179, 42.5762102], [1.6263222, 42.5776925], [1.6286784, 42.5777678], [1.6309114, 42.5785493], [1.6332699, 42.5781687], [1.6356268, 42.5784297], [1.6379536, 42.5788189], [1.6402279, 42.5793488], [1.6426044, 42.5795173], [1.6449833, 42.5797433], [1.6473127, 42.5801823], [1.6495257, 42.5794107], [1.6509291, 42.5798425]], "mood_vectors": [[0.0435, 0.0661, 0.0382, 0.0315, 0.7215, 0.0309, 0.0683], [0.0488, 0.0889, 0.0729, 0.0164, 0.7124, 0.0221, 0.0384], [0.0132, 0.0445, 0.0638, 0.0841, 0.6933, 0.0728, 0.0284], [0.0776, 0.0801, 0.0431, 0.0193, 0.6671, 0.0614, 0.0515], [0.0724, 0.0522, 0.0503, 0.0243, 0.6986, 0.0645, 0.0377], [0.022, 0.058, 0.0688, 0.037, 0.7255, 0.0536, 0.035], [0.085, 0.0579, 0.0244, 0.0801, 0.6649, 0.0504, 0.0374], [0.072, 0.0123, 0.0424, 0.0462, 0.7717, 0.0415, 0.0139], [0.0444, 0.054, 0.0462, 0.0202, 0.7071, 0.0684, 0.0599], [0.0293, 0.0473, 0.0138, 0.0797, 0.7071, 0.0522, 0.0705], [0.014, 0.0678, 0.0707, 0.0764, 0.6806, 0.0303, 0.0603], [0.0769, 0.0634, 0.0159, 0.0755, 0.6837, 0.0603, 0.0243], [0.063, 0.0162, 0.0501, 0.0575, 0.7265, 0.0216, 0.0651], [0.0494, 0.092, 0.0716, 0.0696, 0.6166, 0.0172, 0.0836], [0.0687, 0.0428, 0.0811, 0.0529, 0.7009, 0.0238, 0.0298], [0.0531, 0.0259, 0.0758, 0.0819, 0.6485, 0.0407, 0.0741], [0.0343, 0.0946, 0.0673, 0.0581, 0.6868, 0.0143, 0.0446], [0.0219, 0.0711, 0.0504, 0.0421, 0.7014, 0.0908, 0.0224], [0.0477, 0.0566, 0.0396, 0.0247, 0.7061, 0.075, 0.0503], [0.0224, 0.0223, 0.023, 0.0914, 0.7009, 0.0521, 0.0878], [0.0186, 0.1001, 0.0854, 0.0354, 0.636, 0.0468, 0.0776], [0.016, 0.0226, 0.0714, 0.0733, 0.7425, 0.0276, 0.0465], [0.0246, 0.0155, 0.0196, 0.0523, 0.7338, 0.064, 0.0901], [0.0915, 0.0782, 0.0412, 0.0483, 0.6772, 0.0409, 0.0227], [0.051, 0.0635, 0.044, 0.066, 0.6628, 0.0849, 0.0279], [0.057, 0.0667, 0.028, 0.0325, 0.71, 0.0484, 0.0572], [0.0626, 0.0303, 0.0218, 0.0452, 0.7353, 0.0488, 0.0558], [0.032, 0.0504, 0.0529, 0.0141, 0.7961, 0.0295, 0.025], [0.06, 0.0488, 0.0459, 0.024, 0.7664, 0.0257, 0.0291], [0.0725, 0.0228, 0.0331, 0.041, 0.6667, 0.0918, 0.0721], [0.0281, 0.0665, 0.0298, 0.0614, 0.6973, 0.0613, 0.0556], [0.058, 0.0658, 0.0563, 0.0414, 0.6693, 0.0448, 0.0644], [0.0678, 0.0183, 0.0171, 0.0368, 0.7967, 0.0274, 0.0359], [0.0287, 0.0237, 0.0663, 0.029, 0.7577, 0.0786, 0.016], [0.0628, 0.0857, 0.0254, 0.0597, 0.7242, 0.0216, 0.0206], [0.0783, 0.0536, 0.0825, 0.0734, 0.6434, 0.0464, 0.0224], [0.0489, 0.0442, 0.0155, 0.0557, 0.7778, 0.0251, 0.0329], [0.0764, 0.0168, 0.0169, 0.0607, 0.7442, 0.0326, 0.0524], [0.0249, 0.0445, 0.0615, 0.0684, 0.7136, 0.038, 0.0491], [0.0503, 0.0143, 0.0836, 0.0755, 0.6531, 0.0793, 0.0439], [0.0313, 0.0127, 0.0323, 0.0312, 0.7729, 0.079, 0.0405], [0.0519, 0.0575, 0.0583, 0.0764, 0.6632, 0.0423, 0.0504], [0.0347, 0.0349, 0.0772, 0.0516, 0.6866, 0.0827, 0.0323], [0.0469, 0.0443, 0.0181, 0.0776, 0.746, 0.0473, 0.0197], [0.0536, 0.0596, 0.0383, 0.0541, 0.7035, 0.0476, 0.0433], [0.039, 0.0459, 0.0271, 0.0857, 0.676, 0.0895, 0.0369], [0.0715, 0.0575, 0.0485, 0.0705, 0.6919, 0.023, 0.0371], [0.0375, 0.0498, 0.0911, 0.0792, 0.6378, 0.0639, 0.0406], [0.0198, 0.0524, 0.0771, 0.0312, 0.6644, 0.0714, 0.0836], [0.0713, 0.0233, 0.0287, 0.0754, 0.7234, 0.0211, 0.057], [0.0263, 0.038, 0.0876, 0.0274, 0.756, 0.0323, 0.0324], [0.0482, 0.0826, 0.0628, 0.0579, 0.7068, 0.0281, 0.0137], [0.0761, 0.0354, 0.0562, 0.0747, 0.6432, 0.0293, 0.0851], [0.0604, 0.0271, 0.0548, 0.0522, 0.7401, 0.039, 0.0265], [0.0705, 0.0474, 0.0182, 0.0743, 0.6984, 0.0516, 0.0396], [0.0678, 0.0434, 0.017, 0.0337, 0.7412, 0.0213, 0.0756], [0.0706, 0.0491, 0.0724, 0.0596, 0.678, 0.0207, 0.0495], [0.0187, 0.0402, 0.0236, 0.0306, 0.7436, 0.0774, 0.0659], [0.0455, 0.092, 0.0564, 0.0411, 0.6564, 0.0749, 0.0336], [0.0737, 0.0831, 0.0321, 0.0606, 0.629, 0.0863, 0.0352], [0.0352, 0.0745, 0.0721, 0.0113, 0.7012, 0.055, 0.0507], [0.0522, 0.0667, 0.0383, 0.0698, 0.6619, 0.0743, 0.0368], [0.0129, 0.0435, 0.0752, 0.0442, 0.7802, 0.0154, 0.0285], [0.0595, 0.0246, 0.0148, 0.0384, 0.7688, 0.0529, 0.041], [0.0624, 0.0854, 0.0549, 0.0793, 0.5699, 0.0645, 0.0837], [0.0338, 0.0443, 0.0458, 0.0351, 0.8078, 0.0181, 0.015], [0.0672, 0.0367, 0.0596, 0.048, 0.7394, 0.0307, 0.0184], [0.0675, 0.0491, 0.0559, 0.0316, 0.7147, 0.0393, 0.042], [0.0956, 0.0535, 0.0224, 0.0263, 0.6268, 0.0913, 0.0841], [0.0285, 0.0636, 0.0255, 0.067, 0.6701, 0.0556, 0.0896], [0.0363, 0.0674, 0.0538, 0.0626, 0.6418, 0.081, 0.0571], [0.021, 0.0149, 0.0679, 0.0279, 0.7754, 0.0277, 0.0653], [0.0476, 0.0513, 0.0512, 0.0514, 0.7176, 0.0369, 0.044], [0.0733, 0.0895, 0.0925, 0.0185, 0.6899, 0.0181, 0.0183], [0.0219, 0.0742, 0.0173, 0.0767, 0.6803, 0.0706, 0.059], [0.0491, 0.058, 0.0697, 0.0416, 0.6862, 0.0261, 0.0694], [0.0722, 0.0415, 0.054, 0.0892, 0.7052, 0.0133, 0.0246], [0.0349, 0.0734, 0.0642, 0.083, 0.6895, 0.0285, 0.0264], [0.0271, 0.0158, 0.0825, 0.0898, 0.6311, 0.083, 0.0707], [0.0493, 0.0796, 0.0416, 0.0486, 0.6723, 0.0439, 0.0647]], "emotions": ["red", "red", "red", "red", "red", "red", "red", "red", "red", "red", "red", "red", "red", "red", "red", "red", "red", "red", "red", "red", "red", "red", "red", "red", "red", "red", "red", "red", "red", "red", "red", "red", "red", "red", "red", "red", "red", "red", "red", "red", "red", "red", "red", "red", "red", "red", "red", "red", "red", "red", "red", "red", "red", "red", "red", "red", "red", "red", "red", "red", "red", "red", "red", "red", "red", "red", "red", "red", "red", "red", "red", "red", "red", "red", "red", "red", "red", "red", "red", "red"], "timestamps": [0, 40, 80, 120, 160, 200, 240, 280, 320, 360, 400, 440, 480, 520, 560, 600, 640, 680, 720, 760, 800, 840, 880, 920, 960, 1000, 1040, 1080, 1120, 1160, 1200, 1240, 1280, 1320, 1360, 1400, 1440, 1480, 1520, 1560, 1600, 1640, 1680, 1720, 1760, 1800, 1840, 1880, 1920, 1960, 2000, 2040, 2080, 2120, 2160, 2200, 2240, 2280, 2320, 2360, 2400, 2440, 2480, 2520, 2560, 2600, 2640, 2680, 2720, 2760, 2800, 2840, 2880, 2920, 2960, 3000, 3040, 3080, 3120, 3160]}], "conversation": [], "conversation_timestamps": []}