{"agent_id": "agent-orange-1783", "type": "orange", "trips": [{"trip_id": 0, "transport_method": "car", "start_time": 0, "path": [[1.5195424, 42.5078198], [1.5200506, 42.5074133], [1.520904, 42.5075025], [1.5217678, 42.5075296], [1.5225316, 42.5077378], [1.5233829, 42.5078113], [1.5242561, 42.5077794], [1.5251054, 42.5079827], [1.5258578, 42.508331], [1.5267113, 42.5085126], [1.527569, 42.5086253], [1.5282779, 42.5091312], [1.5289006, 42.5097415], [1.5295185, 42.5103344], [1.5295741, 42.5110327], [1.5301906, 42.5115918], [1.5309409, 42.511996], [1.5306526, 42.5127561], [1.5303078, 42.5135408], [1.5303049, 42.5143531], [1.5296184, 42.5148826], [1.5290846, 42.515569], [1.5283861, 42.5160767], [1.5276287, 42.5165142], [1.5268712, 42.5169516], [1.5264138, 42.5171601], [1.5272001, 42.5168258], [1.5279693, 42.5164494], [1.5287177, 42.5160079], [1.528442, 42.5160787], [1.5277085, 42.5165553], [1.5269751, 42.5170319], [1.5262416, 42.5175086], [1.5255081, 42.5179852], [1.5247746, 42.5184618], [1.5251922, 42.5181605], [1.5258156, 42.5175512], [1.5260101, 42.517504], [1.5252986, 42.5180128], [1.524587, 42.5185216], [1.5239341, 42.5190598], [1.5238207, 42.5199271], [1.5235123, 42.5207411], [1.5230498, 42.5214723], [1.5223336, 42.5219723], [1.521841, 42.5226794], [1.5214688, 42.5234592], [1.5209194, 42.5241388], [1.5206235, 42.5249477], [1.5205949, 42.525822], [1.5203184, 42.526631], [1.5199522, 42.5273936], [1.5204061, 42.5281262], [1.5206604, 42.528946], [1.5203142, 42.5297312], [1.5196981, 42.5302032], [1.5197925, 42.5310492], [1.5195671, 42.531858], [1.5197241, 42.5327066], [1.5195342, 42.5335384], [1.5197712, 42.53431], [1.5203962, 42.534922], [1.5210581, 42.5354931], [1.5209774, 42.5360985], [1.5203346, 42.536676], [1.5199438, 42.5374543], [1.519605, 42.5382604], [1.5194483, 42.5391154], [1.5193821, 42.539971], [1.5194051, 42.5407919], [1.518831, 42.5413621], [1.5180356, 42.5417262], [1.518642, 42.5414695], [1.5188628, 42.5413519], [1.5180722, 42.5417263], [1.5174677, 42.5423256], [1.5169993, 42.5430493], [1.5164153, 42.5436007], [1.5156872, 42.5431491], [1.5149628, 42.5427137]], "mood_vectors": [[0.0846, 0.0938, 0.0997, 0.0324, 0.6518, 0.0156, 0.0221], [0.0752, 0.0765, 0.0535, 0.0706, 0.6466, 0.0516, 0.0259], [0.0847, 0.0317, 0.0313, 0.0404, 0.6665, 0.0642, 0.0811], [0.0568, 0.0576, 0.0426, 0.0703, 0.671, 0.061, 0.0407], [0.0255, 0.0449, 0.0351, 0.0241, 0.7616, 0.0801, 0.0287], [0.0335, 0.0748, 0.0548, 0.0128, 0.762, 0.0254, 0.0368], [0.0602, 0.0845, 0.0298, 0.0331, 0.706, 0.0394, 0.047], [0.0315, 0.0423, 0.0582, 0.0829, 0.6332, 0.0662, 0.0856], [0.0574, 0.0514, 0.0573, 0.0733, 0.6786, 0.0337, 0.0482], [0.051, 0.0322, 0.0204, 0.024, 0.806, 0.0517, 0.0147], [0.0522, 0.0349, 0.0467, 0.0709, 0.7333, 0.0153, 0.0466], [0.068, 0.0324, 0.0501, 0.06, 0.6486, 0.0594, 0.0815], [0.0238, 0.0178, 0.0763, 0.0168, 0.7627, 0.0797, 0.0229], [0.0277, 0.0235, 0.0606, 0.024, 0.7274, 0.0664, 0.0704], [0.0206, 0.072, 0.076, 0.071, 0.6508, 0.0438, 0.0659], [0.0684, 0.0389, 0.0436, 0.0634, 0.6837, 0.0708, 0.0311], [0.0272, 0.0184, 0.0402, 0.0278, 0.7934, 0.05, 0.043], [0.0285, 0.0571, 0.0763, 0.0274, 0.7461, 0.0213, 0.0433], [0.036, 0.0559, 0.0508, 0.0721, 0.6909, 0.0417, 0.0526], [0.0477, 0.0532, 0.0175, 0.0825, 0.6651, 0.0686, 0.0654], [0.0551, 0.0783, 0.0551, 0.031, 0.6885, 0.0523, 0.0398], [0.0254, 0.0792, 0.0739, 0.0221, 0.7465, 0.0183, 0.0347], [0.0703, 0.0517, 0.0564, 0.0935, 0.6338, 0.0187, 0.0756], [0.0345, 0.0671, 0.0238, 0.016, 0.7814, 0.05, 0.027], [0.0558, 0.0623, 0.0167, 0.0487, 0.7313, 0.0295, 0.0557], [0.0769, 0.0726, 0.059, 0.0651, 0.643, 0.0678, 0.0156], [0.0352, 0.072, 0.06, 0.0707, 0.6411, 0.0901, 0.0308], [0.0789, 0.0535, 0.051, 0.0614, 0.6606, 0.0248, 0.0698], [0.0977, 0.0285, 0.0574, 0.0731, 0.6681, 0.0195, 0.0558], [0.0215, 0.0664, 0.0847, 0.0766, 0.6365, 0.0429, 0.0714], [0.0308, 0.0752, 0.085, 0.0179, 0.7026, 0.0574, 0.031], [0.0333, 0.0496, 0.013, 0.067, 0.7348, 0.0572, 0.045], [0.0541, 0.0144, 0.0399, 0.0385, 0.7238, 0.0997, 0.0295], [0.0238, 0.0925, 0.0145, 0.0433, 0.6742, 0.0669, 0.0848], [0.0851, 0.0397, 0.0365, 0.0663, 0.6708, 0.02, 0.0815], [0.0227, 0.0746, 0.0286, 0.0165, 0.7174, 0.0795, 0.0607], [0.0539, 0.0737, 0.0352, 0.0753, 0.6964, 0.0448, 0.0206], [0.0414, 0.0881, 0.0404, 0.0706, 0.6515, 0.0645, 0.0435], [0.0531, 0.0677, 0.0214, 0.0143, 0.7138, 0.0721, 0.0576], [0.0228, 0.0939, 0.0734, 0.0479, 0.6466, 0.0894, 0.026], [0.0589, 0.0172, 0.0286, 0.0829, 0.7022, 0.0578, 0.0524], [0.0744, 0.0198, 0.0476, 0.0565, 0.685, 0.0359, 0.0807], [0.0202, 0.0277, 0.047, 0.0313, 0.8048, 0.0497, 0.0193], [0.0452, 0.0193, 0.0327, 0.0823, 0.6721, 0.0626, 0.0858], [0.0492, 0.0668, 0.0336, 0.033, 0.7001, 0.0443, 0.073], [0.0514, 0.0248, 0.0404, 0.0438, 0.7042, 0.0688, 0.0668], [0.0416, 0.0945, 0.0835, 0.0681, 0.6136, 0.066, 0.0328], [0.0792, 0.026, 0.0185, 0.0666, 0.7587, 0.0307, 0.0203], [0.0533, 0.0765, 0.046, 0.0635, 0.6596, 0.0586, 0.0425], [0.0261, 0.0644, 0.0488, 0.0321, 0.7277, 0.0626, 0.0383], [0.0268, 0.0474, 0.0394, 0.0359, 0.7411, 0.0496, 0.0597], [0.0186, 0.0732, 0.0357, 0.0906, 0.6929, 0.0705, 0.0186], [0.0629, 0.0197, 0.0692, 0.0592, 0.6674, 0.0476, 0.0741], [0.0218, 0.0869, 0.0304, 0.0491, 0.6882, 0.0706, 0.053], [0.0706, 0.069, 0.0633, 0.0242, 0.7359, 0.0105, 0.0265], [0.0337, 0.0836, 0.0828, 0.0622, 0.5861, 0.0857, 0.066], [0.0143, 0.0725, 0.0707, 0.0849, 0.6561, 0.0307, 0.0708], [0.021, 0.057, 0.0342, 0.0366, 0.7541, 0.0246, 0.0724], [0.0176, 0.0875, 0.0757, 0.0703, 0.6421, 0.054, 0.0529], [0.0435, 0.0268, 0.0857, 0.0267, 0.6546, 0.0809, 0.0819], [0.0248, 0.0305, 0.0837, 0.0397, 0.7631, 0.0261, 0.032], [0.0354, 0.0778, 0.0486, 0.0361, 0.6981, 0.0732, 0.0308], [0.024, 0.0698, 0.0137, 0.0554, 0.76, 0.0489, 0.0281], [0.0508, 0.0338, 0.0863, 0.0825, 0.6272, 0.0399, 0.0795], [0.0505, 0.0277, 0.0858, 0.0422, 0.7347, 0.032, 0.0271], [0.0696, 0.0596, 0.0261, 0.0699, 0.6605, 0.0486, 0.0657], [0.0219, 0.0771, 0.0376, 0.064, 0.6508, 0.0789, 0.0697], [0.0744, 0.0653, 0.083, 0.0501, 0.6456, 0.0689, 0.0127], [0.0467, 0.0306, 0.0672, 0.0407, 0.6961, 0.038, 0.0808], [0.089, 0.036, 0.0472, 0.088, 0.6033, 0.0649, 0.0717], [0.068, 0.0286, 0.0227, 0.071, 0.723, 0.0295, 0.0572], [0.046, 0.0408, 0.0215, 0.0798, 0.7013, 0.0293, 0.0814], [0.0815, 0.014, 0.0572, 0.045, 0.744, 0.0464, 0.012], [0.0635, 0.0634, 0.056, 0.0664, 0.6736, 0.0653, 0.0117], [0.0226, 0.0435, 0.0866, 0.0197, 0.7122, 0.0427, 0.0727], [0.0167, 0.0162, 0.0407, 0.0781, 0.7636, 0.0405, 0.0442], [0.012, 0.0455, 0.0594, 0.0218, 0.7995, 0.0356, 0.0261], [0.0238, 0.0692, 0.0165, 0.0456, 0.7418, 0.0571, 0.046], [0.0801, 0.0141, 0.018, 0.083, 0.7418, 0.0189, 0.0442], [0.0523, 0.0628, 0.0222, 0.0192, 0.8144, 0.0161, 0.013]], "emotions": ["red", "red", "red", "red", "red", "red", "red", "red", "red", "red", "red", "red", "red", "red", "red", "red", "red", "red", "red", "red", "red", "red", "red", "red", "red", "red", "red", "red", "red", "red", "red", "red", "red", "red", "red", "red", "red", "red", "red", "red", "red", "red", "red", "red", "red", "red", "red", "red", "red", "red", "red", "red", "red", "red", "red", "red", "red", "red", "red", "red", "red", "red", "red", "red", "red", "red", "red", "red", "red", "red", "red", "red", "red", "red", "red", "red", "red", "red", "red", "red"], "timestamps": [0, 40, 80, 120, 160, 200, 240, 280, 320, 360, 400, 440, 480, 520, 560, 600, 640, 680, 720, 760, 800, 840, 880, 920, 960, 1000, 1040, 1080, 1120, 1160, 1200, 1240, 1280, 1320, 1360, 1400, 1440, 1480, 1520, 1560, 1600, 1640, 1680, 1720, 1760, 1800, 1840, 1880, 1920, 1960, 2000, 2040, 2080, 2120, 2160, 2200, 2240, 2280, 2320, 2360, 2400, 2440, 2480, 2520, 2560, 2600, 2640, 2680, 2720, 2760, 2800, 2840, 2880, 2920, 2960, 3000, 3040, 3080, 3120, 3160]}], "conversation": [], "conversation_timestamps": []}