{"agent_id": "agent-red-796", "type": "red", "trips": [{"trip_id": 0, "transport_method": "foot", "start_time": 0, "path": [[1.5413309, 42.5108851], [1.5410081, 42.5103064], [1.5409251, 42.5102943], [1.5403898, 42.5103122], [1.5397292, 42.5103634], [1.5391029, 42.5102864], [1.5385045, 42.5100586], [1.5378421, 42.5100409], [1.53718, 42.5100272], [1.5365222, 42.5100121], [1.5358674, 42.5099342], [1.5352064, 42.5098942], [1.5345444, 42.5099212], [1.5338851, 42.5098977], [1.5332423, 42.5097423], [1.5325866, 42.5096521], [1.5319607, 42.5094469], [1.531339, 42.5092195], [1.530792, 42.5089334], [1.530267, 42.5088347], [1.5296525, 42.5086146], [1.5292951, 42.5081937], [1.5287664, 42.5078337], [1.5282984, 42.5074422], [1.5276759, 42.5072578], [1.5270147, 42.5072238], [1.5263535, 42.5072085], [1.5256955, 42.507133], [1.5250492, 42.507008], [1.5244227, 42.5068839], [1.5237765, 42.5067785], [1.5231314, 42.5066293], [1.5224879, 42.5064763], [1.521854, 42.5062833], [1.5212306, 42.5060594], [1.5209462, 42.5059509], [1.5215669, 42.5061829], [1.5213014, 42.5061017], [1.520673, 42.5058916], [1.5200336, 42.5057197], [1.519389, 42.5055665], [1.5187352, 42.5054642], [1.5180754, 42.5054037], [1.5181622, 42.5054136], [1.5175016, 42.5053623], [1.5170861, 42.5053575], [1.5175589, 42.5053445], [1.5169023, 42.5052553], [1.5162807, 42.5050381], [1.5157372, 42.5046717], [1.5152443, 42.5042289], [1.5147513, 42.5037861], [1.5142584, 42.5033433], [1.5137654, 42.5029005], [1.5133646, 42.5023747], [1.5129588, 42.5018511], [1.5125955, 42.5013009], [1.5121975, 42.5007711], [1.5117995, 42.5002413], [1.5113919, 42.499719], [1.5109804, 42.4991995], [1.5105689, 42.4986802], [1.5100993, 42.4982201], [1.5095114, 42.4979152], [1.5089168, 42.4976228], [1.5083197, 42.4973356], [1.5077138, 42.4970686], [1.5070928, 42.4968376], [1.5064683, 42.496616], [1.5058421, 42.4963995], [1.5052115, 42.4961961], [1.5046115, 42.4959183], [1.5040291, 42.4956024], [1.5033977, 42.4954014], [1.5027838, 42.4951554], [1.5021887, 42.4948639], [1.5015885, 42.4945831], [1.5009872, 42.4943049], [1.500535, 42.4939426], [1.4999938, 42.4941188]], "mood_vectors": [[0.7095, 0.0891, 0.0492, 0.0342, 0.0737, 0.013, 0.0314], [0.6952, 0.034, 0.0823, 0.0137, 0.0646, 0.0396, 0.0705], [0.6916, 0.055, 0.0295, 0.0739, 0.0529, 0.0331, 0.0639], [0.6839, 0.0653, 0.0468, 0.049, 0.0573, 0.041, 0.0568], [0.7072, 0.0645, 0.0106, 0.0707, 0.0427, 0.0525, 0.0518], [0.6409, 0.0657, 0.0647, 0.0814, 0.0432, 0.0644, 0.0396], [0.7194, 0.0689, 0.0282, 0.041, 0.0551, 0.0651, 0.0223], [0.7151, 0.0165, 0.0448, 0.0655, 0.0567, 0.024, 0.0774], [0.7551, 0.0411, 0.0193, 0.0207, 0.0444, 0.0942, 0.0251], [0.6867, 0.0502, 0.0269, 0.0574, 0.0794, 0.0717, 0.0277], [0.6907, 0.0339, 0.0217, 0.0887, 0.0574, 0.0295, 0.0781], [0.7161, 0.0293, 0.0166, 0.0607, 0.0361, 0.0824, 0.0589], [0.7925, 0.0736, 0.0212, 0.0273, 0.0253, 0.0149, 0.0451], [0.6508, 0.0314, 0.054, 0.0559, 0.084, 0.0578, 0.0662], [0.6926, 0.0703, 0.0185, 0.051, 0.0673, 0.0464, 0.0539], [0.6441, 0.0244, 0.0867, 0.0421, 0.072, 0.0654, 0.0653], [0.8011, 0.0144, 0.0176, 0.0665, 0.0389, 0.0259, 0.0356], [0.7082, 0.053, 0.0234, 0.0357, 0.0695, 0.0371, 0.0731], [0.6936, 0.0417, 0.0608, 0.0619, 0.0201, 0.0749, 0.047], [0.7458, 0.0267, 0.0811, 0.0499, 0.0263, 0.0556, 0.0146], [0.6991, 0.0184, 0.0791, 0.1016, 0.0482, 0.03, 0.0235], [0.7217, 0.0137, 0.0386, 0.0505, 0.0769, 0.0765, 0.0221], [0.7768, 0.0556, 0.0378, 0.0389, 0.0178, 0.0413, 0.0318], [0.7285, 0.0326, 0.0632, 0.0221, 0.0527, 0.0454, 0.0554], [0.7498, 0.0212, 0.0659, 0.0479, 0.0449, 0.038, 0.0321], [0.7356, 0.0588, 0.0588, 0.0202, 0.0307, 0.0688, 0.027], [0.7524, 0.0132, 0.0685, 0.0133, 0.0564, 0.0237, 0.0726], [0.7793, 0.0232, 0.0291, 0.0627, 0.0366, 0.0537, 0.0155], [0.7132, 0.031, 0.0235, 0.0879, 0.0238, 0.0872, 0.0335], [0.6038, 0.0239, 0.049, 0.0831, 0.075, 0.0851, 0.0802], [0.6206, 0.0235, 0.0821, 0.0418, 0.0657, 0.0765, 0.0899], [0.7009, 0.0344, 0.0232, 0.0797, 0.0479, 0.0415, 0.0724], [0.6328, 0.0339, 0.0768, 0.0708, 0.0856, 0.0165, 0.0835], [0.621, 0.0867, 0.025, 0.036, 0.0672, 0.0753, 0.0889], [0.6741, 0.0256, 0.0837, 0.0384, 0.0564, 0.05, 0.072], [0.7022, 0.0287, 0.0171, 0.0496, 0.0795, 0.0606, 0.0624], [0.747, 0.0866, 0.0333, 0.024, 0.033, 0.0575, 0.0186], [0.7098, 0.0754, 0.0855, 0.0374, 0.0204, 0.056, 0.0154], [0.7076, 0.0363, 0.067, 0.015, 0.0541, 0.0679, 0.0521], [0.7535, 0.0596, 0.0363, 0.0527, 0.0405, 0.0414, 0.0159], [0.6715, 0.0528, 0.0464, 0.0718, 0.0409, 0.0974, 0.0193], [0.6502, 0.081, 0.0636, 0.0338, 0.0707, 0.0435, 0.0573], [0.7204, 0.044, 0.0493, 0.0517, 0.0425, 0.0452, 0.047], [0.675, 0.0436, 0.0801, 0.0314, 0.0419, 0.0501, 0.0779], [0.751, 0.0418, 0.0153, 0.0434, 0.0747, 0.0404, 0.0335], [0.7727, 0.0197, 0.0737, 0.0297, 0.025, 0.0556, 0.0236], [0.705, 0.0294, 0.0805, 0.0159, 0.0715, 0.0227, 0.075], [0.8327, 0.0339, 0.0342, 0.036, 0.0187, 0.0297, 0.0148], [0.6408, 0.0178, 0.0822, 0.0776, 0.0158, 0.0842, 0.0817], [0.7073, 0.0781, 0.0215, 0.026, 0.0248, 0.0581, 0.0842], [0.7096, 0.0616, 0.0283, 0.0656, 0.0646, 0.024, 0.0463], [0.6756, 0.0314, 0.0817, 0.0702, 0.0361, 0.0372, 0.0678], [0.7453, 0.0399, 0.0506, 0.0196, 0.0387, 0.0777, 0.0281], [0.7261, 0.0145, 0.0561, 0.0415, 0.0781, 0.0488, 0.0349], [0.6876, 0.0655, 0.0475, 0.077, 0.0386, 0.0485, 0.0354], [0.7334, 0.0231, 0.0736, 0.0634, 0.0204, 0.0173, 0.0689], [0.6556, 0.0562, 0.049, 0.0258, 0.0835, 0.0597, 0.0703], [0.6996, 0.0361, 0.0712, 0.0733, 0.0542, 0.0408, 0.0248], [0.6947, 0.0616, 0.0258, 0.0414, 0.0539, 0.0609, 0.0617], [0.7603, 0.0156, 0.0565, 0.0572, 0.0328, 0.0374, 0.0401], [0.6489, 0.0691, 0.0477, 0.0778, 0.0723, 0.0348, 0.0494], [0.7156, 0.0763, 0.0745, 0.0144, 0.0368, 0.0156, 0.0668], [0.7425, 0.0536, 0.0562, 0.0235, 0.0261, 0.0597, 0.0384], [0.6318, 0.0438, 0.0486, 0.0654, 0.0674, 0.0729, 0.0702], [0.7026, 0.0577, 0.0605, 0.0194, 0.0579, 0.0224, 0.0795], [0.7201, 0.0353, 0.0468, 0.0512, 0.0903, 0.0391, 0.0172], [0.6502, 0.0601, 0.0763, 0.0353, 0.0851, 0.0425, 0.0503], [0.6702, 0.0653, 0.0562, 0.0615, 0.06, 0.0195, 0.0674], [0.6753, 0.0858, 0.0213, 0.035, 0.0219, 0.0889, 0.0719], [0.673, 0.0331, 0.0518, 0.0415, 0.0625, 0.076, 0.0621], [0.6243, 0.026, 0.0643, 0.0876, 0.0958, 0.0594, 0.0426], [0.6361, 0.0781, 0.0581, 0.0808, 0.0987, 0.0235, 0.0247], [0.6659, 0.0203, 0.076, 0.0184, 0.0763, 0.0572, 0.0859], [0.7106, 0.0337, 0.0722, 0.0367, 0.0251, 0.0588, 0.0629], [0.6956, 0.0429, 0.0537, 0.0473, 0.0293, 0.0771, 0.0541], [0.7207, 0.0216, 0.0302, 0.0727, 0.0555, 0.0272, 0.0722], [0.5985, 0.0688, 0.0602, 0.0626, 0.0837, 0.0478, 0.0784], [0.6985, 0.0334, 0.0685, 0.0198, 0.0648, 0.0805, 0.0344], [0.6534, 0.0754, 0.0875, 0.0136, 0.0891, 0.0532, 0.0278], [0.6512, 0.0173, 0.0688, 0.0913, 0.0186, 0.0804, 0.0723]], "emotions": ["red", "red", "red", "red", "red", "red", "red", "red", "red", "red", "red", "red", "red", "red", "red", "red", "red", "red", "red", "red", "red", "red", "red", "red", "red", "red", "red", "red", "red", "red", "red", "red", "red", "red", "red", "red", "red", "red", "red", "red", "red", "red", "red", "red", "red", "red", "red", "red", "red", "red", "red", "red", "red", "red", "red", "red", "red", "red", "red", "red", "red", "red", "red", "red", "red", "red", "red", "red", "red", "red", "red", "red", "red", "red", "red", "red", "red", "red", "red", "red"], "timestamps": [0, 40, 80, 120, 160, 200, 240, 280, 320, 360, 400, 440, 480, 520, 560, 600, 640, 680, 720, 760, 800, 840, 880, 920, 960, 1000, 1040, 1080, 1120, 1160, 1200, 1240, 1280, 1320, 1360, 1400, 1440, 1480, 1520, 1560, 1600, 1640, 1680, 1720, 1760, 1800, 1840, 1880, 1920, 1960, 2000, 2040, 2080, 2120, 2160, 2200, 2240, 2280, 2320, 2360, 2400, 2440, 2480, 2520, 2560, 2600, 2640, 2680, 2720, 2760, 2800, 2840, 2880, 2920, 2960, 3000, 3040, 3080, 3120, 3160]}], "conversation": [], "conversation_timestamps": []}