{
  "agent_id": "agent-type-blue-10",
  "type": "blue",
  "trips": [
    {
      "trip_id": 0,
      "transport_method": "car",
      "start_time": 0,
      "path": [
        [
          1.5253026999999995,
          42.5090063
        ],
        [
          1.5250239934157364,
          42.50895187641548
        ],
        [
          1.524745286831473,
          42.508897452830965
        ],
        [
          1.52446658024721,
          42.50884302924644
        ],
        [
          1.5241878736629468,
          42.50878860566192
        ],
        [
          1.523922458259799,
          42.50877552262819
        ],
        [
          1.523948549693372,
          42.50895012126904
        ],
        [
          1.5237510417120175,
          42.508870768054116
        ],
        [
          1.523834004064298,
          42.50886937121559
        ],
        [
          1.523854249919139,
          42.50869486342015
        ],
        [
          1.5235986404098238,
          42.508571157860814
        ],
        [
          1.523344667947525,
          42.50844476307508
        ],
        [
          1.523105558531858,
          42.50829517271707
        ],
        [
          1.5229834824024842,
          42.50806264701139
        ],
        [
          1.5227001108136589,
          42.50808108147125
        ],
        [
          1.5227492607751658,
          42.508077884068875
        ],
        [
          1.523027428050856,
          42.50804605406386
        ],
        [
          1.5232489193124796,
          42.50786834388495
        ],
        [
          1.5230623481357826,
          42.507721934602124
        ],
        [
          1.5227847549787081,
          42.50766209042272
        ],
        [
          1.5225500339277487,
          42.50754246722468
        ],
        [
          1.5224758538805072,
          42.50728222236707
        ],
        [
          1.5222792637937923,
          42.50707730378697
        ],
        [
          1.5220826737070772,
          42.506872385206876
        ],
        [
          1.5218860836203623,
          42.50666746662678
        ],
        [
          1.5216894935336471,
          42.50646254804668
        ],
        [
          1.5218457322752474,
          42.50631213603889
        ],
        [
          1.522113495757276,
          42.506304052440385
        ],
        [
          1.5223947326313287,
          42.506343360293755
        ],
        [
          1.5226749193323081,
          42.50638780178446
        ],
        [
          1.5225012210912392,
          42.50637958689054
        ],
        [
          1.5222239809593903,
          42.506318127994064
        ],
        [
          1.5219517187405556,
          42.506266297401474
        ],
        [
          1.521709842587318,
          42.50637249176897
        ],
        [
          1.5217960435133977,
          42.506573611991584
        ],
        [
          1.5219926336001128,
          42.50677853057168
        ],
        [
          1.5221892236868277,
          42.50698344915178
        ],
        [
          1.5223858137735429,
          42.50718836773188
        ],
        [
          1.5224820207332426,
          42.50743057828901
        ],
        [
          1.522243601688835,
          42.50755686101272
        ],
        [
          1.5219634455505147,
          42.507510473246825
        ],
        [
          1.5216943289059768,
          42.50744725135713
        ],
        [
          1.5214977424719605,
          42.507242329272856
        ],
        [
          1.5213010506139475,
          42.507037509121105
        ],
        [
          1.5211704093377267,
          42.5068389344402
        ],
        [
          1.5213953610070674,
          42.50666562537199
        ],
        [
          1.5216529925164572,
          42.50659420130893
        ],
        [
          1.5214886580062004,
          42.506593746750085
        ],
        [
          1.5212637063368595,
          42.506767055818294
        ],
        [
          1.5212188538257876,
          42.506953161303414
        ],
        [
          1.521416209739095,
          42.50715733939225
        ],
        [
          1.5216127961731114,
          42.50736226147652
        ],
        [
          1.521847252916468,
          42.50749123427266
        ],
        [
          1.522127409054788,
          42.50753762203856
        ],
        [
          1.522387443315124,
          42.50750076360311
        ],
        [
          1.5224673480213373,
          42.50727335615915
        ],
        [
          1.5222707579346222,
          42.50706843757905
        ],
        [
          1.5220741678479073,
          42.506863518998955
        ],
        [
          1.5218775777611921,
          42.50665860041886
        ],
        [
          1.5216809876744772,
          42.506453681838764
        ],
        [
          1.521815111577085,
          42.50625484999816
        ],
        [
          1.5217679977694778,
          42.505995520996585
        ],
        [
          1.521838312727841,
          42.50572039358375
        ],
        [
          1.5219093085717115,
          42.50544544347645
        ],
        [
          1.5219821135039384,
          42.505170964463574
        ],
        [
          1.5220298452318142,
          42.50489470160518
        ],
        [
          1.5219140350864322,
          42.504820367508486
        ],
        [
          1.5219232194205907,
          42.50480863641321
        ],
        [
          1.5220247686084798,
          42.504570758366825
        ],
        [
          1.522283441020123,
          42.50454705868172
        ],
        [
          1.5225652935360567,
          42.50458167725947
        ],
        [
          1.5228173251697348,
          42.5045732574782
        ],
        [
          1.5225726116514,
          42.504521086576695
        ],
        [
          1.5222897184865207,
          42.504496373342825
        ],
        [
          1.5220068253216414,
          42.504471660108955
        ],
        [
          1.5219586678432384,
          42.504467453124924
        ],
        [
          1.5222415610081177,
          42.504492166358794
        ],
        [
          1.522524454172997,
          42.504516879592664
        ],
        [
          1.5228073473378763,
          42.504541592826534
        ],
        [
          1.5226132738626748,
          42.50458757045032
        ],
        [
          1.522331421346741,
          42.50455295187257
        ],
        [
          1.5220486,
          42.50452870000001
        ]
      ],
      "emotions": [
        "purple",
        "purple",
        "purple",
        "purple",
        "purple",
        "green",
        "green",
        "green",
        "green",
        "green",
        "green",
        "green",
        "green",
        "green",
        "green",
        "red",
        "red",
        "red",
        "red",
        "red",
        "red",
        "red",
        "red",
        "red",
        "red",
        "green",
        "green",
        "green",
        "green",
        "green",
        "red",
        "red",
        "red",
        "red",
        "red",
        "red",
        "red",
        "red",
        "red",
        "red",
        "green",
        "green",
        "green",
        "green",
        "green",
        "purple",
        "purple",
        "purple",
        "purple",
        "purple",
        "purple",
        "purple",
        "purple",
        "purple",
        "purple",
        "purple",
        "purple",
        "purple",
        "purple",
        "purple",
        "purple",
        "purple",
        "purple",
        "purple",
        "purple",
        "red",
        "red",
        "red",
        "red",
        "red",
        "purple",
        "purple",
        "purple",
        "purple",
        "purple",
        "purple",
        "purple",
        "purple",
        "purple",
        "purple",
        "purple",
        "purple"
      ],
      "mood_vectors": [
        [
          0.2162367001214059,
          0.1419316442420282,
          0.05909734232612645,
          0.12892971428384534,
          0.13696507674334835,
          0.2961917317367532,
          0.020647790546492545
        ],
        [
          0.056895588599342774,
          0.12873329046697657,
          0.005812157822522159,
          0.2763105732912812,
          0.13440190656719214,
          0.09593383736658365,
          0.3019126458861015
        ],
        [
          0.013962672591437044,
          0.3089262848850847,
          0.1679369876977018,
          0.1443316130954471,
          0.2609744105070348,
          0.06964518915570164,
          0.03422284206759298
        ],
        [
          0.005561551428372197,
          0.28003879047181507,
          0.2450170118462531,
          0.06788194545243043,
          0.23494659537700202,
          0.016726610502094674,
          0.14982749492203246
        ],
        [
          0.02841685225602236,
          0.12317608980200297,
          0.18280764154558912,
          0.16153838076359722,
          0.11989206147189635,
          0.1463135946901567,
          0.23785537947073537
        ],
        [
          0.12641097738707274,
          0.1023376033801457,
          0.20289902396422319,
          0.26065752790474844,
          0.03564455299011531,
          0.19546717456123175,
          0.07658313981246286
        ],
        [
          0.04812514246464169,
          0.02217495390358545,
          0.30305977095479375,
          0.3250280698428126,
          0.08834189412409145,
          0.0093309931499236,
          0.2039391755601516
        ],
        [
          0.16232308991956224,
          0.17475851276740517,
          0.2734711180473827,
          0.010801995878754002,
          0.1323458361875968,
          0.14639737656307114,
          0.09990207063622793
        ],
        [
          0.09028491662247945,
          0.1707590459431303,
          0.21962147133852725,
          0.20397807903076337,
          0.1621190015402521,
          0.0967551421267175,
          0.05648234339812996
        ],
        [
          0.01655890231138059,
          0.4498915335018678,
          0.2413110530835589,
          0.05315239092208787,
          0.02223636609629658,
          0.17744168310653163,
          0.039408070978276644
        ],
        [
          0.45123503146886934,
          0.023803334702870254,
          0.08291408276585224,
          0.11088878016352245,
          0.08320020694082877,
          0.006758098418432052,
          0.24120046553962488
        ],
        [
          0.18863088482268162,
          0.22870378508353997,
          0.15637627360612572,
          0.17827568142393543,
          0.09119108282678075,
          0.12521560545041455,
          0.03160668678652198
        ],
        [
          0.19371620751048074,
          0.230252031463396,
          0.17722705306451592,
          0.2212901805487081,
          0.05569255393640214,
          0.036156604053892004,
          0.08566536942260507
        ],
        [
          0.11662296856406028,
          0.0931015038224062,
          0.04502232872200686,
          0.2611454241005463,
          0.19662608354845576,
          0.26148349863599657,
          0.025998192606528015
        ],
        [
          0.23157121910356804,
          0.15172026292778587,
          0.10465802505776067,
          0.1726312088300684,
          0.009704865583867513,
          0.07241771983448024,
          0.25729669866246924
        ],
        [
          0.07003734717296398,
          0.23346635911302158,
          0.10173186450985001,
          0.1169285386059609,
          0.0688781650417979,
          0.15278298076982336,
          0.25617474478658225
        ],
        [
          0.22604580504029856,
          0.05378805568180027,
          0.2219406913637023,
          0.04770945942013774,
          0.03031360157303337,
          0.2479478086565447,
          0.17225457826448304
        ],
        [
          0.20160546311745772,
          0.20110052077866597,
          0.0068661134646181,
          0.10255327515559781,
          0.27574971002420756,
          0.13593898505649385,
          0.0761859324029589
        ],
        [
          0.2084412850363708,
          0.3126245009032982,
          0.07155457736075838,
          0.10714773313640027,
          0.07403641605472126,
          0.12262246812815741,
          0.10357301938029365
        ],
        [
          0.136628165366021,
          0.07462771740544293,
          0.22827587374604622,
          0.07305150999873117,
          0.28638121530287464,
          0.16860031405352244,
          0.032435204127361686
        ],
        [
          0.16718103592751382,
          0.10683812726485185,
          0.2058712221842523,
          0.10486118052953232,
          0.07379279389788893,
          0.18735676076572977,
          0.15409887943023096
        ],
        [
          0.19968295560818844,
          0.19389801389175723,
          0.10270856970691765,
          0.1687205719296914,
          0.08744219549140482,
          0.11416644008724071,
          0.13338125328479974
        ],
        [
          0.11244288296369068,
          0.2068604920638254,
          0.158622839905909,
          0.11865166708582955,
          0.18967518479983073,
          0.11969488133934379,
          0.0940520518415709
        ],
        [
          0.28509243647514,
          0.06418716601244369,
          0.1637731945649011,
          0.10506223010915429,
          0.055773843953480014,
          0.15014963217122726,
          0.1759614967136537
        ],
        [
          0.025940825265869848,
          0.24552112582020164,
          0.2761513246401472,
          0.0682114870640397,
          0.1547178215963597,
          0.15220197786811576,
          0.07725543774526619
        ],
        [
          0.12006181518144138,
          0.12814368660724082,
          0.16322204608119992,
          0.04849687936407468,
          0.2013393517522944,
          0.24516780197333962,
          0.09356841904040926
        ],
        [
          0.31563258612658285,
          0.06524063032002098,
          0.14702250587957774,
          0.3143028585587042,
          0.006214997814621081,
          0.06800098533005626,
          0.08358543597043681
        ],
        [
          0.13858034763115637,
          0.14363597932401823,
          0.1604976786202254,
          0.19152702183750211,
          0.12867186780100667,
          0.10979740213649367,
          0.12728970264959755
        ],
        [
          0.19411763669726478,
          0.1699885798133773,
          0.03007328036487208,
          0.09949690624883208,
          0.03124535470935757,
          0.22624229008450764,
          0.2488359520817885
        ],
        [
          0.181704279293581,
          0.24132106611466936,
          0.16629463439650646,
          0.17934636600712964,
          0.11375920658563887,
          0.04129054067258415,
          0.07628390692989055
        ],
        [
          0.02920315749855276,
          0.14650126712675807,
          0.08369641225310463,
          0.1417756467255581,
          0.28167119221508496,
          0.18819712710077985,
          0.1289551970801616
        ],
        [
          0.04209426449535748,
          0.05358293141279319,
          0.0016216796300253294,
          0.08572851893369418,
          0.15284473496676243,
          0.31101542797993886,
          0.35311244258142854
        ],
        [
          0.06094131186839944,
          0.08858570453081609,
          0.20020743273253153,
          0.23759136750638277,
          0.15873861682554402,
          0.18045703204310803,
          0.07347853449321819
        ],
        [
          0.16655352451110564,
          0.22473389171865568,
          0.24424532499695797,
          0.03066413228569389,
          0.13170567080376566,
          0.07642736368889039,
          0.12567009199493073
        ],
        [
          0.23247952372977881,
          0.1293720269581394,
          0.24451925792831875,
          0.18620968125911397,
          0.12423573558298052,
          0.012057409907799771,
          0.07112636463386875
        ],
        [
          0.18627049763740594,
          0.2447006403120196,
          0.12829908575047344,
          0.03497505153074301,
          0.21874759210749836,
          0.016766276305752198,
          0.17024085635610742
        ],
        [
          0.1407062761836707,
          0.10481400059905917,
          0.09247351371106143,
          0.051988921870327,
          0.17085391111181258,
          0.18223474747417703,
          0.25692862904989205
        ],
        [
          0.15426332148425664,
          0.03536136625339569,
          0.24917800847091592,
          0.2823618671897972,
          0.13421639021110807,
          0.11511852442625081,
          0.02950052196427558
        ],
        [
          0.21551396513689292,
          0.06699010656358702,
          0.1639136514100045,
          0.2379656907162128,
          0.1336558645140865,
          0.01436399545091254,
          0.1675967262083038
        ],
        [
          0.10469471555769862,
          0.1021221081675095,
          0.07418516184686787,
          0.011156600444791795,
          0.20422115058726628,
          0.3153986165799605,
          0.18822164681590545
        ],
        [
          0.24537205219056682,
          0.12257694282493338,
          0.23080172756514095,
          0.24680021426946916,
          0.040922753520908586,
          0.07933690932262195,
          0.03418940030635924
        ],
        [
          0.10891590233054138,
          0.14879163790821437,
          0.0833913860303576,
          0.22220596901155776,
          0.07448197796840353,
          0.21893614245392418,
          0.1432769842970012
        ],
        [
          0.31622769214703683,
          0.03725624747175734,
          0.31862294057761487,
          0.024650784857571023,
          0.14036064827358216,
          0.1112278978223291,
          0.051653788850108635
        ],
        [
          0.1922368936237857,
          0.19376175330737402,
          0.13016973729924125,
          0.10515083560666937,
          0.23053764986418834,
          0.027098710057958785,
          0.12104442024078253
        ],
        [
          0.09611756586310491,
          0.042142748432449,
          0.2546066974264213,
          0.20497009079969977,
          0.04884906164137053,
          0.10743697570240748,
          0.24587686013454702
        ],
        [
          0.2566506643237669,
          0.13467708300467998,
          0.048477902622737545,
          0.2152239702452889,
          0.05100435554539626,
          0.2660817108035159,
          0.027884313454614583
        ],
        [
          0.19391885413785254,
          0.08631345921309569,
          0.09935621077301904,
          0.1686202825069861,
          0.032888061415563996,
          0.12384359135613457,
          0.2950595405973481
        ],
        [
          0.042299194583663616,
          0.0012023284896951188,
          0.314920429670204,
          0.1849564822015438,
          0.2150813162933679,
          0.206806639645933,
          0.03473360911559251
        ],
        [
          0.23057707394423557,
          0.09467752033981777,
          0.01933884382458162,
          0.21027951011549448,
          0.14218728810768827,
          0.1141734514959735,
          0.1887663121722088
        ],
        [
          0.01956946193334457,
          0.15341692193070708,
          0.1570737351018017,
          0.30415683363007384,
          0.10813484324331483,
          0.01235482487020587,
          0.24529337929055217
        ],
        [
          0.2334925117308717,
          0.0847147280473665,
          0.11371914579374773,
          0.15454499537145935,
          0.09016417906425193,
          0.18350626206011444,
          0.13985817793218833
        ],
        [
          0.1360438422205979,
          0.3064958802993959,
          0.11399349389066374,
          0.07327451431683596,
          0.07554251302642624,
          0.02886480181691338,
          0.2657849544291669
        ],
        [
          0.21522579986849985,
          0.19803192040441303,
          0.02353415790031393,
          0.1428792571965069,
          0.03713873473795058,
          0.18709034454847573,
          0.19609978534383993
        ],
        [
          0.1252958857264288,
          0.21641133202726387,
          0.20564003146662999,
          0.04318319567324234,
          0.15834065385784832,
          0.21391545820261576,
          0.037213443045971024
        ],
        [
          0.11582354239505704,
          0.21179219353776502,
          0.03501864718421787,
          0.12484432872602012,
          0.2229248712368737,
          0.19956998847603252,
          0.09002642844403366
        ],
        [
          0.17205510239995042,
          0.006869700029147473,
          0.1913115344006455,
          0.1365673167651913,
          0.21139342498994343,
          0.09459543336935504,
          0.18720748804576676
        ],
        [
          0.18132747328851348,
          0.1795248505216742,
          0.06050540245814136,
          0.14237422991005622,
          0.1229335045589481,
          0.17486399306126027,
          0.13847054620140634
        ],
        [
          0.06362179297207093,
          0.15883113369138963,
          0.3013649831038105,
          0.059814521524937415,
          0.11343350705436578,
          0.1592978124926229,
          0.1436362491608029
        ],
        [
          0.06627093225984243,
          0.09829783433618457,
          0.04340310445065946,
          0.16173392447519652,
          0.1785445229799262,
          0.22730785556461053,
          0.2244418259335803
        ],
        [
          0.20327712688101027,
          0.010308309408631994,
          0.2583390998702381,
          0.20898907463517163,
          0.13675038630322414,
          0.1392960115672759,
          0.04303999133444804
        ],
        [
          0.008683640690282029,
          0.11780860183419212,
          0.23387663120558796,
          0.021504140139923963,
          0.17025378238639818,
          0.22965163346041198,
          0.21822157028320374
        ],
        [
          0.19448475293696516,
          0.12874835307339766,
          0.2481029103669536,
          0.041803763090864164,
          0.1347242105537022,
          0.12167244114896666,
          0.13046356882915056
        ],
        [
          0.17572718908742624,
          0.134305027542667,
          0.16682797594537954,
          0.03288702186007974,
          0.04315196036214615,
          0.21719362035662007,
          0.22990720484568125
        ],
        [
          0.21983059371658228,
          0.21044892769805243,
          0.11005901861006294,
          0.13477651114278738,
          0.22362735304261286,
          0.09241915210790441,
          0.008838443681997649
        ],
        [
          0.07733576964659018,
          0.10754447107975683,
          0.2247750955915358,
          0.15654410134045296,
          0.21650408573455698,
          0.21698056056566978,
          0.0003159160414374282
        ],
        [
          0.34593442599340757,
          0.010502394063558006,
          0.14630287947426326,
          0.13709230411304651,
          0.12659898124636046,
          0.21441422948036787,
          0.019154785628996335
        ],
        [
          0.17456711761939972,
          0.18098683062637214,
          0.14953376059627324,
          0.14979340637306063,
          0.14194418168244455,
          0.1561637565687763,
          0.047010946533673555
        ],
        [
          0.2119125673093549,
          0.13581367249632945,
          0.07028457990194874,
          0.13011721073441723,
          0.1527710808177265,
          0.173957503009041,
          0.12514338573118208
        ],
        [
          0.16457297399500562,
          0.08356335553986745,
          0.05142577012497162,
          0.3082288175126717,
          0.18742463715691846,
          0.06569607111211903,
          0.1390883745584461
        ],
        [
          0.10132696011356992,
          0.0708661739616422,
          0.09921146608431466,
          0.3702326142712031,
          0.10242171016646626,
          0.18410180304579501,
          0.07183927235700888
        ],
        [
          0.05357457280566967,
          0.33709203966577106,
          0.060353496199630895,
          0.15216687618790117,
          0.07176624422018861,
          0.27819849712793887,
          0.04684827379289974
        ],
        [
          0.12863972666525633,
          0.08554933961110585,
          0.20667389921860926,
          0.22341927380772966,
          0.09741525198487147,
          0.020235577761008844,
          0.23806693095141856
        ],
        [
          0.18938216750360157,
          0.04946470051433555,
          0.06541910563875147,
          0.1448533989897418,
          0.20417134920184457,
          0.18595253497314124,
          0.1607567431785838
        ],
        [
          0.12285633477899258,
          0.00790818788858181,
          0.17096206779232828,
          0.23104504452731944,
          0.1079270360333094,
          0.16731572915833473,
          0.1919855998211337
        ],
        [
          0.09250144964358037,
          0.20291581626321642,
          0.23249585615321353,
          0.0017805478127718615,
          0.22070476773008146,
          0.13324270365102037,
          0.11635885874611605
        ],
        [
          0.14411008297008232,
          0.0969531730252327,
          0.12788059092395307,
          0.15918062889632925,
          0.17539502080727948,
          0.1205118038047748,
          0.17596869957234834
        ],
        [
          0.1149550691078605,
          0.10120642494350904,
          0.1533719973579435,
          0.08375027945264768,
          0.16840961739603383,
          0.17760656020113633,
          0.2007000515408691
        ],
        [
          0.14420811453371107,
          0.1802217243393145,
          0.13029726739376601,
          0.05238602295076208,
          0.046898810449688286,
          0.2191677744622224,
          0.22682028587053568
        ],
        [
          0.01286323054569267,
          0.1016303388026099,
          0.2320179532642254,
          0.2593366184886362,
          0.10672564465609814,
          0.20584163608810405,
          0.08158457815463355
        ],
        [
          0.005255748629476198,
          0.07069175378127518,
          0.18803887125878718,
          0.15759621872353793,
          0.25920059060710926,
          0.25066482728463196,
          0.06855198971518231
        ],
        [
          0.1109480573792486,
          0.03087627344373489,
          0.2105736589098187,
          0.2021979167236515,
          0.22224000831252658,
          0.081745755716363,
          0.14141832951465683
        ],
        [
          0.2457812279910657,
          0.0005409049699628059,
          0.2557425892829943,
          0.0901992132513304,
          0.017391293190659796,
          0.33789663867068376,
          0.052448132643303225
        ]
      ],
      "timestamps": [
        0,
        1,
        2,
        3,
        4,
        5,
        6,
        7,
        8,
        9,
        10,
        11,
        12,
        13,
        14,
        15,
        16,
        17,
        18,
        19,
        20,
        21,
        22,
        23,
        24,
        25,
        26,
        27,
        28,
        29,
        30,
        31,
        32,
        33,
        34,
        35,
        36,
        37,
        38,
        39,
        40,
        41,
        42,
        43,
        44,
        45,
        46,
        47,
        48,
        49,
        50,
        51,
        52,
        53,
        54,
        55,
        56,
        57,
        58,
        59,
        60,
        61,
        62,
        63,
        64,
        65,
        66,
        67,
        68,
        69,
        70,
        71,
        72,
        73,
        74,
        75,
        76,
        77,
        78,
        79,
        80,
        81
      ],
      "distance": 356.8
    },
    {
      "trip_id": 1,
      "transport_method": "stopped",
      "start_time": 82,
      "path": [
        [
          1.5220486,
          42.50452870000001
        ],
        [
          1.5220486,
          42.50452870000001
        ],
        [
          1.5220486,
          42.50452870000001
        ],
        [
          1.5220486,
          42.50452870000001
        ],
        [
          1.5220486,
          42.50452870000001
        ],
        [
          1.5220486,
          42.50452870000001
        ]
      ],
      "emotions": [
        "purple",
        "purple",
        "purple",
        "red",
        "red",
        "red"
      ],
      "mood_vectors": [
        [
          0.20141751055775461,
          0.11072555202092117,
          0.2271590401330975,
          0.06145581352684092,
          0.06032549864532803,
          0.14006804360040612,
          0.19884854151565168
        ],
        [
          0.16882701245529136,
          0.031564769264552976,
          0.2673433582634896,
          0.11410082487202332,
          0.005424578707080469,
          0.1769291867372683,
          0.2358102697002941
        ],
        [
          0.08762617920829269,
          0.278602998571338,
          0.06718062413694754,
          0.06968114588713832,
          0.25158155347959066,
          0.08170135870443132,
          0.16362614001226145
        ],
        [
          0.34187103092174514,
          0.11435001714916361,
          0.12174342946555948,
          0.22745556061265573,
          0.15921324081359153,
          0.001977538320978711,
          0.033389182716305706
        ],
        [
          0.17741458075768093,
          0.23488572607225316,
          0.14011536292070242,
          0.07234620496757879,
          0.1269378820939375,
          0.2062335296952667,
          0.042066713492580406
        ],
        [
          0.10069476083421122,
          0.24452754565217377,
          0.14463094667124768,
          0.11638400764322046,
          0.07101674621736734,
          0.09635171907487664,
          0.2263942739069029
        ]
      ],
      "timestamps": [
        82,
        83,
        84,
        85,
        86,
        87
      ]
    },
    {
      "trip_id": 2,
      "transport_method": "bicycle",
      "start_time": 88,
      "path": [
        [
          1.5218413000000002,
          42.504457200000004
        ],
        [
          1.5225966718122705,
          42.504585531300975
        ],
        [
          1.5218099620559118,
          42.504480132599895
        ],
        [
          1.5213046878990863,
          42.50478460846509
        ],
        [
          1.5211043163260638,
          42.50466189050861
        ],
        [
          1.5208312400470232,
          42.50455716670024
        ],
        [
          1.5200980958165988,
          42.504287135833884
        ],
        [
          1.520620166478612,
          42.5049105326773
        ],
        [
          1.5209261613264218,
          42.50467725434289
        ],
        [
          1.5220191307088051,
          42.50480371973672
        ],
        [
          1.521757367458474,
          42.50603711513291
        ],
        [
          1.5206607999999997,
          42.5059998
        ]
      ],
      "emotions": [
        "green",
        "green",
        "red",
        "red",
        "red",
        "red",
        "red",
        "purple",
        "purple",
        "purple",
        "purple",
        "purple"
      ],
      "mood_vectors": [
        [
          0.061394565133922656,
          0.1813096096981033,
          0.1637064281023536,
          0.18096957373754946,
          0.13256581310007204,
          0.004761191405998932,
          0.27529281882199996
        ],
        [
          0.10424139494750692,
          0.21976133371341952,
          0.23118685213474938,
          0.05493433447077236,
          0.2642771176607351,
          0.02082642890282477,
          0.10477253816999206
        ],
        [
          0.1532829014186888,
          0.1958683926303937,
          0.11800836599860799,
          0.047120336077895494,
          0.20552142451680958,
          0.023562074989728128,
          0.25663650436787633
        ],
        [
          0.2076325231919229,
          0.07892333017597705,
          0.2527448920905897,
          0.20406320165526942,
          0.002165543280004843,
          0.0917715177861321,
          0.16269899182010394
        ],
        [
          0.0644449880706018,
          0.21546398063713354,
          0.049537535890708716,
          0.13356500388524994,
          0.08122233303201618,
          0.2901662448253163,
          0.16559991365897359
        ],
        [
          0.07280683803855263,
          0.2429893169079593,
          0.02308603587240445,
          0.23829622272522039,
          0.24112949247852847,
          0.09500907018271944,
          0.0866830237946154
        ],
        [
          0.13525556160881494,
          0.16324423402344707,
          0.225639749357206,
          0.01203118672104173,
          0.14412789342207885,
          0.12951095445150115,
          0.1901904204159102
        ],
        [
          0.15638116485838136,
          0.16868373084408292,
          0.14974671867379344,
          0.018802180771462194,
          0.18942393476750433,
          0.14283655035779083,
          0.17412571972698498
        ],
        [
          0.12307823871991086,
          0.18987089695697856,
          0.07878554381697439,
          0.0790182835222473,
          0.2110251780726412,
          0.1262521816028541,
          0.19196967730839357
        ],
        [
          0.11819228937122236,
          0.20036025337971908,
          0.17718146687103375,
          0.09985227386779072,
          0.2021504248016661,
          0.08500565971068232,
          0.1172576319978856
        ],
        [
          0.039451950883129944,
          0.2476048626649721,
          0.05206599329305526,
          0.09680428283729603,
          0.10814991077011143,
          0.23860988197148972,
          0.21731311757994556
        ],
        [
          0.09684764440120815,
          0.0543074544551092,
          0.18962043705445294,
          0.19921095731638086,
          0.11693785890736451,
          0.2452920669918166,
          0.09778358087366772
        ]
      ],
      "timestamps": [
        88,
        89,
        90,
        91,
        92,
        93,
        94,
        95,
        96,
        97,
        98,
        99
      ],
      "distance": 597.1
    }
  ],
  "conversation": [
    "No idea where this path goes, but I'm following it.",
    "The corner bakery has that amazing garlic bread.",
    "Feels like everyone's out today."
  ],
  "conversation_timestamps": [
    6,
    75,
    95
  ]
}
