{"agent_id": "agent-red-391", "type": "red", "trips": [{"trip_id": 0, "transport_method": "bicycle", "start_time": 0, "path": [[1.5206362, 42.5306809], [1.5208554, 42.5304397], [1.5207533, 42.5301473], [1.5205084, 42.5299232], [1.5205023, 42.5296328], [1.5206868, 42.5293548], [1.5208131, 42.529048], [1.5208438, 42.5287165], [1.5207731, 42.5283917], [1.5206039, 42.5281054], [1.5204008, 42.5278404], [1.5202201, 42.5275615], [1.5202012, 42.5272325], [1.5202894, 42.5269112], [1.5204125, 42.5266009], [1.5205206, 42.5262857], [1.5205885, 42.5259603], [1.520602, 42.5256268], [1.5206131, 42.5252932], [1.5206231, 42.5249595], [1.5206724, 42.5246309], [1.5208083, 42.5243273], [1.5209853, 42.5240446], [1.5211892, 42.5237805], [1.5214077, 42.5235282], [1.521614, 42.5232664], [1.5217607, 42.5229676], [1.521851, 42.5226464], [1.521996, 42.5223466], [1.5222042, 42.5220866], [1.5224639, 42.5218777], [1.5227468, 42.5217008], [1.5230136, 42.5215006], [1.523244, 42.5212612], [1.5234175, 42.5209765], [1.5235786, 42.5206841], [1.5237397, 42.5203917], [1.5238792, 42.5200899], [1.5239486, 42.5197637], [1.5240137, 42.5194369], [1.5242403, 42.5191999], [1.5245082, 42.5190007], [1.524776, 42.5188015], [1.5250409, 42.5185983], [1.5253049, 42.5183941], [1.5255636, 42.5181835], [1.5258104, 42.5179588], [1.5260584, 42.5177353], [1.5263501, 42.5175748], [1.5266598, 42.5174502], [1.5269672, 42.5173203], [1.5272726, 42.5171856], [1.5275744, 42.517043], [1.5278771, 42.5169023], [1.5281873, 42.5167806], [1.5284322, 42.5165749], [1.5287397, 42.5167047], [1.5290595, 42.5166585], [1.5293478, 42.516491], [1.529627, 42.516308], [1.5299061, 42.5161256], [1.5301856, 42.5159555], [1.5304958, 42.5158352], [1.5307551, 42.5156266], [1.5310177, 42.5154223], [1.5312995, 42.515245], [1.5315596, 42.5150359], [1.5318084, 42.5148135], [1.5320247, 42.5145593], [1.5322837, 42.5143605], [1.5325489, 42.5141585], [1.5328381, 42.5139926], [1.5331512, 42.5138816], [1.5334752, 42.5138047], [1.5337912, 42.5136973], [1.5340318, 42.5134998], [1.5341088, 42.5133753], [1.533942, 42.5136203], [1.5337871, 42.5133246], [1.5336323, 42.5130289]], "mood_vectors": [[0.6789, 0.0422, 0.0797, 0.0872, 0.0369, 0.0192, 0.0559], [0.7605, 0.0441, 0.0157, 0.062, 0.0489, 0.0311, 0.0377], [0.7054, 0.0522, 0.0132, 0.0631, 0.05, 0.0621, 0.0541], [0.7441, 0.0521, 0.0137, 0.0591, 0.0168, 0.0531, 0.061], [0.6888, 0.0577, 0.0554, 0.0158, 0.0656, 0.0757, 0.041], [0.6384, 0.0697, 0.0702, 0.0189, 0.0766, 0.0689, 0.0575], [0.631, 0.0764, 0.0618, 0.0383, 0.0831, 0.0347, 0.0746], [0.6635, 0.0371, 0.0614, 0.0586, 0.0584, 0.0606, 0.0604], [0.6748, 0.0737, 0.0821, 0.0332, 0.0589, 0.0519, 0.0254], [0.7156, 0.062, 0.0584, 0.0214, 0.0693, 0.0604, 0.0129], [0.6785, 0.0797, 0.0855, 0.0145, 0.0839, 0.0341, 0.0238], [0.7325, 0.0584, 0.0439, 0.0524, 0.0156, 0.0593, 0.038], [0.7328, 0.051, 0.0436, 0.0187, 0.0675, 0.0705, 0.0159], [0.7647, 0.0534, 0.0585, 0.047, 0.0369, 0.0236, 0.016], [0.719, 0.036, 0.0787, 0.071, 0.0633, 0.0155, 0.0164], [0.7358, 0.0225, 0.0231, 0.0517, 0.0229, 0.0689, 0.0751], [0.7078, 0.0125, 0.0722, 0.0703, 0.0335, 0.0652, 0.0385], [0.6799, 0.0561, 0.0857, 0.0341, 0.0226, 0.0754, 0.0462], [0.5901, 0.0681, 0.0602, 0.0845, 0.0467, 0.0934, 0.0569], [0.6491, 0.0235, 0.0574, 0.0838, 0.0381, 0.0575, 0.0906], [0.6095, 0.0536, 0.0433, 0.088, 0.0757, 0.052, 0.0779], [0.6965, 0.037, 0.0669, 0.0731, 0.0152, 0.0446, 0.0667], [0.6865, 0.0622, 0.0571, 0.0364, 0.0702, 0.0292, 0.0584], [0.7066, 0.0633, 0.0163, 0.0748, 0.0491, 0.0477, 0.0421], [0.7385, 0.0724, 0.0489, 0.0228, 0.0135, 0.0496, 0.0543], [0.6995, 0.0648, 0.0247, 0.0376, 0.0671, 0.0816, 0.0248], [0.6985, 0.0272, 0.0442, 0.0721, 0.0557, 0.0447, 0.0575], [0.6438, 0.0843, 0.0367, 0.0461, 0.0924, 0.0321, 0.0646], [0.6642, 0.0157, 0.0789, 0.0716, 0.0778, 0.0214, 0.0705], [0.683, 0.0531, 0.0662, 0.0574, 0.0236, 0.0709, 0.0458], [0.7705, 0.0393, 0.042, 0.0465, 0.0525, 0.0253, 0.0238], [0.6852, 0.0347, 0.0774, 0.0353, 0.0751, 0.0516, 0.0406], [0.686, 0.0248, 0.0298, 0.0374, 0.0694, 0.0914, 0.0612], [0.7405, 0.0245, 0.1045, 0.0219, 0.0296, 0.0478, 0.0312], [0.7492, 0.0156, 0.0543, 0.0754, 0.0195, 0.0461, 0.04], [0.7967, 0.0222, 0.0379, 0.025, 0.0353, 0.0383, 0.0447], [0.6608, 0.0662, 0.0188, 0.0514, 0.0762, 0.0558, 0.0709], [0.6674, 0.0452, 0.0514, 0.066, 0.0678, 0.0698, 0.0324], [0.7399, 0.0166, 0.0238, 0.0519, 0.0476, 0.0803, 0.0398], [0.7963, 0.022, 0.0244, 0.0183, 0.0509, 0.0268, 0.0612], [0.7222, 0.0557, 0.0292, 0.0161, 0.0535, 0.0708, 0.0524], [0.7883, 0.0214, 0.0318, 0.0512, 0.0411, 0.0407, 0.0255], [0.6458, 0.068, 0.0773, 0.0468, 0.0581, 0.0854, 0.0187], [0.7455, 0.0274, 0.0163, 0.0324, 0.0194, 0.0972, 0.0619], [0.748, 0.0248, 0.0198, 0.0757, 0.0303, 0.0399, 0.0616], [0.675, 0.0393, 0.0187, 0.0759, 0.0372, 0.0744, 0.0795], [0.6641, 0.0658, 0.0933, 0.0159, 0.0599, 0.0577, 0.0434], [0.6333, 0.0498, 0.0346, 0.0681, 0.0903, 0.0402, 0.0838], [0.6762, 0.054, 0.0344, 0.0775, 0.0491, 0.0695, 0.0392], [0.6804, 0.0481, 0.0466, 0.0669, 0.0229, 0.0705, 0.0647], [0.6874, 0.0369, 0.0622, 0.0736, 0.0527, 0.0425, 0.0448], [0.7483, 0.0326, 0.0478, 0.0222, 0.0742, 0.0372, 0.0377], [0.6932, 0.0673, 0.0495, 0.0312, 0.0286, 0.0682, 0.062], [0.6513, 0.0352, 0.0861, 0.027, 0.0683, 0.0543, 0.0778], [0.633, 0.0767, 0.0641, 0.0397, 0.0696, 0.0568, 0.06], [0.7164, 0.0371, 0.0696, 0.0577, 0.0711, 0.0151, 0.033], [0.6411, 0.0671, 0.0868, 0.0187, 0.0715, 0.0299, 0.0849], [0.7007, 0.0753, 0.0672, 0.032, 0.0395, 0.0393, 0.046], [0.7625, 0.056, 0.0407, 0.0425, 0.0249, 0.0418, 0.0315], [0.6932, 0.0515, 0.0974, 0.0292, 0.0766, 0.0271, 0.025], [0.6725, 0.0496, 0.0662, 0.0633, 0.0373, 0.0486, 0.0626], [0.6226, 0.0225, 0.087, 0.0879, 0.0521, 0.0898, 0.0382], [0.6542, 0.0874, 0.0573, 0.0403, 0.091, 0.0379, 0.032], [0.6287, 0.0548, 0.0898, 0.039, 0.0647, 0.0513, 0.0717], [0.6141, 0.0211, 0.0849, 0.0472, 0.0869, 0.051, 0.0949], [0.6976, 0.0482, 0.0278, 0.0907, 0.0193, 0.041, 0.0754], [0.6348, 0.0517, 0.0633, 0.0373, 0.0791, 0.0352, 0.0986], [0.585, 0.0643, 0.0776, 0.0679, 0.0636, 0.0523, 0.0894], [0.6439, 0.0441, 0.0718, 0.0451, 0.0892, 0.0287, 0.0773], [0.7447, 0.0643, 0.0287, 0.028, 0.0844, 0.0325, 0.0174], [0.7618, 0.0201, 0.0215, 0.0392, 0.0882, 0.0214, 0.0477], [0.6566, 0.0366, 0.0546, 0.0325, 0.0851, 0.0538, 0.0808], [0.7239, 0.0583, 0.0527, 0.0229, 0.0463, 0.0597, 0.0362], [0.7012, 0.0831, 0.0569, 0.0645, 0.0171, 0.0266, 0.0506], [0.7448, 0.0401, 0.0416, 0.0457, 0.0752, 0.0293, 0.0232], [0.7366, 0.0177, 0.029, 0.0522, 0.0613, 0.0679, 0.0353], [0.778, 0.0679, 0.0378, 0.0159, 0.0335, 0.0469, 0.02], [0.7307, 0.0725, 0.017, 0.0477, 0.0724, 0.0321, 0.0276], [0.6545, 0.0703, 0.0441, 0.056, 0.0778, 0.0321, 0.0651], [0.7233, 0.0219, 0.0557, 0.0477, 0.0599, 0.0657, 0.0259]], "emotions": ["red", "red", "red", "red", "red", "red", "red", "red", "red", "red", "red", "red", "red", "red", "red", "red", "red", "red", "red", "red", "red", "red", "red", "red", "red", "red", "red", "red", "red", "red", "red", "red", "red", "red", "red", "red", "red", "red", "red", "red", "red", "red", "red", "red", "red", "red", "red", "red", "red", "red", "red", "red", "red", "red", "red", "red", "red", "red", "red", "red", "red", "red", "red", "red", "red", "red", "red", "red", "red", "red", "red", "red", "red", "red", "red", "red", "red", "red", "red", "red"], "timestamps": [0, 40, 80, 120, 160, 200, 240, 280, 320, 360, 400, 440, 480, 520, 560, 600, 640, 680, 720, 760, 800, 840, 880, 920, 960, 1000, 1040, 1080, 1120, 1160, 1200, 1240, 1280, 1320, 1360, 1400, 1440, 1480, 1520, 1560, 1600, 1640, 1680, 1720, 1760, 1800, 1840, 1880, 1920, 1960, 2000, 2040, 2080, 2120, 2160, 2200, 2240, 2280, 2320, 2360, 2400, 2440, 2480, 2520, 2560, 2600, 2640, 2680, 2720, 2760, 2800, 2840, 2880, 2920, 2960, 3000, 3040, 3080, 3120, 3160]}], "conversation": [], "conversation_timestamps": []}