{"agent_id": "agent-purple-874", "type": "purple", "trips": [{"trip_id": 0, "transport_method": "bicycle", "start_time": 0, "path": [[1.5869067, 42.5344735], [1.5859952, 42.5339937], [1.585362, 42.533509], [1.5852591, 42.5334294], [1.5844524, 42.5327905], [1.5836499, 42.5321476], [1.5827115, 42.5317395], [1.5816834, 42.5317007], [1.5806523, 42.5317377], [1.5796216, 42.5317788], [1.5785902, 42.5318039], [1.5775598, 42.5317565], [1.5765345, 42.5316434], [1.5755195, 42.5314589], [1.5745997, 42.5310535], [1.5738432, 42.5303519], [1.5731268, 42.5296885], [1.5736824, 42.5305484], [1.5745254, 42.5311326], [1.574327, 42.530804], [1.573568, 42.5301052], [1.5727739, 42.5294562], [1.5717626, 42.5293424], [1.5709025, 42.5290563], [1.5700773, 42.5284369], [1.5696855, 42.5281222], [1.5705476, 42.5286891], [1.5713205, 42.5293628], [1.5705153, 42.5288358], [1.5696566, 42.5282638], [1.5687979, 42.5276918], [1.5679392, 42.5271198], [1.567906, 42.5271033], [1.5688244, 42.5275656], [1.5685634, 42.5274494], [1.5677067, 42.5268745], [1.5668499, 42.5262996], [1.5659908, 42.5257333], [1.565043, 42.5253287], [1.5640668, 42.5250643], [1.5631194, 42.5246823], [1.5622911, 42.5240971], [1.5615956, 42.5233398], [1.5607609, 42.5227338], [1.5599184, 42.5221819], [1.5590783, 42.5216179], [1.5582981, 42.5209431], [1.5575588, 42.5202237], [1.556877, 42.5194843], [1.5566664, 42.5191929], [1.5561325, 42.5185951], [1.5566188, 42.5192495], [1.5558323, 42.5185818], [1.5555754, 42.5181364], [1.5550736, 42.5179893], [1.5544609, 42.5174601], [1.5536928, 42.5167864], [1.5543596, 42.5175651], [1.554073, 42.5171316], [1.5534882, 42.5162964], [1.5530815, 42.51536], [1.5526995, 42.5144369], [1.5524311, 42.5135165], [1.5515257, 42.513028], [1.5507564, 42.5123445], [1.5498445, 42.511899], [1.5488573, 42.5116045], [1.547853, 42.5113682], [1.546859, 42.5110927], [1.5463413, 42.5102918], [1.546353, 42.5101065], [1.5457812, 42.5095347], [1.5447865, 42.5093203], [1.5437801, 42.5091493], [1.5427837, 42.5089163], [1.541796, 42.5089824], [1.5408352, 42.5092927], [1.5408849, 42.5101641], [1.5407083, 42.510419], [1.5397131, 42.5105467]], "mood_vectors": [[0.072, 0.0392, 0.0185, 0.0146, 0.0381, 0.792, 0.0256], [0.0323, 0.0786, 0.0481, 0.0334, 0.0588, 0.7058, 0.0431], [0.0253, 0.0559, 0.02, 0.0732, 0.0187, 0.7427, 0.0642], [0.0112, 0.0737, 0.038, 0.075, 0.0334, 0.7013, 0.0674], [0.0887, 0.1, 0.0277, 0.0417, 0.0306, 0.6695, 0.0418], [0.0657, 0.0884, 0.0336, 0.0349, 0.0438, 0.6907, 0.0429], [0.0829, 0.0564, 0.0703, 0.0227, 0.0423, 0.6832, 0.0422], [0.0438, 0.0234, 0.049, 0.0564, 0.021, 0.7604, 0.046], [0.0318, 0.0454, 0.0252, 0.0315, 0.0217, 0.7804, 0.064], [0.0889, 0.0618, 0.0626, 0.0153, 0.0836, 0.6584, 0.0292], [0.0301, 0.05, 0.0534, 0.0642, 0.0903, 0.6826, 0.0293], [0.0869, 0.0719, 0.0592, 0.0234, 0.0848, 0.5996, 0.0742], [0.067, 0.0339, 0.0556, 0.0808, 0.03, 0.6669, 0.0658], [0.0896, 0.0871, 0.0471, 0.0803, 0.0447, 0.5751, 0.0762], [0.032, 0.0473, 0.0244, 0.0374, 0.0931, 0.7366, 0.0291], [0.0133, 0.0398, 0.0168, 0.0823, 0.0607, 0.7373, 0.0498], [0.0689, 0.0536, 0.0539, 0.0321, 0.0555, 0.6802, 0.0558], [0.0257, 0.0564, 0.0317, 0.0934, 0.0191, 0.7393, 0.0344], [0.0414, 0.0557, 0.0797, 0.03, 0.0261, 0.7172, 0.0499], [0.0627, 0.0515, 0.0637, 0.0396, 0.0388, 0.6775, 0.0661], [0.0205, 0.076, 0.0764, 0.0566, 0.0387, 0.6677, 0.064], [0.0794, 0.0172, 0.0394, 0.0704, 0.0489, 0.6773, 0.0674], [0.0875, 0.0555, 0.0704, 0.029, 0.0699, 0.6218, 0.0658], [0.0379, 0.0275, 0.0567, 0.05, 0.0541, 0.7382, 0.0356], [0.0735, 0.0574, 0.0799, 0.0508, 0.0779, 0.6263, 0.034], [0.019, 0.0422, 0.0835, 0.027, 0.03, 0.7438, 0.0545], [0.0209, 0.0345, 0.064, 0.0781, 0.0716, 0.7114, 0.0195], [0.0685, 0.0709, 0.0682, 0.0778, 0.066, 0.5746, 0.0739], [0.0189, 0.073, 0.0738, 0.0753, 0.0404, 0.6474, 0.0713], [0.0238, 0.0734, 0.0243, 0.0725, 0.014, 0.7707, 0.0213], [0.0585, 0.0321, 0.0587, 0.0617, 0.056, 0.6496, 0.0834], [0.0168, 0.0418, 0.0775, 0.0721, 0.0685, 0.6639, 0.0593], [0.0716, 0.0531, 0.0879, 0.0239, 0.071, 0.6783, 0.0141], [0.0367, 0.0162, 0.0632, 0.0824, 0.0377, 0.7, 0.0638], [0.0444, 0.0301, 0.0914, 0.0416, 0.0831, 0.6667, 0.0427], [0.0346, 0.0499, 0.0456, 0.0626, 0.0133, 0.7499, 0.0441], [0.0346, 0.0573, 0.0211, 0.0211, 0.0686, 0.7205, 0.0767], [0.0683, 0.0494, 0.0542, 0.0559, 0.0896, 0.6669, 0.0156], [0.052, 0.0536, 0.0331, 0.0127, 0.0704, 0.693, 0.0852], [0.0289, 0.0856, 0.0261, 0.0451, 0.0473, 0.6943, 0.0727], [0.0773, 0.0789, 0.0408, 0.0703, 0.0466, 0.6198, 0.0663], [0.0829, 0.0925, 0.0452, 0.0609, 0.0391, 0.6536, 0.0259], [0.0173, 0.0674, 0.0788, 0.0716, 0.0624, 0.6767, 0.0259], [0.0231, 0.0199, 0.0139, 0.0371, 0.0716, 0.7634, 0.071], [0.064, 0.0571, 0.0341, 0.0676, 0.0639, 0.6547, 0.0585], [0.0546, 0.0314, 0.0355, 0.0539, 0.0903, 0.6981, 0.0363], [0.0572, 0.0368, 0.0775, 0.0361, 0.0272, 0.7477, 0.0175], [0.0523, 0.0885, 0.0428, 0.0661, 0.0839, 0.5956, 0.0708], [0.0448, 0.0501, 0.0651, 0.0679, 0.0244, 0.6778, 0.07], [0.062, 0.0236, 0.0531, 0.05, 0.0376, 0.7267, 0.047], [0.06, 0.0772, 0.0467, 0.0378, 0.0726, 0.6431, 0.0626], [0.0823, 0.0395, 0.042, 0.0407, 0.0598, 0.6742, 0.0615], [0.0665, 0.0643, 0.0721, 0.0612, 0.0258, 0.659, 0.051], [0.0478, 0.0554, 0.0624, 0.0488, 0.0329, 0.7084, 0.0443], [0.0818, 0.0382, 0.0599, 0.0782, 0.0418, 0.6206, 0.0796], [0.0144, 0.0646, 0.0577, 0.0692, 0.0646, 0.6672, 0.0623], [0.0527, 0.0827, 0.0671, 0.0581, 0.0439, 0.6585, 0.0369], [0.0471, 0.0807, 0.0266, 0.0761, 0.0184, 0.7352, 0.0159], [0.0429, 0.0367, 0.0727, 0.0427, 0.0689, 0.6951, 0.041], [0.0331, 0.0158, 0.0514, 0.0131, 0.0815, 0.7239, 0.0812], [0.0795, 0.0879, 0.0375, 0.0465, 0.0677, 0.6493, 0.0315], [0.0524, 0.0477, 0.0589, 0.0155, 0.0525, 0.7517, 0.0214], [0.0736, 0.054, 0.0836, 0.0288, 0.0821, 0.6577, 0.0201], [0.0274, 0.0186, 0.0777, 0.0621, 0.0798, 0.6908, 0.0437], [0.0156, 0.0698, 0.0484, 0.0168, 0.0334, 0.7512, 0.0647], [0.0192, 0.0387, 0.0717, 0.0265, 0.0685, 0.7283, 0.0471], [0.0293, 0.0407, 0.0631, 0.0564, 0.0228, 0.7477, 0.04], [0.0447, 0.0204, 0.0672, 0.0218, 0.0583, 0.7119, 0.0757], [0.0345, 0.0275, 0.0559, 0.0619, 0.0344, 0.7157, 0.0701], [0.0813, 0.0858, 0.0834, 0.0265, 0.0591, 0.6265, 0.0374], [0.0271, 0.0958, 0.03, 0.0559, 0.0502, 0.716, 0.0249], [0.0189, 0.015, 0.0779, 0.0525, 0.0149, 0.7797, 0.0411], [0.062, 0.0568, 0.0506, 0.0567, 0.0874, 0.631, 0.0555], [0.0361, 0.0301, 0.0524, 0.0398, 0.0671, 0.753, 0.0214], [0.0384, 0.0591, 0.0632, 0.0659, 0.0482, 0.7063, 0.0189], [0.0334, 0.0544, 0.0271, 0.0794, 0.0625, 0.672, 0.0712], [0.0228, 0.0827, 0.0233, 0.0197, 0.083, 0.697, 0.0714], [0.0157, 0.0267, 0.016, 0.0246, 0.0297, 0.7907, 0.0966], [0.0151, 0.0514, 0.0749, 0.03, 0.0175, 0.7456, 0.0655], [0.029, 0.0354, 0.055, 0.05, 0.0158, 0.7991, 0.0157]], "emotions": ["purple", "purple", "purple", "purple", "purple", "purple", "purple", "purple", "purple", "purple", "purple", "purple", "purple", "purple", "purple", "purple", "purple", "purple", "purple", "purple", "purple", "purple", "purple", "purple", "purple", "purple", "purple", "purple", "purple", "purple", "purple", "purple", "purple", "purple", "purple", "purple", "purple", "purple", "purple", "purple", "purple", "purple", "purple", "purple", "purple", "purple", "purple", "purple", "purple", "purple", "purple", "purple", "purple", "purple", "purple", "purple", "purple", "purple", "purple", "purple", "purple", "purple", "purple", "purple", "purple", "purple", "purple", "purple", "purple", "purple", "purple", "purple", "purple", "purple", "purple", "purple", "purple", "purple", "purple", "purple"], "timestamps": [0, 40, 80, 120, 160, 200, 240, 280, 320, 360, 400, 440, 480, 520, 560, 600, 640, 680, 720, 760, 800, 840, 880, 920, 960, 1000, 1040, 1080, 1120, 1160, 1200, 1240, 1280, 1320, 1360, 1400, 1440, 1480, 1520, 1560, 1600, 1640, 1680, 1720, 1760, 1800, 1840, 1880, 1920, 1960, 2000, 2040, 2080, 2120, 2160, 2200, 2240, 2280, 2320, 2360, 2400, 2440, 2480, 2520, 2560, 2600, 2640, 2680, 2720, 2760, 2800, 2840, 2880, 2920, 2960, 3000, 3040, 3080, 3120, 3160]}], "conversation": [], "conversation_timestamps": []}