{"agent_id": "agent-green-312", "type": "green", "trips": [{"trip_id": 0, "transport_method": "car", "start_time": 0, "path": [[1.7271206, 42.5369102], [1.7310622, 42.5387103], [1.7337886, 42.5417603], [1.7354063, 42.5451039], [1.7343179, 42.5471435], [1.7314043, 42.5457738], [1.7267913, 42.544039], [1.7218573, 42.5437619], [1.7169109, 42.5439298], [1.7119634, 42.5440581], [1.707024, 42.5443641], [1.7021297, 42.5450169], [1.6981573, 42.5478041], [1.6949984, 42.5515411], [1.6912139, 42.5547004], [1.6877453, 42.5581881], [1.686386, 42.5553295], [1.681719, 42.5536991], [1.6840135, 42.5543207], [1.6832513, 42.5541641], [1.6795431, 42.5519089], [1.6804178, 42.5502391], [1.6832527, 42.5476694], [1.6840829, 42.5458901], [1.6827468, 42.5419851], [1.6784121, 42.5396802], [1.6738619, 42.5379896], [1.6710422, 42.539325], [1.666132, 42.5392404], [1.6628967, 42.5370787], [1.6595254, 42.5402083], [1.6548313, 42.5416508], [1.6501723, 42.5421717], [1.6457495, 42.5414173], [1.6408946, 42.5404553], [1.6360398, 42.5394933], [1.6400971, 42.540613], [1.6446353, 42.5416275], [1.6438603, 42.5410417], [1.6390059, 42.5400774], [1.6341744, 42.5390845], [1.630072, 42.5389147], [1.6252273, 42.5381299], [1.6205983, 42.5367977], [1.6179407, 42.5357399], [1.6228373, 42.5352617], [1.6263729, 42.536977], [1.6220279, 42.5373791], [1.6174372, 42.5355297], [1.6187949, 42.5367842], [1.6151571, 42.5365103], [1.6102928, 42.5362424], [1.6053781, 42.5363549], [1.6005746, 42.5367718], [1.6054566, 42.5372416], [1.6064465, 42.5362453], [1.6015103, 42.5366058], [1.5966267, 42.5361152], [1.5922948, 42.5359781], [1.5902132, 42.5356027], [1.59499, 42.5364214], [1.590384, 42.5357156], [1.5878449, 42.5351471], [1.5846887, 42.5330179], [1.5801587, 42.5317489], [1.5752419, 42.531398], [1.5745931, 42.5311641], [1.5710104, 42.5291373], [1.570802, 42.5290267], [1.5683402, 42.5273021], [1.5657524, 42.5256106], [1.5615497, 42.5233034], [1.5576632, 42.5203327], [1.5561071, 42.5188151], [1.553957, 42.517165], [1.5527253, 42.5141862], [1.5488161, 42.5115939], [1.5459348, 42.5096004], [1.5411943, 42.5091811], [1.5366368, 42.5100447]], "mood_vectors": [[0.0302, 0.0567, 0.0358, 0.0513, 0.0717, 0.0432, 0.7111], [0.0242, 0.024, 0.0426, 0.0617, 0.0211, 0.0684, 0.7579], [0.0278, 0.0407, 0.0418, 0.0742, 0.0175, 0.0485, 0.7495], [0.0157, 0.0372, 0.0179, 0.0671, 0.0519, 0.0612, 0.7491], [0.0715, 0.0941, 0.0156, 0.0877, 0.0639, 0.0374, 0.6299], [0.0746, 0.0781, 0.0616, 0.0272, 0.0526, 0.0739, 0.6321], [0.0767, 0.0264, 0.0228, 0.0201, 0.0606, 0.068, 0.7253], [0.0265, 0.0352, 0.0484, 0.0463, 0.073, 0.0614, 0.7092], [0.0173, 0.025, 0.0799, 0.0615, 0.0621, 0.0286, 0.7256], [0.0758, 0.0228, 0.0456, 0.0406, 0.0184, 0.0631, 0.7337], [0.0388, 0.0928, 0.0206, 0.0725, 0.0231, 0.0732, 0.6789], [0.0367, 0.0574, 0.056, 0.0488, 0.0648, 0.0544, 0.682], [0.048, 0.0321, 0.0219, 0.0172, 0.0563, 0.0627, 0.7618], [0.0786, 0.0468, 0.0834, 0.0536, 0.0202, 0.0694, 0.648], [0.0383, 0.0448, 0.0449, 0.0256, 0.0179, 0.0386, 0.7899], [0.0312, 0.0357, 0.0467, 0.0508, 0.0517, 0.02, 0.7639], [0.0465, 0.0412, 0.0408, 0.0397, 0.0243, 0.0782, 0.7293], [0.0691, 0.035, 0.0307, 0.0164, 0.037, 0.0185, 0.7934], [0.021, 0.0465, 0.0671, 0.0274, 0.0662, 0.0483, 0.7235], [0.0538, 0.0335, 0.0538, 0.0495, 0.0493, 0.0474, 0.7127], [0.0674, 0.042, 0.0182, 0.045, 0.0177, 0.0638, 0.746], [0.0438, 0.0232, 0.0729, 0.0842, 0.0373, 0.0727, 0.6658], [0.0732, 0.0605, 0.0335, 0.0733, 0.0571, 0.0612, 0.6411], [0.0396, 0.032, 0.0534, 0.0424, 0.0935, 0.0721, 0.667], [0.0375, 0.063, 0.0553, 0.0648, 0.0759, 0.0557, 0.6479], [0.0476, 0.045, 0.061, 0.0358, 0.0756, 0.0223, 0.7126], [0.0332, 0.0695, 0.0568, 0.0462, 0.0638, 0.0147, 0.7158], [0.0127, 0.0667, 0.0668, 0.0521, 0.0489, 0.0471, 0.7058], [0.0164, 0.0175, 0.0236, 0.0405, 0.0804, 0.0711, 0.7505], [0.069, 0.0267, 0.0849, 0.0392, 0.0256, 0.0314, 0.7232], [0.0691, 0.0567, 0.0569, 0.0381, 0.0183, 0.0575, 0.7034], [0.0638, 0.0661, 0.0598, 0.0547, 0.0417, 0.059, 0.655], [0.0314, 0.0172, 0.0292, 0.088, 0.0942, 0.0874, 0.6527], [0.0714, 0.0471, 0.0893, 0.0483, 0.0533, 0.0368, 0.6537], [0.0505, 0.0367, 0.0665, 0.0605, 0.0724, 0.0622, 0.6512], [0.0605, 0.0622, 0.0229, 0.0619, 0.0563, 0.0416, 0.6947], [0.0776, 0.0737, 0.0623, 0.0706, 0.0688, 0.0659, 0.5812], [0.0586, 0.0179, 0.0669, 0.0147, 0.0595, 0.0605, 0.7218], [0.0312, 0.0819, 0.0991, 0.0387, 0.0199, 0.0635, 0.6656], [0.0506, 0.0711, 0.0497, 0.0212, 0.0661, 0.0704, 0.671], [0.0811, 0.0392, 0.0354, 0.0738, 0.0441, 0.0444, 0.6819], [0.0715, 0.0876, 0.0296, 0.0256, 0.0663, 0.0967, 0.6227], [0.0292, 0.0613, 0.0555, 0.0364, 0.0388, 0.0613, 0.7176], [0.0332, 0.0814, 0.0327, 0.0807, 0.033, 0.0261, 0.7129], [0.0311, 0.0773, 0.0828, 0.0278, 0.0797, 0.0466, 0.6548], [0.0202, 0.0792, 0.0903, 0.0646, 0.0596, 0.0767, 0.6094], [0.0732, 0.0299, 0.0454, 0.0648, 0.0588, 0.0487, 0.6793], [0.051, 0.0329, 0.026, 0.0429, 0.0157, 0.0454, 0.7862], [0.0162, 0.0177, 0.0617, 0.0592, 0.0264, 0.0719, 0.7469], [0.0273, 0.0589, 0.0719, 0.0368, 0.0187, 0.0185, 0.7679], [0.0514, 0.0702, 0.0718, 0.0765, 0.0597, 0.0118, 0.6586], [0.0129, 0.073, 0.0542, 0.0748, 0.0583, 0.0695, 0.6572], [0.0691, 0.0321, 0.0666, 0.0735, 0.051, 0.0528, 0.6549], [0.0587, 0.0885, 0.0658, 0.0153, 0.0397, 0.0805, 0.6515], [0.0614, 0.028, 0.064, 0.063, 0.0645, 0.0161, 0.703], [0.0538, 0.061, 0.0387, 0.0603, 0.0472, 0.0393, 0.6996], [0.0757, 0.0422, 0.0408, 0.0115, 0.0183, 0.0454, 0.7662], [0.0404, 0.062, 0.0131, 0.0301, 0.07, 0.0732, 0.7112], [0.0176, 0.0358, 0.0255, 0.0207, 0.0336, 0.0287, 0.838], [0.0261, 0.0194, 0.03, 0.065, 0.0538, 0.0825, 0.7232], [0.0286, 0.0453, 0.0416, 0.0546, 0.0769, 0.0471, 0.7059], [0.0664, 0.019, 0.0426, 0.0336, 0.0694, 0.0526, 0.7164], [0.0569, 0.0263, 0.0411, 0.0379, 0.0415, 0.0705, 0.7257], [0.0597, 0.0456, 0.0242, 0.0564, 0.0607, 0.0935, 0.66], [0.0579, 0.0678, 0.0681, 0.057, 0.0627, 0.057, 0.6296], [0.0748, 0.0701, 0.0472, 0.0667, 0.0341, 0.0705, 0.6366], [0.0354, 0.0281, 0.072, 0.0839, 0.0617, 0.0383, 0.6807], [0.0256, 0.0728, 0.07, 0.0715, 0.0723, 0.0552, 0.6327], [0.0766, 0.0618, 0.0354, 0.0674, 0.0712, 0.0645, 0.623], [0.0196, 0.0794, 0.0882, 0.0779, 0.0155, 0.0153, 0.7041], [0.0751, 0.0202, 0.0708, 0.0622, 0.0198, 0.0712, 0.6807], [0.0366, 0.0896, 0.0741, 0.05, 0.0556, 0.0716, 0.6226], [0.0173, 0.0729, 0.0522, 0.0766, 0.0386, 0.0293, 0.7132], [0.0908, 0.0142, 0.0396, 0.0958, 0.0642, 0.0169, 0.6785], [0.0315, 0.0306, 0.0305, 0.0917, 0.0211, 0.0185, 0.7761], [0.0218, 0.047, 0.0672, 0.0783, 0.0211, 0.0164, 0.7481], [0.0447, 0.0745, 0.0666, 0.0286, 0.0682, 0.0425, 0.6749], [0.0672, 0.0766, 0.0441, 0.0734, 0.0724, 0.0615, 0.6048], [0.0397, 0.0798, 0.0554, 0.03, 0.0703, 0.0508, 0.674], [0.0534, 0.046, 0.0721, 0.0406, 0.0654, 0.036, 0.6864]], "emotions": ["purple", "purple", "purple", "purple", "purple", "purple", "purple", "purple", "purple", "purple", "purple", "purple", "purple", "purple", "purple", "purple", "purple", "purple", "purple", "purple", "purple", "purple", "purple", "purple", "purple", "purple", "purple", "purple", "purple", "purple", "purple", "purple", "purple", "purple", "purple", "purple", "purple", "purple", "purple", "purple", "purple", "purple", "purple", "purple", "purple", "purple", "purple", "purple", "purple", "purple", "purple", "purple", "purple", "purple", "purple", "purple", "purple", "purple", "purple", "purple", "purple", "purple", "purple", "purple", "purple", "purple", "purple", "purple", "purple", "purple", "purple", "purple", "purple", "purple", "purple", "purple", "purple", "purple", "purple", "purple"], "timestamps": [0, 40, 80, 120, 160, 200, 240, 280, 320, 360, 400, 440, 480, 520, 560, 600, 640, 680, 720, 760, 800, 840, 880, 920, 960, 1000, 1040, 1080, 1120, 1160, 1200, 1240, 1280, 1320, 1360, 1400, 1440, 1480, 1520, 1560, 1600, 1640, 1680, 1720, 1760, 1800, 1840, 1880, 1920, 1960, 2000, 2040, 2080, 2120, 2160, 2200, 2240, 2280, 2320, 2360, 2400, 2440, 2480, 2520, 2560, 2600, 2640, 2680, 2720, 2760, 2800, 2840, 2880, 2920, 2960, 3000, 3040, 3080, 3120, 3160]}], "conversation": [], "conversation_timestamps": []}