{"agent_id": "agent-blue-1320", "type": "blue", "trips": [{"trip_id": 0, "transport_method": "foot", "start_time": 0, "path": [[1.6419808, 42.5674412], [1.6408875, 42.5658699], [1.6387125, 42.5675491], [1.6363259, 42.5689509], [1.6336451, 42.56924], [1.6308766, 42.5691718], [1.6281166, 42.5689132], [1.6254009, 42.5683837], [1.6226572, 42.56798], [1.6199135, 42.5675763], [1.6171698, 42.5671725], [1.6144261, 42.5667688], [1.6153298, 42.5675263], [1.6178258, 42.5685861], [1.6205852, 42.5684584], [1.6233513, 42.5684827], [1.626107, 42.5685413], [1.6239727, 42.5681967], [1.6212253, 42.5678184], [1.618478, 42.5674402], [1.6157307, 42.5670619], [1.6130575, 42.5670606], [1.6112807, 42.5686116], [1.6085366, 42.5684387], [1.6065153, 42.5680636], [1.6046547, 42.5668436], [1.6031656, 42.565678], [1.6015113, 42.5655847], [1.5990388, 42.5653733], [1.5967182, 42.5645607], [1.594162, 42.5635655], [1.5937463, 42.56125], [1.5932903, 42.558825], [1.591654, 42.5571221], [1.5912223, 42.5545174], [1.5912173, 42.5526169], [1.5920211, 42.5500653], [1.5920801, 42.5475244], [1.5916484, 42.544972], [1.5916241, 42.5423055], [1.5918855, 42.5399437], [1.5908396, 42.5376274], [1.5886735, 42.5360929], [1.5877068, 42.5349336], [1.5860555, 42.5340347], [1.5847427, 42.5330569], [1.5823999, 42.5316976], [1.579629, 42.5317786], [1.5768609, 42.5316877], [1.5743208, 42.5307949], [1.5737237, 42.5305895], [1.573762, 42.5302839], [1.5713754, 42.5293765], [1.5697891, 42.5281903], [1.5706802, 42.5289456], [1.5683721, 42.5274082], [1.5689668, 42.5276908], [1.5669599, 42.5263735], [1.5644836, 42.5252239], [1.5621308, 42.5238987], [1.5599538, 42.5222385], [1.5578337, 42.5204986], [1.5564497, 42.5189563], [1.5558332, 42.5185826], [1.5547036, 42.5176736], [1.5544874, 42.5176262], [1.55304, 42.5153107], [1.5517537, 42.5131475], [1.5494189, 42.511748], [1.5467405, 42.5110395], [1.545958, 42.5096094], [1.5432912, 42.5089958], [1.5407103, 42.5094404], [1.5382395, 42.5100514], [1.5354802, 42.5099121], [1.5327844, 42.5099742], [1.5301593, 42.5092379], [1.5275442, 42.5083892], [1.5248358, 42.507899], [1.5221019, 42.5077004]], "mood_vectors": [[0.0137, 0.0224, 0.0465, 0.7469, 0.0475, 0.0723, 0.0507], [0.0149, 0.0503, 0.0403, 0.7384, 0.0366, 0.081, 0.0386], [0.0607, 0.0342, 0.0461, 0.7279, 0.024, 0.0628, 0.0443], [0.0626, 0.0301, 0.0293, 0.7142, 0.0494, 0.0494, 0.0648], [0.0186, 0.056, 0.0155, 0.7804, 0.024, 0.0322, 0.0732], [0.0172, 0.0581, 0.0364, 0.6698, 0.0747, 0.0631, 0.0808], [0.0643, 0.0739, 0.0279, 0.6222, 0.0624, 0.0688, 0.0804], [0.0281, 0.0208, 0.03, 0.8185, 0.0319, 0.0288, 0.0419], [0.0262, 0.032, 0.0354, 0.7137, 0.0592, 0.059, 0.0745], [0.0572, 0.0714, 0.0404, 0.6612, 0.0458, 0.0698, 0.0542], [0.0766, 0.0614, 0.0465, 0.6792, 0.0758, 0.0327, 0.0278], [0.0779, 0.0507, 0.0117, 0.7416, 0.0273, 0.0326, 0.0583], [0.0736, 0.0743, 0.0752, 0.6452, 0.0692, 0.0407, 0.0218], [0.0273, 0.0746, 0.0644, 0.742, 0.0648, 0.0144, 0.0124], [0.0366, 0.0779, 0.0829, 0.649, 0.0785, 0.0362, 0.0388], [0.0568, 0.0416, 0.0858, 0.7116, 0.0317, 0.0216, 0.0509], [0.0394, 0.0486, 0.051, 0.6657, 0.0654, 0.0927, 0.0371], [0.0216, 0.075, 0.0262, 0.7398, 0.0255, 0.057, 0.0549], [0.083, 0.0135, 0.024, 0.7184, 0.0481, 0.0316, 0.0815], [0.0461, 0.0358, 0.0151, 0.6769, 0.0803, 0.078, 0.0679], [0.0819, 0.04, 0.0603, 0.6676, 0.0338, 0.0499, 0.0664], [0.0387, 0.0741, 0.0578, 0.7138, 0.0558, 0.0338, 0.026], [0.0614, 0.0172, 0.0701, 0.711, 0.0811, 0.0147, 0.0445], [0.0899, 0.0704, 0.0301, 0.6734, 0.0389, 0.0188, 0.0785], [0.0742, 0.0686, 0.0186, 0.7195, 0.0213, 0.0813, 0.0164], [0.0882, 0.0705, 0.0758, 0.6464, 0.0214, 0.0783, 0.0194], [0.0674, 0.0459, 0.0593, 0.6507, 0.0619, 0.0532, 0.0617], [0.0727, 0.042, 0.0637, 0.6138, 0.0633, 0.0585, 0.086], [0.0595, 0.0803, 0.0692, 0.5684, 0.0614, 0.084, 0.0772], [0.0858, 0.069, 0.0576, 0.6697, 0.0167, 0.0334, 0.0679], [0.0767, 0.0492, 0.0648, 0.6841, 0.068, 0.0205, 0.0367], [0.0678, 0.0238, 0.0636, 0.7122, 0.0492, 0.0484, 0.0351], [0.0313, 0.0347, 0.0534, 0.7079, 0.0584, 0.0635, 0.0509], [0.0618, 0.0358, 0.07, 0.7014, 0.0596, 0.0432, 0.0282], [0.0636, 0.026, 0.0457, 0.7259, 0.0487, 0.0214, 0.0687], [0.0511, 0.0146, 0.0227, 0.8155, 0.0608, 0.0214, 0.0139], [0.0227, 0.0646, 0.0685, 0.7107, 0.042, 0.0188, 0.0727], [0.0528, 0.0764, 0.0769, 0.6174, 0.0517, 0.0757, 0.0491], [0.0431, 0.0968, 0.0944, 0.5995, 0.0347, 0.0611, 0.0705], [0.0723, 0.0481, 0.077, 0.7094, 0.0456, 0.0237, 0.0239], [0.0187, 0.0336, 0.0606, 0.7429, 0.0235, 0.0452, 0.0756], [0.0185, 0.0694, 0.0388, 0.7276, 0.0509, 0.0632, 0.0315], [0.03, 0.0581, 0.0588, 0.716, 0.0407, 0.0722, 0.0242], [0.0407, 0.0533, 0.0599, 0.6849, 0.0699, 0.0484, 0.0429], [0.0168, 0.0786, 0.0338, 0.7422, 0.0362, 0.0728, 0.0196], [0.0725, 0.0309, 0.0755, 0.6752, 0.0228, 0.097, 0.0261], [0.0465, 0.0348, 0.0405, 0.723, 0.0727, 0.0284, 0.0541], [0.0311, 0.053, 0.0232, 0.7664, 0.016, 0.0229, 0.0874], [0.0233, 0.0663, 0.0886, 0.6894, 0.018, 0.0617, 0.0528], [0.0146, 0.0674, 0.0467, 0.7656, 0.056, 0.0161, 0.0336], [0.018, 0.0216, 0.0305, 0.736, 0.0416, 0.08, 0.0722], [0.0779, 0.0388, 0.0762, 0.6141, 0.0851, 0.0488, 0.0592], [0.05, 0.0631, 0.0715, 0.6902, 0.0306, 0.0214, 0.0732], [0.0189, 0.0153, 0.0492, 0.7107, 0.0606, 0.0695, 0.0757], [0.0669, 0.0217, 0.0705, 0.7119, 0.048, 0.0452, 0.0358], [0.0338, 0.0831, 0.0641, 0.5939, 0.083, 0.0757, 0.0664], [0.0759, 0.0837, 0.0686, 0.6056, 0.0517, 0.0296, 0.0848], [0.0447, 0.0476, 0.0546, 0.7024, 0.0676, 0.0326, 0.0504], [0.04, 0.0339, 0.0443, 0.7361, 0.086, 0.0357, 0.0241], [0.0234, 0.0297, 0.0431, 0.7045, 0.0528, 0.0628, 0.0838], [0.0289, 0.0829, 0.0189, 0.7466, 0.0333, 0.0544, 0.035], [0.0835, 0.0624, 0.028, 0.6245, 0.0978, 0.037, 0.0667], [0.0308, 0.0399, 0.0423, 0.7608, 0.0408, 0.0498, 0.0356], [0.0479, 0.0224, 0.0373, 0.7732, 0.0388, 0.0581, 0.0225], [0.0498, 0.0743, 0.0522, 0.6333, 0.0592, 0.0584, 0.0729], [0.041, 0.0361, 0.0349, 0.676, 0.0815, 0.0902, 0.0403], [0.0155, 0.031, 0.0398, 0.7037, 0.0451, 0.0861, 0.0788], [0.0413, 0.0189, 0.0607, 0.7467, 0.0399, 0.0318, 0.0607], [0.0713, 0.0351, 0.0499, 0.7411, 0.0338, 0.0334, 0.0354], [0.0649, 0.0296, 0.0571, 0.703, 0.0723, 0.0439, 0.0292], [0.0306, 0.0243, 0.0813, 0.693, 0.0989, 0.0268, 0.0451], [0.0622, 0.0705, 0.0213, 0.6758, 0.0706, 0.0375, 0.0622], [0.0252, 0.0741, 0.0758, 0.6694, 0.0187, 0.0618, 0.0749], [0.0835, 0.0202, 0.0331, 0.7303, 0.0319, 0.0571, 0.0438], [0.0724, 0.022, 0.0738, 0.6918, 0.0715, 0.016, 0.0524], [0.032, 0.0576, 0.0727, 0.742, 0.0394, 0.0318, 0.0247], [0.0846, 0.0228, 0.0777, 0.6682, 0.0564, 0.0202, 0.0702], [0.0585, 0.0712, 0.0431, 0.72, 0.0201, 0.0734, 0.0136], [0.0217, 0.0507, 0.0546, 0.7266, 0.0684, 0.0185, 0.0595], [0.0212, 0.017, 0.0268, 0.7772, 0.0277, 0.0724, 0.0578]], "emotions": ["green", "green", "green", "green", "green", "green", "green", "green", "green", "green", "green", "green", "green", "green", "green", "green", "green", "green", "green", "green", "green", "green", "green", "green", "green", "green", "green", "green", "green", "green", "green", "green", "green", "green", "green", "green", "green", "green", "green", "green", "green", "green", "green", "green", "green", "green", "green", "green", "green", "green", "green", "green", "green", "green", "green", "green", "green", "green", "green", "green", "green", "green", "green", "green", "green", "green", "green", "green", "green", "green", "green", "green", "green", "green", "green", "green", "green", "green", "green", "green"], "timestamps": [0, 40, 80, 120, 160, 200, 240, 280, 320, 360, 400, 440, 480, 520, 560, 600, 640, 680, 720, 760, 800, 840, 880, 920, 960, 1000, 1040, 1080, 1120, 1160, 1200, 1240, 1280, 1320, 1360, 1400, 1440, 1480, 1520, 1560, 1600, 1640, 1680, 1720, 1760, 1800, 1840, 1880, 1920, 1960, 2000, 2040, 2080, 2120, 2160, 2200, 2240, 2280, 2320, 2360, 2400, 2440, 2480, 2520, 2560, 2600, 2640, 2680, 2720, 2760, 2800, 2840, 2880, 2920, 2960, 3000, 3040, 3080, 3120, 3160]}], "conversation": [], "conversation_timestamps": []}