{"agent_id": "agent-red-1666", "type": "red", "trips": [{"trip_id": 0, "transport_method": "foot", "start_time": 0, "path": [[1.5773891, 42.534674], [1.5770834, 42.5344704], [1.5784184, 42.534101], [1.579239, 42.5348018], [1.5799769, 42.5357684], [1.5793996, 42.5369144], [1.578864, 42.53781], [1.5775128, 42.537569], [1.5769096, 42.5378847], [1.5765036, 42.5385219], [1.5757815, 42.5389672], [1.5753733, 42.5395169], [1.574694, 42.5401332], [1.5749599, 42.541078], [1.5757274, 42.5418436], [1.5762756, 42.5425479], [1.5773702, 42.5432921], [1.5785832, 42.5439508], [1.5784697, 42.5448088], [1.5793751, 42.5455992], [1.579038, 42.5463804], [1.5798571, 42.5474206], [1.5802378, 42.5487246], [1.5801506, 42.5501307], [1.5795778, 42.5514089], [1.5788718, 42.5525851], [1.5776871, 42.5533325], [1.5763681, 42.5538464], [1.5752918, 42.5547039], [1.5739201, 42.5550201], [1.5742669, 42.5550554], [1.5745413, 42.5549218], [1.5731532, 42.5552036], [1.5719362, 42.5556374], [1.5708828, 42.5560032], [1.5694865, 42.5557904], [1.5680859, 42.555597], [1.5667275, 42.5552051], [1.5653774, 42.5547831], [1.5639947, 42.5548806], [1.5629111, 42.5557927], [1.5636339, 42.5552605], [1.563441, 42.5552643], [1.5622873, 42.556086], [1.5614835, 42.5567694], [1.5628294, 42.5571933], [1.5627762, 42.5576306], [1.5613926, 42.5579009], [1.5599853, 42.5580245], [1.5585819, 42.5580822], [1.5571741, 42.5579746], [1.5557655, 42.5580938], [1.5543506, 42.5580886], [1.5544353, 42.558493], [1.5558477, 42.5585815], [1.5561843, 42.5589147], [1.554776, 42.5590326], [1.5536018, 42.5591203], [1.5522461, 42.5587605], [1.5508671, 42.5586571], [1.5495057, 42.55837], [1.5481843, 42.5579934], [1.5472393, 42.556977], [1.5459839, 42.5565122], [1.5446131, 42.556156], [1.5451874, 42.5560593], [1.5462336, 42.5565761], [1.5448696, 42.5561949], [1.5435177, 42.5557951], [1.5421207, 42.5555893], [1.5408499, 42.5550994], [1.5409017, 42.553885], [1.5403916, 42.5528526], [1.5411252, 42.5539763], [1.5407796, 42.5537893], [1.540014, 42.5525977], [1.5388124, 42.5519632], [1.5374205, 42.5517016], [1.5361025, 42.5512196], [1.5347862, 42.5507259]], "mood_vectors": [[0.7148, 0.0195, 0.0337, 0.0887, 0.069, 0.033, 0.0412], [0.723, 0.0713, 0.0464, 0.0286, 0.0482, 0.0691, 0.0133], [0.6048, 0.0548, 0.0609, 0.0708, 0.0606, 0.0789, 0.0691], [0.6339, 0.0895, 0.058, 0.0148, 0.0853, 0.0399, 0.0785], [0.7412, 0.0309, 0.07, 0.0152, 0.0169, 0.0666, 0.0592], [0.6777, 0.0484, 0.0256, 0.0677, 0.0657, 0.0691, 0.0458], [0.655, 0.0626, 0.0732, 0.0661, 0.0415, 0.066, 0.0356], [0.7024, 0.0183, 0.0134, 0.0771, 0.0517, 0.0699, 0.0672], [0.6642, 0.025, 0.0758, 0.0582, 0.06, 0.0737, 0.0432], [0.6597, 0.0388, 0.0362, 0.0702, 0.0681, 0.064, 0.063], [0.6501, 0.0306, 0.0571, 0.0638, 0.055, 0.0821, 0.0612], [0.7084, 0.0399, 0.0518, 0.0669, 0.0296, 0.0708, 0.0325], [0.7062, 0.0483, 0.0502, 0.0757, 0.0309, 0.0649, 0.0239], [0.6702, 0.0586, 0.0442, 0.0756, 0.0657, 0.0275, 0.0582], [0.631, 0.0894, 0.0429, 0.0233, 0.0855, 0.0806, 0.0473], [0.7229, 0.0664, 0.0293, 0.0878, 0.0409, 0.0349, 0.0177], [0.7531, 0.0203, 0.0277, 0.0403, 0.0346, 0.0168, 0.1072], [0.6963, 0.0785, 0.0499, 0.0576, 0.0171, 0.036, 0.0646], [0.6129, 0.0616, 0.0827, 0.03, 0.0608, 0.0798, 0.0722], [0.705, 0.0372, 0.0323, 0.0493, 0.0553, 0.062, 0.0591], [0.6288, 0.0778, 0.0464, 0.0827, 0.0634, 0.0568, 0.0441], [0.7806, 0.0622, 0.0249, 0.0122, 0.0419, 0.0555, 0.0228], [0.5998, 0.0208, 0.0806, 0.0533, 0.0823, 0.0898, 0.0734], [0.6937, 0.0445, 0.0451, 0.0761, 0.0325, 0.0425, 0.0655], [0.665, 0.0369, 0.0706, 0.0409, 0.0572, 0.0804, 0.049], [0.6195, 0.0537, 0.0484, 0.0921, 0.0915, 0.0461, 0.0487], [0.7199, 0.0221, 0.0541, 0.033, 0.0401, 0.0587, 0.0722], [0.6709, 0.0215, 0.0429, 0.0698, 0.0852, 0.0305, 0.0791], [0.7032, 0.0822, 0.066, 0.0218, 0.0676, 0.0171, 0.0422], [0.7041, 0.0219, 0.028, 0.0729, 0.0473, 0.0654, 0.0604], [0.7105, 0.0807, 0.0519, 0.0208, 0.0589, 0.0132, 0.064], [0.7097, 0.0293, 0.0808, 0.0127, 0.0487, 0.0528, 0.0661], [0.6553, 0.0395, 0.0382, 0.064, 0.0675, 0.0813, 0.0542], [0.7046, 0.0594, 0.0624, 0.047, 0.0541, 0.0255, 0.047], [0.7179, 0.0346, 0.0202, 0.0317, 0.0213, 0.0903, 0.0841], [0.7312, 0.0426, 0.0602, 0.0348, 0.0228, 0.0558, 0.0526], [0.7042, 0.0589, 0.054, 0.0193, 0.0539, 0.0163, 0.0934], [0.7561, 0.0601, 0.0273, 0.0255, 0.0405, 0.0147, 0.0759], [0.7898, 0.017, 0.058, 0.0175, 0.013, 0.07, 0.0347], [0.5717, 0.0643, 0.0862, 0.0362, 0.0866, 0.069, 0.086], [0.6437, 0.0256, 0.0879, 0.0876, 0.053, 0.0531, 0.0492], [0.7778, 0.0246, 0.062, 0.0654, 0.0288, 0.0219, 0.0195], [0.7614, 0.0186, 0.0248, 0.0615, 0.0144, 0.0809, 0.0385], [0.7484, 0.0539, 0.0926, 0.0429, 0.015, 0.0207, 0.0264], [0.7023, 0.0516, 0.064, 0.0856, 0.0468, 0.0176, 0.0321], [0.7263, 0.0184, 0.0552, 0.0417, 0.0682, 0.0389, 0.0513], [0.6969, 0.0612, 0.0216, 0.0676, 0.0556, 0.0579, 0.0392], [0.6808, 0.0185, 0.0549, 0.0297, 0.0736, 0.0659, 0.0766], [0.6829, 0.0871, 0.0335, 0.0648, 0.0325, 0.0264, 0.0727], [0.6423, 0.064, 0.0491, 0.0535, 0.0653, 0.0578, 0.0681], [0.7044, 0.0767, 0.0556, 0.0177, 0.0733, 0.0479, 0.0244], [0.6816, 0.0745, 0.0623, 0.0333, 0.0635, 0.0408, 0.0439], [0.7335, 0.0365, 0.0411, 0.0301, 0.0768, 0.0595, 0.0225], [0.7423, 0.0763, 0.0357, 0.0684, 0.0319, 0.02, 0.0254], [0.7054, 0.021, 0.0877, 0.0919, 0.0211, 0.0188, 0.0541], [0.7812, 0.0275, 0.0175, 0.0319, 0.018, 0.0407, 0.0831], [0.6107, 0.0733, 0.0649, 0.0598, 0.0702, 0.0481, 0.073], [0.7009, 0.0141, 0.0636, 0.0757, 0.0898, 0.0283, 0.0276], [0.655, 0.0207, 0.031, 0.0879, 0.0844, 0.0896, 0.0314], [0.6443, 0.0713, 0.0658, 0.0527, 0.042, 0.0767, 0.0472], [0.7246, 0.023, 0.0172, 0.0511, 0.0583, 0.0702, 0.0556], [0.621, 0.0349, 0.0709, 0.0861, 0.071, 0.0663, 0.0497], [0.6794, 0.0656, 0.0609, 0.0433, 0.0558, 0.0161, 0.0788], [0.7036, 0.023, 0.0196, 0.0363, 0.0519, 0.0816, 0.0841], [0.7472, 0.06, 0.0574, 0.0205, 0.0646, 0.0144, 0.0359], [0.6888, 0.0217, 0.0466, 0.0296, 0.058, 0.0749, 0.0805], [0.7625, 0.0694, 0.0314, 0.0286, 0.0133, 0.0378, 0.057], [0.6638, 0.0508, 0.0534, 0.0392, 0.08, 0.0351, 0.0777], [0.6954, 0.0519, 0.0474, 0.0678, 0.0493, 0.0202, 0.068], [0.7009, 0.0747, 0.0774, 0.0446, 0.0266, 0.0185, 0.0573], [0.6448, 0.0353, 0.0983, 0.0772, 0.0635, 0.0242, 0.0568], [0.7415, 0.0247, 0.0796, 0.0419, 0.0349, 0.0567, 0.0209], [0.6695, 0.0425, 0.0521, 0.0399, 0.063, 0.0872, 0.0457], [0.6697, 0.0821, 0.0769, 0.0146, 0.0566, 0.0631, 0.0371], [0.7464, 0.0176, 0.0366, 0.072, 0.028, 0.042, 0.0573], [0.7133, 0.073, 0.0622, 0.0481, 0.0372, 0.0224, 0.0438], [0.7306, 0.0309, 0.0532, 0.0616, 0.0517, 0.0287, 0.0432], [0.6762, 0.074, 0.0723, 0.0512, 0.0353, 0.0408, 0.0503], [0.7289, 0.0531, 0.0324, 0.0675, 0.0402, 0.0507, 0.0272], [0.6422, 0.0518, 0.0814, 0.0305, 0.0703, 0.0691, 0.0547]], "emotions": ["red", "red", "red", "red", "red", "red", "red", "red", "red", "red", "red", "red", "red", "red", "red", "red", "red", "red", "red", "red", "red", "red", "red", "red", "red", "red", "red", "red", "red", "red", "red", "red", "red", "red", "red", "red", "red", "red", "red", "red", "red", "red", "red", "red", "red", "red", "red", "red", "red", "red", "red", "red", "red", "red", "red", "red", "red", "red", "red", "red", "red", "red", "red", "red", "red", "red", "red", "red", "red", "red", "red", "red", "red", "red", "red", "red", "red", "red", "red", "red"], "timestamps": [0, 40, 80, 120, 160, 200, 240, 280, 320, 360, 400, 440, 480, 520, 560, 600, 640, 680, 720, 760, 800, 840, 880, 920, 960, 1000, 1040, 1080, 1120, 1160, 1200, 1240, 1280, 1320, 1360, 1400, 1440, 1480, 1520, 1560, 1600, 1640, 1680, 1720, 1760, 1800, 1840, 1880, 1920, 1960, 2000, 2040, 2080, 2120, 2160, 2200, 2240, 2280, 2320, 2360, 2400, 2440, 2480, 2520, 2560, 2600, 2640, 2680, 2720, 2760, 2800, 2840, 2880, 2920, 2960, 3000, 3040, 3080, 3120, 3160]}], "conversation": [], "conversation_timestamps": []}