{"agent_id": "agent-red-1881", "type": "red", "trips": [{"trip_id": 0, "transport_method": "bus", "start_time": 0, "path": [[1.5363987, 42.5550751], [1.5361423, 42.5560068], [1.5358251, 42.5562021], [1.5354475, 42.5562593], [1.5347218, 42.5565801], [1.5338419, 42.5564965], [1.5330263, 42.5566606], [1.532529, 42.5573508], [1.5325088, 42.5583134], [1.5320487, 42.559149], [1.5314403, 42.5598994], [1.5309534, 42.5607281], [1.5301784, 42.5612832], [1.5294726, 42.5619046], [1.528866, 42.562622], [1.5280036, 42.5630396], [1.5270806, 42.5633181], [1.5262068, 42.5636524], [1.525457, 42.5642604], [1.5247093, 42.5648721], [1.5241148, 42.5656301], [1.5235937, 42.5664386], [1.5232117, 42.5673235], [1.5225072, 42.5675021], [1.521792, 42.5668726], [1.5209494, 42.5664914], [1.5200813, 42.5660672], [1.51922, 42.5658968], [1.5183794, 42.5658463], [1.517538, 42.5658103], [1.5171249, 42.5654663], [1.5166507, 42.5651592], [1.5158336, 42.5648863], [1.5151961, 42.564645], [1.5143225, 42.564566], [1.5135273, 42.56423], [1.5127394, 42.5640855], [1.5135545, 42.5642781], [1.512794, 42.5640656], [1.5120517, 42.563514], [1.5111564, 42.5633576], [1.5102136, 42.5631646], [1.5092898, 42.5628985], [1.5083558, 42.5626629], [1.5075131, 42.5622274], [1.506622, 42.5619421], [1.5056824, 42.5618151], [1.5047964, 42.5620722], [1.5038789, 42.5621014], [1.5029812, 42.562172], [1.5021623, 42.5624631], [1.5015356, 42.5623619], [1.5009005, 42.5621297], [1.500242, 42.5617114], [1.4992805, 42.5616838], [1.4983258, 42.5615338], [1.4973635, 42.5614903], [1.4964398, 42.5615823], [1.4956736, 42.5621539], [1.4950618, 42.562899], [1.4942886, 42.5634697], [1.4933537, 42.5637119], [1.4924925, 42.5641371], [1.4918535, 42.5648601], [1.4911661, 42.5655391], [1.4904839, 42.566217], [1.4898924, 42.5669783], [1.4891994, 42.5676514], [1.4886761, 42.5684495], [1.4886903, 42.5685689], [1.4887075, 42.5682841], [1.4881876, 42.5690987], [1.4876074, 42.5698675], [1.4868693, 42.570484], [1.4866565, 42.5706437], [1.487315, 42.5701672], [1.4865499, 42.5707575], [1.4857823, 42.5713438], [1.4855292, 42.5710637], [1.4858851, 42.5701688]], "mood_vectors": [[0.7132, 0.055, 0.0644, 0.0416, 0.0411, 0.0355, 0.0492], [0.6657, 0.0561, 0.0492, 0.0775, 0.0167, 0.0602, 0.0746], [0.7123, 0.0239, 0.0246, 0.0556, 0.0568, 0.082, 0.0448], [0.6908, 0.0457, 0.0635, 0.0447, 0.0361, 0.06, 0.0592], [0.614, 0.0582, 0.07, 0.0682, 0.0758, 0.0827, 0.0311], [0.7345, 0.0352, 0.0236, 0.059, 0.0917, 0.031, 0.025], [0.6871, 0.0672, 0.0716, 0.0182, 0.0584, 0.0243, 0.0731], [0.7118, 0.0513, 0.0496, 0.0521, 0.0385, 0.0706, 0.0261], [0.735, 0.0808, 0.0412, 0.0669, 0.039, 0.0202, 0.017], [0.6097, 0.0864, 0.0506, 0.0695, 0.0797, 0.0717, 0.0324], [0.7748, 0.0493, 0.0456, 0.0222, 0.0226, 0.0174, 0.0681], [0.6814, 0.0575, 0.1062, 0.016, 0.077, 0.042, 0.02], [0.5901, 0.0515, 0.0685, 0.0958, 0.0867, 0.0707, 0.0367], [0.6903, 0.0412, 0.0386, 0.039, 0.0763, 0.0672, 0.0473], [0.7458, 0.0162, 0.037, 0.0237, 0.0442, 0.0389, 0.0943], [0.7636, 0.0256, 0.0131, 0.0685, 0.0396, 0.0535, 0.0362], [0.757, 0.0402, 0.0485, 0.0135, 0.0635, 0.0524, 0.0248], [0.7076, 0.0738, 0.055, 0.034, 0.0208, 0.0389, 0.0698], [0.7118, 0.0857, 0.0604, 0.0157, 0.0641, 0.0135, 0.049], [0.6621, 0.0425, 0.0727, 0.0626, 0.0566, 0.062, 0.0414], [0.6614, 0.0731, 0.0407, 0.0525, 0.059, 0.0522, 0.0611], [0.6195, 0.0767, 0.0392, 0.0413, 0.0742, 0.0863, 0.0629], [0.7573, 0.0462, 0.03, 0.0183, 0.0783, 0.053, 0.017], [0.6749, 0.0911, 0.079, 0.0327, 0.0161, 0.0519, 0.0544], [0.7491, 0.0251, 0.0457, 0.0145, 0.0527, 0.0812, 0.0317], [0.6578, 0.023, 0.0807, 0.0452, 0.0773, 0.0625, 0.0535], [0.7214, 0.0357, 0.0231, 0.0336, 0.0679, 0.0653, 0.053], [0.6618, 0.0678, 0.0675, 0.067, 0.0164, 0.0541, 0.0653], [0.7569, 0.0121, 0.0146, 0.0506, 0.043, 0.0758, 0.0469], [0.7718, 0.0656, 0.049, 0.0123, 0.0163, 0.0155, 0.0696], [0.6646, 0.0747, 0.0609, 0.0407, 0.0382, 0.0977, 0.0232], [0.7155, 0.0174, 0.0147, 0.0933, 0.0184, 0.0687, 0.072], [0.7258, 0.0452, 0.0168, 0.0225, 0.0352, 0.0865, 0.068], [0.7107, 0.092, 0.0257, 0.0172, 0.0322, 0.0737, 0.0485], [0.7652, 0.0537, 0.0269, 0.0232, 0.0726, 0.0184, 0.04], [0.736, 0.0581, 0.0214, 0.0595, 0.0578, 0.0287, 0.0384], [0.7624, 0.0784, 0.0172, 0.02, 0.0592, 0.0428, 0.02], [0.6456, 0.0351, 0.0766, 0.0748, 0.0721, 0.0376, 0.0582], [0.7729, 0.0166, 0.0286, 0.0201, 0.0427, 0.0619, 0.0572], [0.7365, 0.0119, 0.0422, 0.0683, 0.0702, 0.0265, 0.0443], [0.7094, 0.0318, 0.0123, 0.0669, 0.0726, 0.0563, 0.0508], [0.6897, 0.0599, 0.0698, 0.0601, 0.0276, 0.0278, 0.0653], [0.6614, 0.0719, 0.059, 0.0876, 0.0303, 0.0154, 0.0745], [0.6559, 0.0549, 0.0707, 0.0707, 0.0621, 0.0251, 0.0605], [0.7322, 0.0778, 0.0308, 0.0284, 0.0399, 0.0461, 0.0449], [0.7493, 0.0425, 0.0491, 0.0159, 0.0551, 0.034, 0.0541], [0.6701, 0.0625, 0.0881, 0.0549, 0.0424, 0.0144, 0.0676], [0.6947, 0.0818, 0.0418, 0.0453, 0.0784, 0.035, 0.023], [0.6985, 0.0473, 0.0165, 0.062, 0.0778, 0.0521, 0.0457], [0.6224, 0.0877, 0.0149, 0.0666, 0.0757, 0.0907, 0.0421], [0.7469, 0.0432, 0.0531, 0.0353, 0.0168, 0.0698, 0.0349], [0.6784, 0.0868, 0.0593, 0.0417, 0.0657, 0.0202, 0.0479], [0.651, 0.0533, 0.0753, 0.0293, 0.0466, 0.0703, 0.0743], [0.6012, 0.0588, 0.0799, 0.0323, 0.0665, 0.0856, 0.0757], [0.741, 0.0229, 0.0503, 0.0423, 0.068, 0.0264, 0.0491], [0.7187, 0.0331, 0.0382, 0.0644, 0.0493, 0.0738, 0.0225], [0.6936, 0.0599, 0.0364, 0.0686, 0.0403, 0.0552, 0.046], [0.745, 0.0203, 0.0421, 0.0655, 0.028, 0.0263, 0.0728], [0.6769, 0.0544, 0.0267, 0.0728, 0.0502, 0.0607, 0.0582], [0.6091, 0.0603, 0.0463, 0.0537, 0.0796, 0.0705, 0.0805], [0.7122, 0.0359, 0.0787, 0.0232, 0.0844, 0.046, 0.0196], [0.6904, 0.0791, 0.0181, 0.0798, 0.0419, 0.036, 0.0547], [0.7234, 0.026, 0.0524, 0.0505, 0.0653, 0.0564, 0.026], [0.5942, 0.0609, 0.0722, 0.0853, 0.0815, 0.0235, 0.0825], [0.7209, 0.0761, 0.0449, 0.029, 0.0346, 0.0439, 0.0507], [0.6572, 0.0912, 0.0511, 0.0444, 0.0871, 0.0324, 0.0366], [0.6947, 0.0152, 0.0494, 0.0518, 0.0682, 0.0929, 0.0277], [0.6055, 0.0603, 0.0768, 0.0663, 0.0863, 0.0236, 0.0812], [0.7775, 0.083, 0.0343, 0.0121, 0.0178, 0.0409, 0.0344], [0.6897, 0.0728, 0.0774, 0.0615, 0.046, 0.0331, 0.0196], [0.7053, 0.0497, 0.0188, 0.0653, 0.0448, 0.0491, 0.067], [0.7262, 0.0351, 0.0821, 0.0409, 0.0385, 0.0569, 0.0203], [0.6543, 0.0384, 0.0202, 0.0981, 0.0704, 0.0837, 0.0348], [0.7732, 0.0237, 0.0473, 0.0219, 0.0157, 0.0971, 0.0211], [0.6449, 0.0513, 0.0534, 0.0598, 0.0499, 0.0827, 0.058], [0.6651, 0.0621, 0.0522, 0.0814, 0.0533, 0.0666, 0.0193], [0.7414, 0.0498, 0.0516, 0.015, 0.0413, 0.069, 0.0319], [0.7299, 0.0614, 0.0317, 0.0354, 0.0686, 0.0511, 0.022], [0.7504, 0.0155, 0.0595, 0.0237, 0.0668, 0.033, 0.0512], [0.7503, 0.0201, 0.0204, 0.0387, 0.0468, 0.0941, 0.0296]], "emotions": ["red", "red", "red", "red", "red", "red", "red", "red", "red", "red", "red", "red", "red", "red", "red", "red", "red", "red", "red", "red", "red", "red", "red", "red", "red", "red", "red", "red", "red", "red", "red", "red", "red", "red", "red", "red", "red", "red", "red", "red", "red", "red", "red", "red", "red", "red", "red", "red", "red", "red", "red", "red", "red", "red", "red", "red", "red", "red", "red", "red", "red", "red", "red", "red", "red", "red", "red", "red", "red", "red", "red", "red", "red", "red", "red", "red", "red", "red", "red", "red"], "timestamps": [0, 40, 80, 120, 160, 200, 240, 280, 320, 360, 400, 440, 480, 520, 560, 600, 640, 680, 720, 760, 800, 840, 880, 920, 960, 1000, 1040, 1080, 1120, 1160, 1200, 1240, 1280, 1320, 1360, 1400, 1440, 1480, 1520, 1560, 1600, 1640, 1680, 1720, 1760, 1800, 1840, 1880, 1920, 1960, 2000, 2040, 2080, 2120, 2160, 2200, 2240, 2280, 2320, 2360, 2400, 2440, 2480, 2520, 2560, 2600, 2640, 2680, 2720, 2760, 2800, 2840, 2880, 2920, 2960, 3000, 3040, 3080, 3120, 3160]}], "conversation": [], "conversation_timestamps": []}