{
  "agent_id": "agent-type-purple-14",
  "type": "purple",
  "trips": [
    {
      "trip_id": 0,
      "transport_method": "car",
      "start_time": 0,
      "path": [
        [
          1.5282214,
          42.50907579999999
        ],
        [
          1.5286906768364137,
          42.50952849574822
        ],
        [
          1.5291599536728273,
          42.50998119149644
        ],
        [
          1.5295653807789378,
          42.510470959292824
        ],
        [
          1.5289716630246328,
          42.51028482535716
        ],
        [
          1.5283674603967758,
          42.5100396858578
        ],
        [
          1.5277632577689189,
          42.509794546358435
        ],
        [
          1.5271399759831603,
          42.509615868582294
        ],
        [
          1.5264977463955791,
          42.50950319495409
        ],
        [
          1.525855516807998,
          42.50939052132589
        ],
        [
          1.5253450080507283,
          42.509062215508386
        ],
        [
          1.5258683931143506,
          42.509142765782094
        ],
        [
          1.5265022487803614,
          42.50929567485417
        ],
        [
          1.5270408955536283,
          42.50942561607375
        ],
        [
          1.5264070398876173,
          42.50927270700167
        ],
        [
          1.5257731842216065,
          42.50911979792959
        ],
        [
          1.5251377573781548,
          42.50897409132885
        ],
        [
          1.5244978057892804,
          42.50884912671964
        ],
        [
          1.523865764019948,
          42.50870043581957
        ],
        [
          1.5232875981292477,
          42.508402013358804
        ],
        [
          1.52314980015445,
          42.507947870649026
        ],
        [
          1.52375824308105,
          42.50779451191308
        ],
        [
          1.5244089933155989,
          42.50783547924021
        ],
        [
          1.5250245782325178,
          42.507925244882784
        ],
        [
          1.525503624325359,
          42.50756997347994
        ],
        [
          1.5260803891146637,
          42.50787410596337
        ],
        [
          1.5265557582241622,
          42.507742841278315
        ],
        [
          1.5272073893472606,
          42.5077197963425
        ],
        [
          1.5276727907593728,
          42.50759533786562
        ],
        [
          1.5278439889740265,
          42.507124227014536
        ],
        [
          1.527487961426774,
          42.506585224215335
        ],
        [
          1.5271517300936723,
          42.50604092426815
        ],
        [
          1.5268339821780192,
          42.505942292858876
        ],
        [
          1.5269304915605693,
          42.506458661136044
        ],
        [
          1.5268164284593742,
          42.50631582647793
        ],
        [
          1.52675801287071,
          42.50580135830435
        ],
        [
          1.5272728122284263,
          42.50617780592988
        ],
        [
          1.5275641441858046,
          42.50674792480078
        ],
        [
          1.5278772614395828,
          42.50722398696085
        ],
        [
          1.5272273349305658,
          42.50717154916404
        ],
        [
          1.5265774084215489,
          42.50711911136723
        ],
        [
          1.5261963306561401,
          42.50685144203527
        ],
        [
          1.5259299346780153,
          42.507063853033685
        ],
        [
          1.5252807348255275,
          42.507003076877275
        ],
        [
          1.5246398076814902,
          42.5068849648564
        ],
        [
          1.5240046784959322,
          42.50679269147297
        ],
        [
          1.523370013430095,
          42.506643178733825
        ],
        [
          1.5227357423801084,
          42.50649200193399
        ],
        [
          1.522101471330122,
          42.50634082513416
        ],
        [
          1.5215101445653523,
          42.50615637026278
        ],
        [
          1.5208978017274069,
          42.50593916860765
        ],
        [
          1.5211077233715655,
          42.50607142688042
        ],
        [
          1.5210378018476673,
          42.50640009160884
        ],
        [
          1.521180394924872,
          42.50609892750497
        ],
        [
          1.5205648319370244,
          42.5058870321441
        ],
        [
          1.5199295945034896,
          42.50573996891725
        ],
        [
          1.519294357069955,
          42.505592905690385
        ],
        [
          1.5186591589317306,
          42.50550892679211
        ],
        [
          1.5184311003391588,
          42.505869516014634
        ],
        [
          1.5187794891410165,
          42.50640742643865
        ],
        [
          1.518751915603978,
          42.50690134036633
        ],
        [
          1.5181357042072585,
          42.50669820048627
        ],
        [
          1.517496909997108,
          42.506589634908806
        ],
        [
          1.5168469116800039,
          42.50653809485235
        ],
        [
          1.5161969133628994,
          42.506486554795906
        ],
        [
          1.5156067687754842,
          42.506762836964306
        ],
        [
          1.5151854100634679,
          42.50702323134872
        ],
        [
          1.515819809966821,
          42.50717386651156
        ],
        [
          1.516454209870174,
          42.50732450167439
        ],
        [
          1.5170709947781704,
          42.50751572611709
        ],
        [
          1.5173192828478084,
          42.50768045516753
        ],
        [
          1.516744113643941,
          42.5073933379115
        ],
        [
          1.516109713740588,
          42.50724270274866
        ],
        [
          1.5154753138372348,
          42.50709206758582
        ],
        [
          1.515337224384674,
          42.50688983478699
        ],
        [
          1.5159270716062445,
          42.50661192392923
        ],
        [
          1.5165498798487018,
          42.50651454242622
        ],
        [
          1.5171998781658063,
          42.50656608248267
        ],
        [
          1.517849265097637,
          42.506620737085576
        ],
        [
          1.5178045769139485,
          42.50713734315552
        ],
        [
          1.5178768724843905,
          42.50692645595149
        ],
        [
          1.51762773024246,
          42.506598629423856
        ],
        [
          1.5180103925271782,
          42.50645486486611
        ],
        [
          1.5185598246075902,
          42.50680597535965
        ],
        [
          1.5191475311326752,
          42.50703189630089
        ],
        [
          1.5197306669975663,
          42.50732334819405
        ],
        [
          1.52036620464314,
          42.50744971866661
        ],
        [
          1.521017977505536,
          42.50746495203682
        ],
        [
          1.5216699328148289,
          42.507475366658376
        ],
        [
          1.5223118318395297,
          42.50755687440916
        ],
        [
          1.5222777220556383,
          42.50707569673344
        ],
        [
          1.5218263221051032,
          42.5066051733288
        ],
        [
          1.5220134041124882,
          42.506319834549565
        ],
        [
          1.5226476751624747,
          42.5064710113494
        ],
        [
          1.5232819462124612,
          42.50662218814922
        ],
        [
          1.5239165409206046,
          42.50677199830311
        ],
        [
          1.5245513259618375,
          42.50686579652964
        ],
        [
          1.5251909004352304,
          42.50699229970876
        ],
        [
          1.5258397946271678,
          42.50705541439062
        ],
        [
          1.5262127000000003,
          42.5067624
        ]
      ],
      "emotions": [
        "red",
        "red",
        "red",
        "red",
        "red",
        "green",
        "green",
        "green",
        "green",
        "green",
        "red",
        "red",
        "red",
        "red",
        "red",
        "purple",
        "purple",
        "purple",
        "purple",
        "purple",
        "purple",
        "purple",
        "purple",
        "purple",
        "purple",
        "red",
        "red",
        "red",
        "red",
        "red",
        "purple",
        "purple",
        "purple",
        "purple",
        "purple",
        "purple",
        "purple",
        "purple",
        "purple",
        "purple",
        "green",
        "green",
        "green",
        "green",
        "green",
        "red",
        "red",
        "red",
        "red",
        "red",
        "purple",
        "purple",
        "purple",
        "purple",
        "purple",
        "green",
        "green",
        "green",
        "green",
        "green",
        "purple",
        "purple",
        "purple",
        "purple",
        "purple",
        "green",
        "green",
        "green",
        "green",
        "green",
        "red",
        "red",
        "red",
        "red",
        "red",
        "red",
        "red",
        "red",
        "red",
        "red",
        "green",
        "green",
        "green",
        "green",
        "green",
        "red",
        "red",
        "red",
        "red",
        "red",
        "green",
        "green",
        "green",
        "green",
        "green",
        "purple",
        "purple",
        "purple",
        "purple",
        "purple"
      ],
      "mood_vectors": [
        [
          0.0696490372330019,
          0.1869334842715587,
          0.2307401272713422,
          0.043462472514245905,
          0.0750073238994649,
          0.33266751985830184,
          0.061540034952084544
        ],
        [
          0.10026239537112182,
          0.16747130188231069,
          0.020728886399663488,
          0.24786101532174623,
          0.21864436352624322,
          0.08572265386810099,
          0.15930938363081365
        ],
        [
          0.21728717561103172,
          0.008984408134751447,
          0.22715552584690976,
          0.08688802503296268,
          0.1684550206754199,
          0.15122150838611081,
          0.14000833631281365
        ],
        [
          0.0772752190442075,
          0.22488507904540767,
          0.2263097927369832,
          0.06977430662852774,
          0.04489974864376771,
          0.08420713716741762,
          0.2726487167336885
        ],
        [
          0.10969358998234809,
          0.28306720119205797,
          0.3088778262071397,
          0.08914641684835528,
          0.18714550189041207,
          0.0027402285865257454,
          0.01932923529316105
        ],
        [
          0.07492286896736224,
          0.11361717026121021,
          0.05830842694968711,
          0.012184383943440928,
          0.4170537497751417,
          0.05016878536341516,
          0.27374461473974276
        ],
        [
          0.03222004995523691,
          0.26202143085212254,
          0.045558480767555684,
          0.1399520255514758,
          0.12139808572910572,
          0.08340268094487606,
          0.3154472461996273
        ],
        [
          0.2348647990376535,
          0.01568562188889637,
          0.133106421734537,
          0.1350739110445777,
          0.22539001245188664,
          0.10194366429765889,
          0.1539355695447899
        ],
        [
          0.008659036668541656,
          0.17399809384970796,
          0.12262421609704997,
          0.03932551014839948,
          0.32489786987239655,
          0.181198915881987,
          0.1492963574819173
        ],
        [
          0.21882826221221513,
          0.053002679003382396,
          0.1874554190988707,
          0.18995509783963238,
          0.08781820927620951,
          0.21656438708924647,
          0.04637594548044345
        ],
        [
          0.2704448335850259,
          0.005944104962262179,
          0.015100934077138337,
          0.1447781834789027,
          0.19320760054810004,
          0.13735374796434138,
          0.23317059538422943
        ],
        [
          0.00845466755040037,
          0.11272242083577325,
          0.26680082037712866,
          0.21271328889180557,
          0.17362342735554226,
          0.16942395960450124,
          0.056261415384848606
        ],
        [
          0.24937076132067074,
          0.06371599381759521,
          0.015240653064270877,
          0.07471900140582319,
          0.17157726448069746,
          0.1502867700949317,
          0.27508955581601086
        ],
        [
          0.26605160778425124,
          0.25387932478832986,
          0.17524792034151,
          0.06565832614239035,
          0.14275537451171302,
          0.05306497005544142,
          0.043342476376364035
        ],
        [
          0.11227972027170316,
          0.09049663651973901,
          0.23917411120683382,
          0.07489865371458215,
          0.17017578800208055,
          0.07761894432668882,
          0.2353561459583724
        ],
        [
          0.17356770160653148,
          0.22078499955391936,
          0.12103684423450245,
          0.12632444705469936,
          0.20983611326457988,
          0.07007296206562481,
          0.07837693222014275
        ],
        [
          0.14339466923770833,
          0.16223675559268835,
          0.14938013978465375,
          0.018530336301576595,
          0.11464803775705892,
          0.1758442509823875,
          0.2359658103439265
        ],
        [
          0.019442335142574298,
          0.14233692500339515,
          0.24306935756417847,
          0.02395805859710269,
          0.1980608991960214,
          0.2264303542055101,
          0.14670207029121776
        ],
        [
          0.21283326824378676,
          0.12619857553230251,
          0.03516674140154713,
          0.11130110401875552,
          0.18521516132145294,
          0.20575219194831415,
          0.1235329575338411
        ],
        [
          0.17319417497705394,
          0.0422043495918102,
          0.1931679648773087,
          0.16405353296996497,
          0.12734566618580334,
          0.26707839404598077,
          0.03295591735207809
        ],
        [
          0.012228300492509331,
          0.07456134734207005,
          0.1942993062147342,
          0.32321212981048325,
          0.21281255558240822,
          0.0013833224876592485,
          0.18150303807013568
        ],
        [
          0.24437002948336378,
          0.00881095469280141,
          0.0866950756979899,
          0.12554731437381764,
          0.09840199500570643,
          0.13675548104583543,
          0.29941914970048533
        ],
        [
          0.07663566030080783,
          0.18575328127087384,
          0.10163723483709208,
          0.1858636625373989,
          0.11744634747397222,
          0.18427358800650204,
          0.14839022557335307
        ],
        [
          0.1889306392893447,
          0.17319445786040585,
          0.07310139607350971,
          0.08269220049319127,
          0.11205380727248596,
          0.1220478490469375,
          0.24797964996412508
        ],
        [
          0.28226154864900727,
          0.0031265921282911074,
          0.09894882533740854,
          0.027074518472291254,
          0.04473905449430265,
          0.26966261172218303,
          0.27418684919651615
        ],
        [
          0.27279688119161477,
          0.02177330719834522,
          0.20046304983199156,
          0.14249212751482193,
          0.04128399537102217,
          0.13880610285140446,
          0.18238453604079993
        ],
        [
          0.3262313628041189,
          0.311280908391184,
          0.12065440900146397,
          0.09535339418464231,
          0.11179443997317821,
          0.006121955761244245,
          0.028563529884168246
        ],
        [
          0.07258135503134873,
          0.14393423561108978,
          0.29109177384557305,
          0.249045199793918,
          0.1685792543279967,
          0.03717898839955638,
          0.03758919299051739
        ],
        [
          0.22514470933945235,
          0.18301242128214684,
          0.20615737845064339,
          0.04903093562049609,
          0.20048121131392366,
          0.03185878371545371,
          0.104314560277884
        ],
        [
          0.13395843244600955,
          0.1420976303463019,
          0.07520734959112337,
          0.20640440620361045,
          0.1427409720940707,
          0.1784485724036664,
          0.12114263691521762
        ],
        [
          0.1374557060084292,
          0.17728608480316277,
          0.21271972456685126,
          0.09870996257015159,
          0.16867313440054713,
          0.10825271389414735,
          0.09690267375671066
        ],
        [
          0.1995381285417206,
          0.19231452348759248,
          0.09926588512734213,
          0.05931524073071527,
          0.18231355970722674,
          0.12919273520692387,
          0.13805992719847895
        ],
        [
          0.15898169687565755,
          0.09313006548599687,
          0.1605337523799415,
          0.1402042636640095,
          0.15554770612431262,
          0.07910451558538915,
          0.21249799988469276
        ],
        [
          0.15631324615347175,
          0.22950522047139874,
          0.2023836399233319,
          0.1754273208163128,
          0.21325885298475789,
          0.00776841748166456,
          0.01534330216906229
        ],
        [
          0.07914847756089172,
          0.1886225966231371,
          0.17412325550782853,
          0.1468962950640916,
          0.1385126262698015,
          0.08330663549806275,
          0.18939011347618678
        ],
        [
          0.0834522306999929,
          0.06456234806804086,
          0.1962465400679607,
          0.24103639100146396,
          0.028363351019091383,
          0.17751743148702967,
          0.20882170765642052
        ],
        [
          0.02864542733461721,
          0.352625538204925,
          0.06940539889874268,
          0.12028935235373178,
          0.0927070495077356,
          0.236738332957228,
          0.09958890074301985
        ],
        [
          0.078771767416864,
          0.27898661974889194,
          0.19658398337262548,
          0.0911662690092487,
          0.051095720199443265,
          0.2437123721513773,
          0.059683268101549336
        ],
        [
          0.26252216224919345,
          0.10598104076442758,
          0.23651499230490056,
          0.11816226137188619,
          0.06662008185380973,
          0.11632151810366545,
          0.09387794335211708
        ],
        [
          0.16631634001861656,
          0.1288388800880243,
          0.16075050241539807,
          0.17082335418288294,
          0.1527880001317291,
          0.1481757672130193,
          0.07230715595032981
        ],
        [
          0.17293257191303907,
          0.16388531654097538,
          0.0827685680969682,
          0.19653242268783822,
          0.18445595170991194,
          0.024361364584395157,
          0.17506380446687198
        ],
        [
          0.02543079312723275,
          0.2078677494053776,
          0.17922648947483866,
          0.19538030918051827,
          0.14737263804243295,
          0.03209472721819906,
          0.21262729355140061
        ],
        [
          0.0948876227688243,
          0.1774435895350023,
          0.15587197837073505,
          0.2858400949538001,
          0.06632834005041026,
          0.18755057062690364,
          0.032077803694324385
        ],
        [
          0.23577655132610217,
          0.20915293682378167,
          0.1302256344026432,
          0.2151178104363369,
          0.12732326945429953,
          0.05510377009285963,
          0.027300027463976903
        ],
        [
          0.42566057085049835,
          0.04766476376484833,
          0.18721473849963355,
          0.10563492715359943,
          0.1706461265608306,
          0.021676032270711767,
          0.04150284089987788
        ],
        [
          0.08175568580585771,
          0.09471940119587877,
          0.19367217621674315,
          0.26082226109788154,
          0.23472459334065682,
          0.0056141515148137085,
          0.12869173082816832
        ],
        [
          0.09726581021807117,
          0.11984283255498071,
          0.105200224661377,
          0.12481465584762348,
          0.1958753132990805,
          0.14003703827643188,
          0.21696412514243518
        ],
        [
          0.17658949347230943,
          0.0616115641263315,
          0.13851421127406122,
          0.15091221714497072,
          0.18732353625815687,
          0.2383425868987095,
          0.046706390825460686
        ],
        [
          0.12087526532654208,
          0.127113569044938,
          0.21009775887734256,
          0.3513605044443349,
          0.12936770004666448,
          0.043485685954439295,
          0.01769951630573861
        ],
        [
          0.1519521504705043,
          0.2212224932221872,
          0.1891396178188154,
          0.06889617793969312,
          0.005345388242436854,
          0.18369331515463388,
          0.17975085715172923
        ],
        [
          0.0036267001967843983,
          0.16812991542741662,
          0.1803048745467517,
          0.25921838358127713,
          0.05797820979718863,
          0.13400076629332547,
          0.196741150157256
        ],
        [
          0.030276703490669504,
          0.013783930910745748,
          0.25917799314152035,
          0.14483569268926685,
          0.17786641444846762,
          0.25850952947362765,
          0.11554973584570233
        ],
        [
          0.14442339373963153,
          0.14718874619721045,
          0.14434818776317326,
          0.09364311663903267,
          0.3293657458334845,
          0.08630707843858319,
          0.054723731388884436
        ],
        [
          0.09909266016512695,
          0.11505187789175204,
          0.19818498548120006,
          0.23796859418382307,
          0.01045914543960143,
          0.12015101565490598,
          0.21909172118359044
        ],
        [
          0.01602781230785749,
          0.21680226498158894,
          0.11491225487188525,
          0.191222744565745,
          0.2374757434677459,
          0.08204405331126086,
          0.1415151264939165
        ],
        [
          0.2864138933190952,
          0.07844513850619121,
          0.06993357442688865,
          0.05675009931846368,
          0.24207251853027134,
          0.20724122157522903,
          0.059143554323860835
        ],
        [
          0.1352310068022199,
          0.22856838116709177,
          0.08389976115909577,
          0.035106334991749866,
          0.13251792296043807,
          0.16341051359207096,
          0.22126607932733372
        ],
        [
          0.02367674395645922,
          0.13173800235641547,
          0.13753985663416812,
          0.2162838793652574,
          0.16654358660493473,
          0.23839314066772527,
          0.0858247904150398
        ],
        [
          0.03071875564674017,
          0.17045789365917333,
          0.24762348039515916,
          0.16636108214914772,
          0.13454452332662947,
          0.08045673256731509,
          0.16983753225583503
        ],
        [
          0.10552132423106612,
          0.020075480521898743,
          0.1636037993559994,
          0.07524332002191934,
          0.0566869737350628,
          0.24645355139506822,
          0.3324155507389853
        ],
        [
          0.20667447908678746,
          0.18355778540062873,
          0.05938796485414454,
          0.1594259576229936,
          0.16398380637646182,
          0.018547051582179577,
          0.20842295507680433
        ],
        [
          0.13783345951964232,
          0.051144862734888594,
          0.20992710136715714,
          0.209641945176855,
          0.18796661827588018,
          0.01811728841640632,
          0.18536872450917055
        ],
        [
          0.09983791730648897,
          0.2082690022872753,
          0.15604002131319855,
          0.10707052243403045,
          0.06230624948789884,
          0.16844459453523997,
          0.19803169263586784
        ],
        [
          0.2284004326110251,
          0.161609512642895,
          0.2755629355731106,
          0.07216146652533553,
          0.0068983122313201455,
          0.1556508944568038,
          0.09971644595950974
        ],
        [
          0.03720564585594245,
          0.2470990124260005,
          0.0736498839076494,
          0.25166369925253784,
          0.11449731824214436,
          0.19627781955886373,
          0.07960662075686172
        ],
        [
          0.27299193850684444,
          0.025867722517487996,
          0.09604039143863662,
          0.01945463259828734,
          0.05352347772938437,
          0.18593921512894412,
          0.3461826220804151
        ],
        [
          0.023167635780906862,
          0.28559293799923585,
          0.2726582427889366,
          0.04953672033889989,
          0.12599887514163652,
          0.19984594715642257,
          0.043199640793961755
        ],
        [
          0.1979045483023831,
          0.20288796841510046,
          0.06437233324305137,
          0.17197411275193408,
          0.1009326692650839,
          0.16006766389413898,
          0.10186070412830821
        ],
        [
          0.1853691894891413,
          0.007992508400856328,
          0.2732809701810874,
          0.04947487478134326,
          0.042979544165784346,
          0.21872339023603804,
          0.22217952274574937
        ],
        [
          0.1312214900367954,
          0.261922879359151,
          0.17207918263619484,
          0.015505578364096564,
          0.26148425174196993,
          0.106528281596771,
          0.051258336265021326
        ],
        [
          0.10561268715252625,
          0.13472835032199187,
          0.21799869262331473,
          0.22829809259244585,
          0.25072119707407914,
          0.015624324443734789,
          0.04701665579190745
        ],
        [
          0.05524197060645814,
          0.150757203898238,
          0.15983811303040307,
          0.1601636281352052,
          0.15476479903586018,
          0.1549391957273115,
          0.16429508956652397
        ],
        [
          0.024245116731646095,
          0.11906908106877367,
          0.13610505051632862,
          0.20722924208392213,
          0.19854503808193485,
          0.1643277052636082,
          0.15047876625378634
        ],
        [
          0.15651992571717324,
          0.18987375551780802,
          0.007936686824446143,
          0.2755555135958749,
          0.09906933790526588,
          0.22800142139334323,
          0.043043359046088546
        ],
        [
          0.2204030961958754,
          0.13127838523361166,
          0.08869161707551484,
          0.129794475627467,
          0.26888525767450394,
          0.11957867059708131,
          0.04136849759594584
        ],
        [
          0.2965240534432878,
          0.0933990135339582,
          0.06369607883945982,
          0.015298452356720435,
          0.213523865908811,
          0.25682622535962785,
          0.06073231055813484
        ],
        [
          0.20989588515665153,
          0.022292266246255518,
          0.15559793506588468,
          0.15110450537192605,
          0.10871686370381542,
          0.1294458630750638,
          0.22294668138040302
        ],
        [
          0.15590015031754645,
          0.061810182750501916,
          0.1378315175353652,
          0.07553137105279088,
          0.16555311490211444,
          0.18343865237655754,
          0.21993501106512356
        ],
        [
          0.20681436526336716,
          0.09784409619999826,
          0.2113588099863124,
          0.16389780904827825,
          0.08075772207415008,
          0.13456577156172783,
          0.1047614258661661
        ],
        [
          0.15955993752788009,
          0.17800334296511935,
          0.16157993163195236,
          0.16708527945764634,
          0.013905640754188521,
          0.1087093171893468,
          0.21115655047386658
        ],
        [
          0.22928246847934283,
          0.19030864735328276,
          0.1052492058985795,
          0.23735301822651456,
          0.07080956907952601,
          0.15569333626380943,
          0.01130375469894492
        ],
        [
          0.26920704123693756,
          0.04013617767257293,
          0.30684896640655746,
          0.07090738001891755,
          0.005005772798153033,
          0.14121798726547943,
          0.16667667460138208
        ],
        [
          0.09327480601790082,
          0.1335438820098954,
          0.05306373734973964,
          0.0594304522340655,
          0.20250474737601631,
          0.22030225031831208,
          0.23788012469407024
        ],
        [
          0.0701977051171239,
          0.3334066893569799,
          0.10443244364959496,
          0.18678601527371783,
          0.18385177054027244,
          0.018468426252224154,
          0.1028569498100868
        ],
        [
          0.07641275362579696,
          0.31677866026959783,
          0.3145984100484024,
          0.12884609030216118,
          0.03830961829227775,
          0.08864564331737493,
          0.036408824144388965
        ],
        [
          0.0726289257593628,
          0.1124389442470033,
          0.18556332893947028,
          0.03679478916580308,
          0.17056074408479704,
          0.16286312120145569,
          0.2591501466021078
        ],
        [
          0.1706001003779056,
          0.04175789819683433,
          0.025678003480012798,
          0.055598856159361,
          0.04411535352402411,
          0.3459283203000346,
          0.31632146796182764
        ],
        [
          0.05231216934250465,
          0.19626237463891436,
          0.18029532240210042,
          0.029357329560037608,
          0.17587198898165923,
          0.16467317508511803,
          0.20122763998966575
        ],
        [
          0.269909234283106,
          0.14032659828588057,
          0.135480903052269,
          0.12988576238812913,
          0.0827494128160692,
          0.021133380777889486,
          0.22051470839665666
        ],
        [
          0.19478796051058933,
          0.19592000632092862,
          0.22468687462195194,
          0.10403101574844534,
          0.14275172941629463,
          0.0736770973729731,
          0.06414531600881704
        ],
        [
          0.11087204257311062,
          0.20028833563896975,
          0.15346885530680626,
          0.24649349532168707,
          0.06634451002509408,
          0.13617803468459588,
          0.08635472644973634
        ],
        [
          0.06464552156399565,
          0.14773214668401463,
          0.06955362332025464,
          0.1926611571749836,
          0.2431205647619793,
          0.2791916442654267,
          0.0030953422293454563
        ],
        [
          0.116314167891442,
          0.28205192792818834,
          0.002211828505678327,
          0.2884945514977454,
          0.0008372115101193709,
          0.025886973720696628,
          0.28420333894613
        ],
        [
          0.0981089866071594,
          0.20348202271550853,
          0.1851487452770114,
          0.19748600371773042,
          0.1492699897158871,
          0.014100479573328452,
          0.15240377239337485
        ],
        [
          0.10918627766332921,
          0.23381865019122153,
          0.231270472453867,
          0.07551827912677368,
          0.19275423265854552,
          0.11580216621541861,
          0.0416499216908445
        ],
        [
          0.004236887658603239,
          0.264465614608564,
          0.12041795672589292,
          0.06112851474914635,
          0.20610077220689388,
          0.29871142910833004,
          0.04493882494256948
        ],
        [
          0.049487432077692135,
          0.1498068664692641,
          0.1926506075708303,
          0.2913044551753015,
          0.09845989682010713,
          0.19628394342237065,
          0.022006798464434197
        ],
        [
          0.06457875402357335,
          0.08257772860711413,
          0.28435653417897205,
          0.05296431900187247,
          0.11375194813651147,
          0.10461266678771686,
          0.2971580492642396
        ],
        [
          0.2030846519973134,
          0.22947970788025185,
          0.12837001016307498,
          0.34517859612383084,
          0.0008478694645318194,
          0.0880725672513954,
          0.004966597119601717
        ],
        [
          0.16890648576744302,
          0.12338108902514963,
          0.1596194396111941,
          0.16283516023677486,
          0.09101759033597955,
          0.13196648616370923,
          0.1622737488597497
        ]
      ],
      "timestamps": [
        0,
        1,
        2,
        3,
        4,
        5,
        6,
        7,
        8,
        9,
        10,
        11,
        12,
        13,
        14,
        15,
        16,
        17,
        18,
        19,
        20,
        21,
        22,
        23,
        24,
        25,
        26,
        27,
        28,
        29,
        30,
        31,
        32,
        33,
        34,
        35,
        36,
        37,
        38,
        39,
        40,
        41,
        42,
        43,
        44,
        45,
        46,
        47,
        48,
        49,
        50,
        51,
        52,
        53,
        54,
        55,
        56,
        57,
        58,
        59,
        60,
        61,
        62,
        63,
        64,
        65,
        66,
        67,
        68,
        69,
        70,
        71,
        72,
        73,
        74,
        75,
        76,
        77,
        78,
        79,
        80,
        81,
        82,
        83,
        84,
        85,
        86,
        87,
        88,
        89,
        90,
        91,
        92,
        93,
        94,
        95,
        96,
        97,
        98,
        99
      ],
      "distance": 433.5
    }
  ],
  "conversation": [
    "Hope the traffic isn't too bad.",
    "Everyone looks like they're on their own quest.",
    "This city is bustling."
  ],
  "conversation_timestamps": [
    53,
    73,
    81
  ]
}
