{"agent_id": "agent-red-641", "type": "red", "trips": [{"trip_id": 0, "transport_method": "foot", "start_time": 0, "path": [[1.4986423, 42.4960362], [1.4985563, 42.4964774], [1.4989551, 42.4966807], [1.4994374, 42.4967083], [1.4999129, 42.4967902], [1.5003808, 42.4968641], [1.500847, 42.4967419], [1.5013182, 42.496741], [1.501782, 42.4968685], [1.5021958, 42.4971171], [1.5026123, 42.4973605], [1.5030531, 42.4975582], [1.5034938, 42.4977559], [1.5039293, 42.4979647], [1.504366, 42.4981705], [1.504809, 42.4983633], [1.5052519, 42.498556], [1.5056832, 42.498773], [1.5061115, 42.4989962], [1.5065452, 42.4992089], [1.5069831, 42.499413], [1.5074209, 42.4996171], [1.5078587, 42.4998212], [1.5082692, 42.5000665], [1.5087065, 42.5002716], [1.5091403, 42.5004841], [1.5095763, 42.5006922], [1.509482, 42.5006472], [1.5090787, 42.5004545], [1.5095172, 42.5006572], [1.5099557, 42.5008599], [1.5103941, 42.5010627], [1.5108326, 42.5012654], [1.5112711, 42.5014681], [1.5108484, 42.5012514], [1.5103882, 42.501106], [1.5103116, 42.5010997], [1.5107663, 42.5012629], [1.5112209, 42.5014261], [1.5116756, 42.5015893], [1.5121303, 42.5017524], [1.5119819, 42.5017417], [1.5115933, 42.5016476], [1.5120763, 42.5016572], [1.5125593, 42.5016667], [1.5130181, 42.5017595], [1.5134315, 42.5020095], [1.5138449, 42.5022594], [1.5138698, 42.5022998], [1.5135227, 42.5019685], [1.5132068, 42.5016139], [1.5130061, 42.5017364], [1.5134409, 42.5019467], [1.5138758, 42.5021571], [1.5143107, 42.5023674], [1.5147455, 42.5025778], [1.5147975, 42.5025935], [1.5151996, 42.5028612], [1.5156017, 42.5031289], [1.5157135, 42.5031867], [1.5153106, 42.5029206], [1.5153101, 42.5029308], [1.5157097, 42.5032022], [1.5161098, 42.5034729], [1.5165509, 42.5036641], [1.5170268, 42.5037416], [1.5175091, 42.5037371], [1.5179882, 42.5036752], [1.5184673, 42.5036134], [1.5189464, 42.5035515], [1.5193349, 42.5038029], [1.5198089, 42.5038125], [1.52026, 42.5039668], [1.5207065, 42.5041512], [1.521153, 42.5043356], [1.5216081, 42.5044963], [1.5220099, 42.5047478], [1.5220812, 42.5051942], [1.5220786, 42.5056735], [1.522221, 42.5061351]], "mood_vectors": [[0.6624, 0.0433, 0.077, 0.039, 0.0722, 0.0798, 0.0263], [0.6316, 0.0611, 0.0502, 0.0665, 0.077, 0.0737, 0.04], [0.5993, 0.0905, 0.0349, 0.063, 0.0761, 0.0786, 0.0576], [0.5997, 0.0288, 0.0627, 0.0667, 0.0781, 0.0801, 0.0838], [0.7287, 0.0331, 0.0353, 0.0645, 0.0538, 0.041, 0.0436], [0.7336, 0.0483, 0.0584, 0.0279, 0.039, 0.049, 0.0437], [0.7697, 0.0548, 0.0288, 0.0555, 0.0564, 0.0196, 0.0153], [0.7784, 0.0398, 0.0337, 0.0261, 0.0652, 0.0383, 0.0186], [0.7065, 0.0428, 0.0117, 0.0679, 0.0475, 0.0582, 0.0653], [0.6814, 0.0367, 0.0907, 0.0775, 0.0185, 0.0758, 0.0195], [0.645, 0.0711, 0.0881, 0.0574, 0.0308, 0.0872, 0.0205], [0.6492, 0.0631, 0.0642, 0.0185, 0.0438, 0.0748, 0.0864], [0.7885, 0.0283, 0.054, 0.0361, 0.0343, 0.0376, 0.0212], [0.7114, 0.04, 0.0713, 0.0159, 0.0652, 0.0226, 0.0736], [0.6363, 0.0935, 0.0679, 0.0435, 0.0916, 0.0196, 0.0476], [0.73, 0.0308, 0.0587, 0.0214, 0.0423, 0.0748, 0.042], [0.7728, 0.0152, 0.0354, 0.0175, 0.0859, 0.03, 0.0431], [0.6561, 0.0355, 0.0771, 0.0758, 0.0707, 0.0319, 0.0528], [0.6157, 0.0497, 0.0667, 0.0702, 0.069, 0.0622, 0.0665], [0.7025, 0.0806, 0.0699, 0.0138, 0.0404, 0.0783, 0.0145], [0.6714, 0.0635, 0.0514, 0.0218, 0.0717, 0.0465, 0.0737], [0.6316, 0.0726, 0.0374, 0.0648, 0.0538, 0.0705, 0.0692], [0.7317, 0.0779, 0.0473, 0.0267, 0.0221, 0.0487, 0.0455], [0.7779, 0.0652, 0.0164, 0.0616, 0.0164, 0.022, 0.0405], [0.7138, 0.0157, 0.0688, 0.0244, 0.0698, 0.0756, 0.0318], [0.6695, 0.0196, 0.0561, 0.0667, 0.0435, 0.0831, 0.0615], [0.6984, 0.0711, 0.0428, 0.0428, 0.0532, 0.0216, 0.0701], [0.7272, 0.0788, 0.0309, 0.0683, 0.0445, 0.0253, 0.0249], [0.7112, 0.0486, 0.0374, 0.0753, 0.0574, 0.0389, 0.0313], [0.7666, 0.0148, 0.0383, 0.0742, 0.0571, 0.0136, 0.0353], [0.6975, 0.0357, 0.0561, 0.0114, 0.0609, 0.062, 0.0765], [0.7444, 0.0415, 0.066, 0.027, 0.0265, 0.0189, 0.0758], [0.7463, 0.0515, 0.0604, 0.0154, 0.0474, 0.024, 0.0549], [0.8155, 0.0235, 0.0234, 0.0281, 0.0531, 0.0303, 0.0262], [0.6322, 0.0742, 0.086, 0.0731, 0.0464, 0.0378, 0.0503], [0.754, 0.0478, 0.0149, 0.05, 0.0235, 0.073, 0.0369], [0.7198, 0.0257, 0.0252, 0.0364, 0.0515, 0.0491, 0.0923], [0.7266, 0.0472, 0.0301, 0.0225, 0.0682, 0.0498, 0.0556], [0.6964, 0.0245, 0.017, 0.0586, 0.0553, 0.0753, 0.073], [0.7165, 0.0166, 0.0804, 0.0346, 0.051, 0.0217, 0.0792], [0.6463, 0.0747, 0.0508, 0.0383, 0.0646, 0.0652, 0.0601], [0.7514, 0.0534, 0.0544, 0.0314, 0.0151, 0.0433, 0.0511], [0.6697, 0.0771, 0.0393, 0.0785, 0.0425, 0.0762, 0.0168], [0.7066, 0.0652, 0.0355, 0.0432, 0.0804, 0.0274, 0.0417], [0.7298, 0.0551, 0.0243, 0.0459, 0.0281, 0.0714, 0.0454], [0.6896, 0.0742, 0.0806, 0.0149, 0.0638, 0.0459, 0.031], [0.7749, 0.0435, 0.0292, 0.0452, 0.0168, 0.0525, 0.0378], [0.6437, 0.0574, 0.045, 0.0874, 0.0412, 0.0349, 0.0903], [0.7198, 0.0406, 0.0517, 0.0726, 0.0381, 0.0158, 0.0614], [0.7277, 0.0163, 0.0226, 0.0743, 0.0625, 0.0156, 0.0809], [0.7181, 0.0429, 0.091, 0.0154, 0.0773, 0.0158, 0.0395], [0.7378, 0.0699, 0.0545, 0.0129, 0.0148, 0.0594, 0.0507], [0.7551, 0.0436, 0.049, 0.0149, 0.048, 0.0243, 0.0651], [0.6475, 0.0535, 0.0787, 0.0776, 0.0392, 0.0332, 0.0702], [0.7855, 0.0308, 0.0189, 0.0269, 0.0336, 0.0202, 0.0841], [0.7292, 0.0414, 0.0695, 0.0435, 0.0312, 0.0485, 0.0368], [0.6827, 0.0287, 0.0544, 0.0678, 0.074, 0.0698, 0.0227], [0.8049, 0.0551, 0.0409, 0.0231, 0.0127, 0.0448, 0.0186], [0.7887, 0.0177, 0.0329, 0.0536, 0.0355, 0.0314, 0.0402], [0.7348, 0.0165, 0.0705, 0.0127, 0.0527, 0.0806, 0.0322], [0.6822, 0.063, 0.0705, 0.0404, 0.0473, 0.0756, 0.021], [0.6478, 0.072, 0.0583, 0.0618, 0.0184, 0.061, 0.0808], [0.7072, 0.0494, 0.0663, 0.032, 0.0444, 0.048, 0.0528], [0.6951, 0.0547, 0.0549, 0.0507, 0.0611, 0.0137, 0.0696], [0.68, 0.0698, 0.0552, 0.0695, 0.0539, 0.0457, 0.0258], [0.7971, 0.0758, 0.0132, 0.0207, 0.0224, 0.0402, 0.0306], [0.5974, 0.0451, 0.0933, 0.0898, 0.0408, 0.0841, 0.0496], [0.6476, 0.0475, 0.0369, 0.09, 0.0897, 0.0257, 0.0625], [0.6724, 0.0568, 0.0677, 0.0265, 0.0422, 0.0723, 0.062], [0.6811, 0.0704, 0.0771, 0.0469, 0.0177, 0.0261, 0.0806], [0.6968, 0.0598, 0.0166, 0.0972, 0.0223, 0.0795, 0.0279], [0.6761, 0.0324, 0.0525, 0.0882, 0.019, 0.0429, 0.0889], [0.7089, 0.0538, 0.0439, 0.028, 0.0218, 0.065, 0.0786], [0.6709, 0.0581, 0.0415, 0.0277, 0.0653, 0.0504, 0.0861], [0.7337, 0.0397, 0.0289, 0.0322, 0.0557, 0.0671, 0.0427], [0.7182, 0.0583, 0.0274, 0.0687, 0.0267, 0.021, 0.0797], [0.6256, 0.068, 0.0761, 0.0582, 0.0579, 0.0423, 0.0719], [0.7194, 0.044, 0.0421, 0.017, 0.066, 0.0728, 0.0388], [0.7477, 0.0304, 0.0849, 0.0178, 0.0174, 0.0176, 0.0841], [0.7054, 0.0491, 0.0789, 0.0259, 0.0832, 0.0351, 0.0224]], "emotions": ["red", "red", "red", "red", "red", "red", "red", "red", "red", "red", "red", "red", "red", "red", "red", "red", "red", "red", "red", "red", "red", "red", "red", "red", "red", "red", "red", "red", "red", "red", "red", "red", "red", "red", "red", "red", "red", "red", "red", "red", "red", "red", "red", "red", "red", "red", "red", "red", "red", "red", "red", "red", "red", "red", "red", "red", "red", "red", "red", "red", "red", "red", "red", "red", "red", "red", "red", "red", "red", "red", "red", "red", "red", "red", "red", "red", "red", "red", "red", "red"], "timestamps": [0, 40, 80, 120, 160, 200, 240, 280, 320, 360, 400, 440, 480, 520, 560, 600, 640, 680, 720, 760, 800, 840, 880, 920, 960, 1000, 1040, 1080, 1120, 1160, 1200, 1240, 1280, 1320, 1360, 1400, 1440, 1480, 1520, 1560, 1600, 1640, 1680, 1720, 1760, 1800, 1840, 1880, 1920, 1960, 2000, 2040, 2080, 2120, 2160, 2200, 2240, 2280, 2320, 2360, 2400, 2440, 2480, 2520, 2560, 2600, 2640, 2680, 2720, 2760, 2800, 2840, 2880, 2920, 2960, 3000, 3040, 3080, 3120, 3160]}], "conversation": [], "conversation_timestamps": []}