{
  "agent_id": "agent-type-purple-56",
  "type": "purple",
  "trips": [
    {
      "trip_id": 0,
      "transport_method": "car",
      "start_time": 0,
      "path": [
        [
          1.5295010000000004,
          42.5054508
        ],
        [
          1.5304045270814726,
          42.50545116238108
        ],
        [
          1.5312952141464709,
          42.505523523735974
        ],
        [
          1.531919477861726,
          42.50591273970308
        ],
        [
          1.5328425741203644,
          42.50615304207923
        ],
        [
          1.5335986341852612,
          42.50626047852594
        ],
        [
          1.5329782107814374,
          42.50560943970496
        ],
        [
          1.533040633389393,
          42.50586927174086
        ],
        [
          1.5335201824202165,
          42.50628414112093
        ],
        [
          1.5325802141947142,
          42.50610228246657
        ],
        [
          1.5317595139066156,
          42.505860836633374
        ],
        [
          1.5308128576274485,
          42.50571781661998
        ],
        [
          1.5298746369910443,
          42.50552735033986
        ],
        [
          1.5289363659253083,
          42.505336934620786
        ],
        [
          1.5279979920892135,
          42.505240209151005
        ],
        [
          1.5272779896086772,
          42.50518477112185
        ],
        [
          1.5279618757498084,
          42.505274006960924
        ],
        [
          1.5279763928231063,
          42.50558501907965
        ],
        [
          1.5270753767602276,
          42.50548957088984
        ],
        [
          1.5270800876489627,
          42.50536500094532
        ],
        [
          1.5261420816505158,
          42.50522962787124
        ],
        [
          1.5267195415129027,
          42.505782988879595
        ],
        [
          1.5263063160121988,
          42.506403836253035
        ],
        [
          1.5267645469944533,
          42.505804148154944
        ],
        [
          1.5274468729527726,
          42.50643563300086
        ],
        [
          1.527911363307561,
          42.50722673839013
        ],
        [
          1.52695706536662,
          42.50714974309785
        ],
        [
          1.5260029469106542,
          42.50707068822142
        ],
        [
          1.525051654005701,
          42.506967191107485
        ],
        [
          1.5241148186423656,
          42.50677019731906
        ],
        [
          1.5231849830121453,
          42.506544401144915
        ],
        [
          1.522258732958786,
          42.5063258318554
        ],
        [
          1.5213977547859756,
          42.50613060019036
        ],
        [
          1.5205158923668263,
          42.50587570218977
        ],
        [
          1.5195831626405873,
          42.50565976679918
        ],
        [
          1.5186504747217762,
          42.50551094866743
        ],
        [
          1.5186060407331208,
          42.506128002690716
        ],
        [
          1.5187491621186573,
          42.50679866514956
        ],
        [
          1.5195884702251596,
          42.507255775317695
        ],
        [
          1.5199396148368605,
          42.507623899317075
        ],
        [
          1.5190795658604785,
          42.50804331364246
        ],
        [
          1.5183052122356993,
          42.50801011682706
        ],
        [
          1.5184793,
          42.507102999999994
        ]
      ],
      "emotions": [
        "red",
        "red",
        "red",
        "red",
        "red",
        "green",
        "green",
        "green",
        "green",
        "green",
        "purple",
        "purple",
        "purple",
        "purple",
        "purple",
        "red",
        "red",
        "red",
        "red",
        "red",
        "green",
        "green",
        "green",
        "green",
        "green",
        "green",
        "green",
        "green",
        "green",
        "green",
        "green",
        "green",
        "green",
        "green",
        "green",
        "green",
        "green",
        "green",
        "green",
        "green",
        "red",
        "red",
        "red"
      ],
      "mood_vectors": [
        [
          0.12680276284683978,
          0.10377827661483752,
          0.22173056217343984,
          0.21918529367833844,
          0.058117386635897855,
          0.21959412840406897,
          0.05079158964657749
        ],
        [
          0.0814607610154591,
          0.04719676264328402,
          0.2478111950225997,
          0.16197668064458265,
          0.11908206088532941,
          0.09440374595149115,
          0.24806879383725397
        ],
        [
          0.1942790587786919,
          0.11627003064903257,
          0.16594315412092767,
          0.07977398470895143,
          0.2209764267714821,
          0.017142793624117417,
          0.20561455134679693
        ],
        [
          0.18743814944093645,
          0.16017005735575346,
          0.11501467304965189,
          0.05255180868186192,
          0.23837143541555122,
          0.0963215778781196,
          0.15013229817812537
        ],
        [
          0.008648273484890244,
          0.30610098481098574,
          0.19354667898697875,
          0.11202875240091077,
          0.0026029822221101777,
          0.10594441554901778,
          0.27112791254510643
        ],
        [
          0.11819569048001778,
          0.1693326354642803,
          0.035582027238022514,
          0.2397460381099077,
          0.20506624676205396,
          0.18802206994020518,
          0.04405529200551255
        ],
        [
          0.08248753494854974,
          0.14682846686870785,
          0.06107890768117486,
          0.2158579859809818,
          0.33041988823361274,
          6.9233698836009e-05,
          0.16325798258813715
        ],
        [
          0.08545733834928967,
          0.22772671030323235,
          0.07091253287489419,
          0.001515231445652069,
          0.17725595075969805,
          0.2522847783032885,
          0.1848474579639451
        ],
        [
          0.12659440400325375,
          0.1298762458007755,
          0.024289099407418916,
          0.1791622524539769,
          0.1191530050992248,
          0.2282817150283582,
          0.1926432782069919
        ],
        [
          0.1770683898738145,
          0.20763054894787755,
          0.07911505157133115,
          0.10334919479202001,
          0.15751049945792586,
          0.05009450860592081,
          0.22523180675111015
        ],
        [
          0.116795402897375,
          0.27094601544008,
          0.19184255059574318,
          0.02193097572288574,
          0.20098689691906124,
          0.07194484239912018,
          0.12555331602573475
        ],
        [
          0.12256540450114202,
          0.15971263145882586,
          0.2512367087951711,
          0.17449120883856073,
          0.14929958202471486,
          0.03172689206189774,
          0.11096757231968761
        ],
        [
          0.22208337479558135,
          0.15945385691742028,
          0.1942177198449695,
          0.009246711347832684,
          0.13051882745582133,
          0.14245396496070137,
          0.14202554467767356
        ],
        [
          0.09152987648200053,
          0.19100981665815167,
          0.15042678363707018,
          0.17422085107649765,
          0.18984462836556165,
          0.09150521877174017,
          0.11146282500897824
        ],
        [
          0.021713615622833447,
          0.20411180210428306,
          0.023595869283265975,
          0.18952687167387666,
          0.22883239072945546,
          0.048341149334070854,
          0.2838783012522146
        ],
        [
          0.20711271782612317,
          0.19893000937064184,
          0.1958910899163399,
          0.030469505044760176,
          0.04307156090982985,
          0.18012465686744855,
          0.14440046006485643
        ],
        [
          0.2648479688160459,
          0.3599905658573011,
          0.1582484285540742,
          0.09617676872528193,
          0.0607615122660924,
          0.04041069083432793,
          0.019564064946876646
        ],
        [
          0.18117256174749696,
          0.045819073696048096,
          0.14894452601084637,
          0.28094923669130195,
          0.19005644571557317,
          0.12388834635230499,
          0.02916980978642844
        ],
        [
          0.13766690408037696,
          0.20253096870865464,
          0.08711563596893435,
          0.1700606375672007,
          0.187577626696085,
          0.12847720638785778,
          0.08657102059089047
        ],
        [
          0.118270120249967,
          0.2223664510962845,
          0.20631333340110186,
          0.1000912444318569,
          0.17277260423543003,
          0.1558448599549287,
          0.02434138663043108
        ],
        [
          0.1291754833483991,
          0.12170212948541649,
          0.011289345222366296,
          0.019170552881794332,
          0.12948579074253036,
          0.2641652384409258,
          0.32501145987856767
        ],
        [
          0.2435710372827215,
          0.10841026037821151,
          0.014729508853425995,
          0.13749605861595648,
          0.10778943551857416,
          0.28745582911847367,
          0.10054787023263663
        ],
        [
          0.214734265828647,
          0.20206194185456583,
          0.030383943388227228,
          0.06818504598693598,
          0.18275939506662311,
          0.05184803362837316,
          0.2500273742466277
        ],
        [
          0.19520813534252646,
          0.11725027011065113,
          0.0689652943725114,
          0.2375927620190769,
          0.19505332530431543,
          0.005270520851303965,
          0.18065969199961476
        ],
        [
          0.029353322944824903,
          0.23488115031338713,
          0.05346325384526588,
          0.07278551351326544,
          0.13489551389510318,
          0.20479750663696789,
          0.26982373885118555
        ],
        [
          0.10548888604233207,
          0.16878104589640336,
          0.008625677612990471,
          0.09106949502550687,
          0.22117595752764138,
          0.18265671271898357,
          0.22220222517614238
        ],
        [
          0.2264378223825928,
          0.14971579375712937,
          0.05904396523623195,
          0.12190281745459451,
          0.17583633838202348,
          0.15874407893825998,
          0.10831918384916783
        ],
        [
          0.16410759414094683,
          0.1981568958764831,
          0.08536297236535664,
          0.1603344975449214,
          0.2494767883722206,
          0.07137056430744043,
          0.07119068739263099
        ],
        [
          0.07061240190723712,
          0.015547932246267512,
          0.2715578937104692,
          0.07564343539899608,
          0.24289577316719357,
          0.2716398681747944,
          0.0521026953950421
        ],
        [
          0.15891535850837035,
          0.20094142751395389,
          0.09225403271466856,
          0.2111265185321032,
          0.0028118683981712147,
          0.1898765023476541,
          0.14407429198507868
        ],
        [
          0.04283542984836921,
          0.23359353230726831,
          0.017746277083920965,
          0.1717030281623959,
          0.1403036729478262,
          0.20015852919254293,
          0.19365953045767653
        ],
        [
          0.11431421939117808,
          0.08586132500585487,
          0.2603050634159939,
          0.10824130365616827,
          0.06711897666046329,
          0.18915789600507263,
          0.17500121586526907
        ],
        [
          0.24253809190428335,
          0.10945430552814911,
          0.010730523281124447,
          0.2337699231756928,
          0.014601354330771659,
          0.2599861121248877,
          0.1289196896550909
        ],
        [
          0.1841232970959199,
          0.03140669632601166,
          0.18883569296511893,
          0.09618063970945728,
          0.18496375648842203,
          0.18635178499243238,
          0.12813813242263788
        ],
        [
          0.15962322013906527,
          0.16636156247365871,
          0.20319968023469123,
          0.09179634975281063,
          0.02496275978170707,
          0.2927604461996525,
          0.06129598141841454
        ],
        [
          0.401083993010907,
          0.1320412246955595,
          0.1790239599236951,
          0.025451597488071635,
          0.21059250382098257,
          0.0045369233898363516,
          0.04726979767094773
        ],
        [
          0.16876129523975136,
          0.12837324410992842,
          0.07763026532381767,
          0.29169912954106275,
          0.0832138690884261,
          0.09610968404202493,
          0.1542125126549887
        ],
        [
          0.22008217980804046,
          0.2728681902975927,
          0.1696972367307745,
          0.007894194221727978,
          0.05020828042288674,
          0.12419009718188498,
          0.1550598213370926
        ],
        [
          0.2549620638283321,
          0.22908156286980053,
          0.07642109397840188,
          0.24599406514997813,
          0.014274036437282613,
          0.06959820496478956,
          0.10966897277141531
        ],
        [
          0.18857112904927012,
          0.08765776485365775,
          0.19163709382259045,
          0.01832893092620121,
          0.1817023769126473,
          0.17950851545660973,
          0.15259418897902338
        ],
        [
          0.02011756900728938,
          0.12221248174144995,
          0.24239405371133668,
          0.23248195671828809,
          0.039642641434811644,
          0.2913694711487351,
          0.05178182623808912
        ],
        [
          0.10309122485670467,
          0.14797665423781517,
          0.10402176075196123,
          0.10826750914605208,
          0.1863025349653798,
          0.20159655283893857,
          0.14874376320314842
        ],
        [
          0.061700701055812,
          0.055377922804321314,
          0.028431479285291987,
          0.28734452537728417,
          0.19588315756397373,
          0.3163245148753969,
          0.05493769903791985
        ]
      ],
      "timestamps": [
        0,
        1,
        2,
        3,
        4,
        5,
        6,
        7,
        8,
        9,
        10,
        11,
        12,
        13,
        14,
        15,
        16,
        17,
        18,
        19,
        20,
        21,
        22,
        23,
        24,
        25,
        26,
        27,
        28,
        29,
        30,
        31,
        32,
        33,
        34,
        35,
        36,
        37,
        38,
        39,
        40,
        41,
        42
      ],
      "distance": 1999.1
    },
    {
      "trip_id": 1,
      "transport_method": "foot",
      "start_time": 43,
      "path": [
        [
          1.5184793,
          42.507102999999994
        ],
        [
          1.5184013096570104,
          42.50739439060337
        ],
        [
          1.5183233193140209,
          42.507685781206746
        ],
        [
          1.518270025727538,
          42.50797121030979
        ],
        [
          1.5184723585384017,
          42.508194934271366
        ],
        [
          1.5187134590640574,
          42.508220115344436
        ],
        [
          1.5189850902864652,
          42.50808893814996
        ],
        [
          1.5192567215088728,
          42.50795776095549
        ],
        [
          1.5195283527312806,
          42.50782658376102
        ],
        [
          1.5197972881300819,
          42.507689972188544
        ],
        [
          1.5200784528635631,
          42.50758466903529
        ],
        [
          1.520063316969614,
          42.50744340103207
        ],
        [
          1.5197787863508034,
          42.50734386637621
        ],
        [
          1.519506601899724,
          42.50721420812504
        ],
        [
          1.519237637539435,
          42.50707764623347
        ],
        [
          1.5189686731791456,
          42.506941084341896
        ],
        [
          1.5187955015139054,
          42.50673401212735
        ],
        [
          1.5187807296146931,
          42.506432726933014
        ],
        [
          1.5186436354455393,
          42.506176604757805
        ],
        [
          1.518459075542656,
          42.50593800756674
        ],
        [
          1.5183469490163566,
          42.50565807442376
        ],
        [
          1.5183887958840694,
          42.50537622947452
        ],
        [
          1.5184976454465113,
          42.50509977588482
        ],
        [
          1.5185690279566184,
          42.50489123507285
        ],
        [
          1.5187053330368507,
          42.50469855114857
        ],
        [
          1.5188244767234962,
          42.504421430670675
        ],
        [
          1.518987765372437,
          42.50440349110696
        ],
        [
          1.5192792978531204,
          42.50448094941861
        ],
        [
          1.5195708303338038,
          42.50455840773025
        ],
        [
          1.51981823949669,
          42.504575855071295
        ],
        [
          1.5199150918641375,
          42.50445772363368
        ],
        [
          1.5199931890203286,
          42.504323554269725
        ],
        [
          1.5201120276044304,
          42.504294508765426
        ],
        [
          1.5201528294636235,
          42.50431213697705
        ],
        [
          1.5200380747384798,
          42.50425639145205
        ],
        [
          1.5203032123515179,
          42.50440024215065
        ],
        [
          1.5203630500354433,
          42.504432707150755
        ],
        [
          1.5200979124224052,
          42.504288856452156
        ],
        [
          1.5200911423421952,
          42.50428345594072
        ],
        [
          1.5203671029819217,
          42.504405096451265
        ],
        [
          1.5206441144566545,
          42.504524492413196
        ],
        [
          1.5205736414521351,
          42.50449418642651
        ],
        [
          1.520296796966289,
          42.504374405062066
        ],
        [
          1.5200233387709312,
          42.50424757317426
        ],
        [
          1.5201653406304,
          42.5043254396993
        ],
        [
          1.5204304782434381,
          42.50446929039791
        ],
        [
          1.520493551458941,
          42.50474338789997
        ],
        [
          1.5206406775183505,
          42.50490742761541
        ],
        [
          1.5207617460879177,
          42.50478037485979
        ],
        [
          1.520550724934937,
          42.504921045079094
        ],
        [
          1.5204782203124994,
          42.50465371148987
        ],
        [
          1.5205914073016065,
          42.50458183719195
        ],
        [
          1.5208586537422522,
          42.50472173114213
        ],
        [
          1.521125900182898,
          42.50486162509232
        ],
        [
          1.521220613391633,
          42.50505084927607
        ],
        [
          1.521123100000001,
          42.50533629999999
        ]
      ],
      "emotions": [
        "red",
        "red",
        "red",
        "red",
        "red",
        "red",
        "red",
        "red",
        "red",
        "red",
        "red",
        "red",
        "green",
        "green",
        "green",
        "green",
        "green",
        "red",
        "red",
        "red",
        "red",
        "red",
        "purple",
        "purple",
        "purple",
        "purple",
        "purple",
        "green",
        "green",
        "green",
        "green",
        "green",
        "purple",
        "purple",
        "purple",
        "purple",
        "purple",
        "purple",
        "purple",
        "purple",
        "purple",
        "purple",
        "red",
        "red",
        "red",
        "red",
        "red",
        "purple",
        "purple",
        "purple",
        "purple",
        "purple",
        "red",
        "red",
        "red",
        "red"
      ],
      "mood_vectors": [
        [
          0.1777777089437656,
          0.13946782784104725,
          0.1621961812418748,
          0.02100013779312333,
          0.18911948465133616,
          0.11305943703322827,
          0.19737922249562467
        ],
        [
          0.1556823481658844,
          0.139031110662814,
          0.1447996040706243,
          0.11128461894420436,
          0.2117255407602039,
          0.04854582861272029,
          0.18893094878354877
        ],
        [
          0.28401419788414545,
          0.22626535077225765,
          0.030985637339213747,
          0.13229702162105536,
          0.03746762882454755,
          0.11340763124676696,
          0.17556253231201333
        ],
        [
          0.13075042160535008,
          0.1410747739166342,
          0.04432716480970053,
          0.052836952346543176,
          0.15185417074527352,
          0.2475050240375927,
          0.2316514925389057
        ],
        [
          0.21735043618981853,
          0.07075909320451661,
          0.23919408868480344,
          0.2263520771396372,
          0.037226585825138575,
          0.03608779078539165,
          0.1730299281706941
        ],
        [
          0.20290337910047818,
          0.2060686640076965,
          0.19011137891167987,
          0.012168233817293676,
          0.17628173425344806,
          0.09755439315123697,
          0.11491221675816675
        ],
        [
          0.24389036596262062,
          0.03333222659664237,
          0.24107266965714233,
          0.12857428662271694,
          0.013631686686569982,
          0.19835981223646645,
          0.14113895223784131
        ],
        [
          0.1873578900472393,
          0.1299082274025445,
          0.18003885119290125,
          0.03802302297541241,
          0.11981697658307074,
          0.1742319753498618,
          0.17062305644897002
        ],
        [
          0.14347827258045429,
          0.11846416843307708,
          0.03698511962366947,
          0.20014776448735136,
          0.16114481218627177,
          0.18964732191911426,
          0.15013254077006188
        ],
        [
          0.15431295482755922,
          0.19071772535223708,
          0.10878127183588891,
          0.16380995430369755,
          0.14854545704313357,
          0.21079557939131735,
          0.023037057246166226
        ],
        [
          0.17510129568520844,
          0.2770848494158854,
          0.008303261322834675,
          0.25401897718952826,
          0.13658432498527023,
          0.11107341580618825,
          0.0378338755950848
        ],
        [
          0.014708604340846159,
          0.20673283997962275,
          0.15666484763434568,
          0.10623108331299758,
          0.2098121075701132,
          0.24754541945111488,
          0.05830509771095979
        ],
        [
          0.0871764324168868,
          0.24547478818479065,
          0.13450119794327886,
          0.24650132647601433,
          0.0929617431814847,
          0.1345505153273881,
          0.05883399647015654
        ],
        [
          0.1521806011821036,
          0.2087805107005732,
          0.044545231154159974,
          0.09139308370540111,
          0.20963389081989284,
          0.18798757219147536,
          0.10547911024639393
        ],
        [
          0.1762555396670759,
          0.20359275473445634,
          0.15394068750544482,
          0.0802849063591491,
          0.08016265021170536,
          0.03784835356802344,
          0.2679151079541451
        ],
        [
          0.2051124475955625,
          0.02623061433314003,
          0.1429717403299945,
          0.09565791320498207,
          0.17837798964920307,
          0.18266581426690823,
          0.1689834806202096
        ],
        [
          0.2507614620720402,
          0.022850732239481943,
          0.23792200252524118,
          0.12254616340145713,
          0.11756917327903221,
          0.10090701971650468,
          0.1474434467662426
        ],
        [
          0.09448176114161265,
          0.161416688417346,
          0.03088351392929134,
          0.12862448613585367,
          0.23553243036104834,
          0.14560414926207735,
          0.2034569707527707
        ],
        [
          0.12535307362935288,
          0.16307423399169385,
          0.11488672254451839,
          0.29601279465717634,
          0.22236018781272354,
          0.011876899039469781,
          0.06643608832506513
        ],
        [
          0.2674772060350706,
          0.20946885902374646,
          0.09909634185790872,
          0.02474012732383272,
          0.13650112623423885,
          0.24813011718006234,
          0.014586222345140403
        ],
        [
          0.07365813556455601,
          0.25513907442173633,
          0.13007823006259187,
          0.09231286545228476,
          0.030310087549393412,
          0.09125901960364749,
          0.32724258734579015
        ],
        [
          0.0943819608885751,
          0.17217267340855857,
          0.15104081094339597,
          0.1806056128174253,
          0.1863065879909153,
          0.1087679362767519,
          0.10672441767437794
        ],
        [
          0.18467402188960677,
          0.1774994673021889,
          0.11239090317678856,
          0.10823662167172568,
          0.19006067072688143,
          0.13883473499741372,
          0.08830358023539489
        ],
        [
          0.13535229317532502,
          0.06515650413460454,
          0.09605108159557377,
          0.08786061593329168,
          0.14632378052052464,
          0.21747575650426865,
          0.2517799681364118
        ],
        [
          0.25239968406478624,
          0.11031276518669343,
          0.12272515075118509,
          0.1486716654588862,
          0.0610702303296967,
          0.22410705444099172,
          0.08071344976776067
        ],
        [
          0.11677880746856852,
          0.19286696224248764,
          0.09333409008682411,
          0.1594618151730081,
          0.17430369676727003,
          0.08037570023401043,
          0.18287892802783115
        ],
        [
          0.20871169864771177,
          0.013050440097332418,
          0.31183976051985507,
          0.17707572842081107,
          0.047679427834828404,
          0.13327563341520185,
          0.10836731106425937
        ],
        [
          0.08935719318964845,
          0.1406007136170708,
          0.19922292417185455,
          0.17365735616826009,
          0.19618015284906495,
          0.04211949728502586,
          0.15886216271907524
        ],
        [
          0.08809325916581724,
          0.10339054104953244,
          0.26460390822025526,
          0.06783125023074335,
          0.1673574824047644,
          0.162886934533749,
          0.14583662439513834
        ],
        [
          0.19545686384100763,
          0.13684494132075878,
          0.1509960341007496,
          0.006943225912887414,
          0.2199050218046085,
          0.09338172506201177,
          0.19647218795797633
        ],
        [
          0.1637196640156818,
          0.1740657932664625,
          0.13011842582853558,
          0.05557975616758937,
          0.0738222795983749,
          0.06618850053956074,
          0.3365055805837951
        ],
        [
          0.18973750200092096,
          0.14642199842030815,
          0.1881159594521014,
          0.21869178771211298,
          0.0956397362181224,
          0.01343446478008314,
          0.14795855141635095
        ],
        [
          0.1775782403757049,
          0.06029036819547905,
          0.15773240738309394,
          0.10832838832200593,
          0.1855583235328292,
          0.14939464383644396,
          0.16111762835444307
        ],
        [
          0.10032768272000603,
          0.1231573783684147,
          0.13221649170671151,
          0.13571050480745206,
          0.19249431703371409,
          0.12758971532979865,
          0.18850391003390307
        ],
        [
          0.07230847599508843,
          0.21131730702591905,
          0.1769417041465169,
          0.009284768378343817,
          0.2452079110860459,
          0.12763478569300585,
          0.15730504767508002
        ],
        [
          0.2530928169060753,
          0.24845388708160349,
          0.16150201355463856,
          0.0911133498304098,
          0.08918098239701555,
          0.0062436652384385005,
          0.15041328499181886
        ],
        [
          0.0789195833283755,
          0.01564149614124241,
          0.09912390645252171,
          0.268631964065192,
          0.02638441663708913,
          0.2343688258037354,
          0.2769298075718439
        ],
        [
          0.12572305954928054,
          0.15078154222489046,
          0.14934215787054073,
          0.006388950280340751,
          0.31531062122849846,
          0.16601358012664402,
          0.08644008871980505
        ],
        [
          0.015683383482018115,
          0.06846090073916634,
          0.13681840283320185,
          0.057004838930281757,
          0.1957030569865493,
          0.2694578831291645,
          0.25687153389961814
        ],
        [
          0.10528518392255844,
          0.01085319990277656,
          0.3528279092173973,
          0.10183605032162306,
          0.15627391170524385,
          0.16358601529057318,
          0.10933772963982764
        ],
        [
          0.006071304447565363,
          0.11647050722324827,
          0.2472503238448782,
          0.2364164203147448,
          0.12834272644321895,
          0.1781862204499433,
          0.0872624972764012
        ],
        [
          0.05097589177624146,
          0.09023934169721261,
          0.11914187785353803,
          0.22911997614856386,
          0.26553789049005505,
          0.08807391576384489,
          0.15691110627054408
        ],
        [
          0.08828318512835803,
          0.1533579902004142,
          0.0065260658592004245,
          0.09802967030257675,
          0.2574744867807567,
          0.21840324706947045,
          0.1779253546592235
        ],
        [
          0.08711907082008104,
          0.1507112293190232,
          0.2090984940996133,
          0.12308730727160698,
          0.07136822816361688,
          0.1509792127140456,
          0.20763645761201296
        ],
        [
          0.07490521872827537,
          0.01986791294079644,
          0.23791174107508412,
          0.26049398591608736,
          0.2299528647934729,
          0.1727799927248641,
          0.004088283821419725
        ],
        [
          0.24669823490272544,
          0.18984001316241356,
          0.051798279340889375,
          0.11955022148126727,
          0.029532666038537304,
          0.23606837158114788,
          0.1265122134930191
        ],
        [
          0.23644132867080203,
          0.2217007836675835,
          0.010067199058606199,
          0.10976930820443519,
          0.11293003126100389,
          0.061788802148782886,
          0.2473025469887863
        ],
        [
          0.2548103121261772,
          0.26222632483047903,
          0.26232276493074985,
          0.05882751185959209,
          0.11269754227918037,
          0.010321612793582588,
          0.03879393118023884
        ],
        [
          0.09184098459848722,
          0.008721575095547308,
          0.26147903821896057,
          0.24904081498345765,
          0.24161786634264917,
          0.11133710146079209,
          0.035962619300106025
        ],
        [
          0.12163373483358433,
          0.018996090662141526,
          0.2582348547242363,
          0.28884399354730195,
          0.07084191187539797,
          0.1374489383975783,
          0.10400047595975963
        ],
        [
          0.006657795934107376,
          0.12674073803847483,
          0.12914235889897266,
          0.2224254388395131,
          0.31801415378911474,
          0.14178892831071685,
          0.055230586189100386
        ],
        [
          0.011158338070813173,
          0.1815751595772912,
          0.1523214301753964,
          0.23658264942900628,
          0.10183073462956518,
          0.14355835627601896,
          0.17297333184190886
        ],
        [
          0.21102628837399012,
          0.19569854886044233,
          0.14628576984411515,
          0.03432013609814543,
          0.13611426249168745,
          0.22630626283490998,
          0.05024873149670949
        ],
        [
          0.31579258685795414,
          0.028823193382313428,
          0.020883402785162583,
          0.02040124556948653,
          0.16351990473157513,
          0.279563173476631,
          0.1710164931968772
        ],
        [
          0.22318631501716174,
          0.08157814781969565,
          0.12334900965111813,
          0.23915438210717244,
          0.007605080064001861,
          0.1046445366125616,
          0.22048252872828858
        ],
        [
          0.3086665709232517,
          0.01888510343127448,
          0.12529194706668367,
          0.10156935481793769,
          0.3121666561996323,
          0.00254154932347046,
          0.13087881823774974
        ]
      ],
      "timestamps": [
        43,
        44,
        45,
        46,
        47,
        48,
        49,
        50,
        51,
        52,
        53,
        54,
        55,
        56,
        57,
        58,
        59,
        60,
        61,
        62,
        63,
        64,
        65,
        66,
        67,
        68,
        69,
        70,
        71,
        72,
        73,
        74,
        75,
        76,
        77,
        78,
        79,
        80,
        81,
        82,
        83,
        84,
        85,
        86,
        87,
        88,
        89,
        90,
        91,
        92,
        93,
        94,
        95,
        96,
        97,
        98
      ],
      "distance": 464
    }
  ],
  "conversation": [
    "This neighborhood has main character energy.",
    "Just enjoying the walk.",
    "This place has a kind of quiet magic."
  ],
  "conversation_timestamps": [
    14,
    27,
    48
  ]
}
