{"agent_id": "agent-blue-1450", "type": "blue", "trips": [{"trip_id": 0, "transport_method": "car", "start_time": 0, "path": [[1.4890963, 42.4837303], [1.4882491, 42.4832924], [1.4874802, 42.4827113], [1.4872626, 42.4822154], [1.4879946, 42.4828433], [1.4887266, 42.4834711], [1.4895028, 42.4840129], [1.4902051, 42.4839092], [1.4910602, 42.4843348], [1.4918964, 42.4847479], [1.4927698, 42.4850116], [1.4935886, 42.4855081], [1.4943263, 42.4861273], [1.4947348, 42.4869833], [1.4946841, 42.4879359], [1.4951704, 42.4887443], [1.495799, 42.4894757], [1.4962798, 42.4902858], [1.4964755, 42.491187], [1.4972634, 42.49174], [1.4980929, 42.4922313], [1.4989476, 42.492678], [1.4997566, 42.4931978], [1.5004845, 42.4938265], [1.5011811, 42.4943967], [1.5020567, 42.4948008], [1.5029236, 42.4952233], [1.5038334, 42.4955401], [1.5046962, 42.4959643], [1.5055904, 42.4963183], [1.5065034, 42.4966284], [1.5074114, 42.4969534], [1.5083, 42.4973261], [1.5091691, 42.4977441], [1.5100302, 42.4981782], [1.5107061, 42.4988532], [1.5113049, 42.4996092], [1.5118966, 42.5003706], [1.5124759, 42.5011417], [1.5131316, 42.5018281], [1.5139569, 42.5023271], [1.5134434, 42.5018666], [1.5131207, 42.5017918], [1.5139889, 42.5022117], [1.514784, 42.5025889], [1.5153013, 42.5029289], [1.5156156, 42.5031167], [1.5154082, 42.5029975], [1.5162106, 42.503532], [1.5171419, 42.5037448], [1.5181006, 42.5036607], [1.5190384, 42.5035932], [1.5199142, 42.5038265], [1.5208064, 42.5041924], [1.5217085, 42.5045313], [1.5225414, 42.504714], [1.5234975, 42.5048252], [1.5244452, 42.5050019], [1.5253915, 42.5051876], [1.526342, 42.5053171], [1.5273031, 42.5053305], [1.5274446, 42.5053402], [1.5284072, 42.5052843], [1.5293572, 42.5054502], [1.5302797, 42.5056641], [1.5310564, 42.506228], [1.5319073, 42.5066773], [1.532456, 42.5066345], [1.532597, 42.5067321], [1.533543, 42.5068531], [1.5343706, 42.5071925], [1.5352322, 42.5076159], [1.5361846, 42.5077359], [1.5371444, 42.5078035], [1.5380392, 42.508132], [1.5389884, 42.5082208], [1.5399403, 42.5083679], [1.540687, 42.5086716], [1.5416421, 42.5088015], [1.5420911, 42.5094882]], "mood_vectors": [[0.0642, 0.0239, 0.0573, 0.6704, 0.0646, 0.0838, 0.0357], [0.027, 0.0604, 0.0516, 0.7348, 0.0771, 0.0277, 0.0213], [0.0614, 0.0339, 0.0765, 0.6414, 0.0806, 0.0754, 0.0307], [0.0293, 0.0505, 0.0835, 0.7092, 0.0298, 0.0628, 0.0349], [0.0601, 0.0485, 0.0474, 0.6728, 0.0468, 0.061, 0.0635], [0.0595, 0.0887, 0.0712, 0.6518, 0.0284, 0.0205, 0.0799], [0.0748, 0.0651, 0.0206, 0.7274, 0.049, 0.0283, 0.0347], [0.017, 0.0224, 0.0414, 0.7701, 0.0423, 0.0646, 0.0421], [0.0464, 0.0578, 0.0601, 0.7203, 0.052, 0.0122, 0.0512], [0.0199, 0.0308, 0.0689, 0.7739, 0.0216, 0.0504, 0.0345], [0.0614, 0.0599, 0.0395, 0.6885, 0.0238, 0.064, 0.0629], [0.0682, 0.0213, 0.0907, 0.6664, 0.0218, 0.07, 0.0616], [0.0517, 0.0476, 0.0471, 0.6649, 0.0648, 0.0395, 0.0844], [0.0635, 0.0429, 0.0594, 0.7302, 0.0577, 0.0147, 0.0316], [0.0402, 0.0429, 0.0317, 0.6917, 0.0423, 0.0741, 0.0772], [0.016, 0.0853, 0.0564, 0.7266, 0.0181, 0.0504, 0.0472], [0.0137, 0.0276, 0.0816, 0.7393, 0.0337, 0.0855, 0.0186], [0.0793, 0.0358, 0.0261, 0.6691, 0.0333, 0.0802, 0.0762], [0.0257, 0.0713, 0.0668, 0.7135, 0.0755, 0.0145, 0.0327], [0.0725, 0.0306, 0.0496, 0.7404, 0.0353, 0.0451, 0.0265], [0.0131, 0.0521, 0.0455, 0.7464, 0.0543, 0.0452, 0.0435], [0.0347, 0.0751, 0.031, 0.7399, 0.0532, 0.0361, 0.0299], [0.0375, 0.045, 0.0178, 0.7564, 0.0535, 0.048, 0.0419], [0.0595, 0.0754, 0.0907, 0.662, 0.0217, 0.035, 0.0557], [0.0701, 0.0297, 0.0528, 0.6371, 0.0773, 0.0513, 0.0818], [0.0229, 0.0672, 0.0615, 0.733, 0.0277, 0.0171, 0.0706], [0.0718, 0.0438, 0.0493, 0.7008, 0.0394, 0.0678, 0.0271], [0.06, 0.0311, 0.0204, 0.7044, 0.0655, 0.0519, 0.0667], [0.0668, 0.0248, 0.0704, 0.6643, 0.0628, 0.0298, 0.0811], [0.0274, 0.0291, 0.0329, 0.7438, 0.0669, 0.0494, 0.0504], [0.0423, 0.031, 0.0593, 0.715, 0.0672, 0.0348, 0.0504], [0.0666, 0.0123, 0.0555, 0.7305, 0.0566, 0.0598, 0.0187], [0.0635, 0.0341, 0.0754, 0.6578, 0.0581, 0.0701, 0.0411], [0.0555, 0.0367, 0.0467, 0.7218, 0.0645, 0.0591, 0.0157], [0.0581, 0.0676, 0.0905, 0.6481, 0.0325, 0.0761, 0.027], [0.0712, 0.0346, 0.0735, 0.6609, 0.0507, 0.0761, 0.0331], [0.0532, 0.0539, 0.0597, 0.6792, 0.0212, 0.0776, 0.0553], [0.0712, 0.047, 0.0361, 0.6786, 0.0679, 0.038, 0.0611], [0.0603, 0.0707, 0.0143, 0.6903, 0.024, 0.072, 0.0684], [0.0401, 0.0555, 0.0266, 0.6958, 0.0566, 0.0573, 0.068], [0.029, 0.0756, 0.0363, 0.6964, 0.0629, 0.0693, 0.0305], [0.0466, 0.074, 0.0648, 0.612, 0.0751, 0.0434, 0.0841], [0.0459, 0.0549, 0.081, 0.7046, 0.0167, 0.0524, 0.0445], [0.0463, 0.074, 0.0432, 0.6936, 0.0386, 0.0783, 0.0261], [0.0182, 0.0626, 0.0193, 0.7453, 0.045, 0.0441, 0.0655], [0.058, 0.0175, 0.0693, 0.6888, 0.05, 0.0737, 0.0427], [0.0727, 0.013, 0.0183, 0.77, 0.018, 0.0565, 0.0515], [0.057, 0.0583, 0.0436, 0.7227, 0.074, 0.0172, 0.0272], [0.0697, 0.022, 0.0137, 0.7704, 0.0416, 0.0363, 0.0462], [0.0599, 0.056, 0.0136, 0.6917, 0.0688, 0.0687, 0.0413], [0.065, 0.0366, 0.0862, 0.6645, 0.0564, 0.069, 0.0223], [0.0488, 0.0632, 0.0428, 0.7401, 0.022, 0.0384, 0.0449], [0.0409, 0.0149, 0.0308, 0.746, 0.0744, 0.0191, 0.0739], [0.0374, 0.0529, 0.0572, 0.7076, 0.0641, 0.0636, 0.0172], [0.0533, 0.0385, 0.0404, 0.6747, 0.0658, 0.0643, 0.063], [0.0277, 0.0483, 0.0812, 0.6993, 0.0658, 0.0192, 0.0585], [0.0244, 0.0609, 0.0569, 0.6572, 0.0747, 0.0441, 0.0818], [0.0279, 0.0638, 0.0287, 0.7299, 0.0705, 0.0524, 0.0268], [0.0764, 0.0111, 0.0678, 0.6943, 0.0696, 0.0676, 0.0132], [0.0501, 0.0175, 0.0613, 0.7087, 0.052, 0.0424, 0.0681], [0.0769, 0.0293, 0.0615, 0.6725, 0.0635, 0.0735, 0.0229], [0.0695, 0.0431, 0.044, 0.7516, 0.0326, 0.0159, 0.0434], [0.0551, 0.043, 0.0744, 0.6884, 0.0539, 0.0452, 0.04], [0.0294, 0.0155, 0.0847, 0.7216, 0.0622, 0.0303, 0.0561], [0.0452, 0.0291, 0.0241, 0.7243, 0.0608, 0.0259, 0.0906], [0.0158, 0.0216, 0.0714, 0.7996, 0.0299, 0.0212, 0.0404], [0.073, 0.0755, 0.0716, 0.6797, 0.0521, 0.0332, 0.0149], [0.0769, 0.0365, 0.0342, 0.7116, 0.0553, 0.0714, 0.0141], [0.0526, 0.0862, 0.0383, 0.6224, 0.0795, 0.0608, 0.0602], [0.054, 0.0828, 0.02, 0.6684, 0.0194, 0.0849, 0.0705], [0.0604, 0.0835, 0.0159, 0.7446, 0.038, 0.0331, 0.0246], [0.0253, 0.0812, 0.0622, 0.6834, 0.0391, 0.0412, 0.0676], [0.0535, 0.055, 0.0295, 0.6375, 0.0472, 0.094, 0.0833], [0.0312, 0.0697, 0.0284, 0.7119, 0.0775, 0.045, 0.0364], [0.0345, 0.081, 0.0742, 0.6528, 0.0462, 0.0656, 0.0457], [0.0854, 0.0378, 0.0536, 0.6174, 0.0616, 0.0549, 0.0893], [0.043, 0.0421, 0.0295, 0.7457, 0.022, 0.0415, 0.0761], [0.0637, 0.0305, 0.1115, 0.7009, 0.0472, 0.0189, 0.0272], [0.0182, 0.0404, 0.0982, 0.7122, 0.063, 0.0392, 0.0288], [0.045, 0.048, 0.0438, 0.77, 0.0325, 0.0183, 0.0423]], "emotions": ["green", "green", "green", "green", "green", "green", "green", "green", "green", "green", "green", "green", "green", "green", "green", "green", "green", "green", "green", "green", "green", "green", "green", "green", "green", "green", "green", "green", "green", "green", "green", "green", "green", "green", "green", "green", "green", "green", "green", "green", "green", "green", "green", "green", "green", "green", "green", "green", "green", "green", "green", "green", "green", "green", "green", "green", "green", "green", "green", "green", "green", "green", "green", "green", "green", "green", "green", "green", "green", "green", "green", "green", "green", "green", "green", "green", "green", "green", "green", "green"], "timestamps": [0, 40, 80, 120, 160, 200, 240, 280, 320, 360, 400, 440, 480, 520, 560, 600, 640, 680, 720, 760, 800, 840, 880, 920, 960, 1000, 1040, 1080, 1120, 1160, 1200, 1240, 1280, 1320, 1360, 1400, 1440, 1480, 1520, 1560, 1600, 1640, 1680, 1720, 1760, 1800, 1840, 1880, 1920, 1960, 2000, 2040, 2080, 2120, 2160, 2200, 2240, 2280, 2320, 2360, 2400, 2440, 2480, 2520, 2560, 2600, 2640, 2680, 2720, 2760, 2800, 2840, 2880, 2920, 2960, 3000, 3040, 3080, 3120, 3160]}], "conversation": [], "conversation_timestamps": []}