{
  "agent_id": "agent-type-red-74",
  "type": "red",
  "trips": [
    {
      "trip_id": 0,
      "transport_method": "foot",
      "start_time": 0,
      "path": [
        [
          1.5187402000000005,
          42.5085045
        ],
        [
          1.5184785045717195,
          42.50842267096312
        ],
        [
          1.5184629315369662,
          42.50833214815247
        ],
        [
          1.518448600327782,
          42.50816866428096
        ],
        [
          1.5182646842394154,
          42.50796530410565
        ],
        [
          1.5184236318489508,
          42.50814105606965
        ],
        [
          1.5186233192247194,
          42.50826364602228
        ],
        [
          1.5188702260496194,
          42.508144408828926
        ],
        [
          1.5191171328745194,
          42.50802517163557
        ],
        [
          1.5193640396994195,
          42.50790593444223
        ],
        [
          1.5196102291297158,
          42.507785251088436
        ],
        [
          1.5198545518757645,
          42.50766080477783
        ],
        [
          1.5201138735984145,
          42.50757466049914
        ],
        [
          1.5200544279327177,
          42.50744049792515
        ],
        [
          1.5197954408981658,
          42.50735096790633
        ],
        [
          1.5195472272814072,
          42.50723483494327
        ],
        [
          1.5193027445756946,
          42.50711070317833
        ],
        [
          1.519058261869982,
          42.50698657141338
        ],
        [
          1.5188084362425633,
          42.50689663031312
        ],
        [
          1.5185450043353181,
          42.50684421299137
        ],
        [
          1.5182867543690455,
          42.506752085669795
        ],
        [
          1.5180285044027728,
          42.50665995834822
        ],
        [
          1.51790437358452,
          42.50684623485249
        ],
        [
          1.517815456381373,
          42.50710560759479
        ],
        [
          1.5177434608217732,
          42.507315619662926
        ],
        [
          1.51783237802492,
          42.507056246920634
        ],
        [
          1.517921295228067,
          42.50679687417834
        ],
        [
          1.5178669684757105,
          42.50662356642907
        ],
        [
          1.517594451128877,
          42.50659683505253
        ],
        [
          1.517789762272129,
          42.50654224780299
        ],
        [
          1.5179169982387113,
          42.5062995047022
        ],
        [
          1.5178576225706435,
          42.50613202567975
        ],
        [
          1.5175932787127708,
          42.506059205261835
        ],
        [
          1.5174242,
          42.50596860000001
        ]
      ],
      "emotions": [
        "green",
        "green",
        "green",
        "green",
        "green",
        "purple",
        "purple",
        "purple",
        "purple",
        "purple",
        "purple",
        "purple",
        "purple",
        "purple",
        "purple",
        "red",
        "red",
        "red",
        "red",
        "red",
        "purple",
        "purple",
        "purple",
        "purple",
        "purple",
        "red",
        "red",
        "red",
        "red",
        "red",
        "green",
        "green",
        "green",
        "green"
      ],
      "mood_vectors": [
        [
          0.14821521011115593,
          0.28320641094600824,
          0.23271792637339034,
          0.04908424465188422,
          0.08223264238842398,
          0.03810539910179647,
          0.1664381664273408
        ],
        [
          0.14951790229527018,
          0.054386906087889784,
          0.09310112913012479,
          0.2064619465508493,
          0.0657437857373051,
          0.26952806570211246,
          0.16126026449644834
        ],
        [
          0.21806769409338211,
          0.022536425072392566,
          0.14588769012765712,
          0.22285021279329018,
          0.07265486657158617,
          0.11160250583384126,
          0.20640060550785055
        ],
        [
          0.1640421229658996,
          0.1876406691833077,
          0.05921049498518084,
          0.3472790318806453,
          0.011692277992113038,
          0.031867975479894776,
          0.19826742751295875
        ],
        [
          0.17553383280344914,
          0.15623488479701558,
          0.21886667282690578,
          0.16064614311501352,
          0.1353939075833194,
          0.0479770449324467,
          0.10534751394184987
        ],
        [
          0.14151284737868175,
          0.05587908600697125,
          0.11476020479865869,
          0.1928437311167818,
          0.12456718895952998,
          0.29077784546422897,
          0.07965909627514756
        ],
        [
          0.15247538881892064,
          0.18341213826818337,
          0.0807656345313844,
          0.22619858957005828,
          0.1539492714099785,
          0.029557362106526288,
          0.17364161529494856
        ],
        [
          0.10485973946462657,
          0.17618201569731493,
          0.19492159237568057,
          0.13216264693080926,
          0.05249224558999832,
          0.2007505722509598,
          0.13863118769061056
        ],
        [
          0.03792617568322045,
          0.18510808130639178,
          0.001489734816907849,
          0.2687350694626579,
          0.26383430861648516,
          0.19898025023797358,
          0.043926379876363345
        ],
        [
          0.2909493573319093,
          0.0035336916515268033,
          0.20628755066808668,
          0.10828512454733609,
          0.20470527624965382,
          0.020835881641963965,
          0.16540311790952336
        ],
        [
          0.16353637971306328,
          0.03490371685169699,
          0.2791514157491667,
          0.038502484880531956,
          0.1814824090558858,
          0.09941859926710925,
          0.20300499448254603
        ],
        [
          0.09304311165301136,
          0.19689463466924328,
          0.23490058880278775,
          0.11245199047631158,
          0.14079260329867654,
          0.019912809289563356,
          0.20200426181040604
        ],
        [
          0.0012037527342546798,
          0.16574085881575443,
          0.2456822112160882,
          0.15258555984097077,
          0.23872487514251434,
          0.02551973477026565,
          0.17054300748015194
        ],
        [
          0.26574369415873705,
          0.21178683321477415,
          0.10942613993261589,
          0.12823919606283943,
          0.11482969212408288,
          0.0036314797154237436,
          0.1663429647915269
        ],
        [
          0.06978418865290281,
          0.11553927492218247,
          0.1678639448917936,
          0.18083330732801814,
          0.15011301471492555,
          0.1611972699071107,
          0.15466899958306676
        ],
        [
          0.16803153566297124,
          0.1053567828701679,
          0.12255981768813466,
          0.16288392099945237,
          0.1748989784681184,
          0.09147615596215229,
          0.17479280834900313
        ],
        [
          0.211642334478411,
          0.1318857074736837,
          0.11386359007772374,
          0.1611205687067508,
          0.0013687099649402304,
          0.06555754632405877,
          0.3145615429744318
        ],
        [
          0.18900868028967344,
          0.17599720641326294,
          0.1945932727946897,
          0.11986495589555685,
          0.18333224289680833,
          0.024544181900337612,
          0.11265945980967121
        ],
        [
          0.02029027604937245,
          0.03929315029193452,
          0.00792063549658252,
          0.26650071183106344,
          0.2861330293746247,
          0.2744459506588502,
          0.10541624629757226
        ],
        [
          0.2436483178132047,
          0.17640489859721756,
          0.1861474230155407,
          0.1525638895191519,
          0.025362679300498993,
          0.09170589432278599,
          0.12416689743160024
        ],
        [
          0.18530279044135706,
          0.11620232637032081,
          0.23860694475483757,
          0.07995241108463864,
          0.07548957840937862,
          0.18804754175806976,
          0.11639840718139756
        ],
        [
          0.12037943909728789,
          0.04543373392207162,
          0.10927764788717825,
          0.21305364698463228,
          0.229692405920062,
          0.168021323158067,
          0.11414180303070108
        ],
        [
          0.1008154863152271,
          0.2353454026445655,
          0.12436314564797633,
          0.16346665969989052,
          0.1666743417163183,
          0.1831486843603736,
          0.026186279615648567
        ],
        [
          0.135930864498997,
          0.04102322543727239,
          0.17731124646636298,
          0.28523267321700985,
          0.10144326411690359,
          0.1428544317844588,
          0.11620429447899541
        ],
        [
          0.1885699249682145,
          0.11600011008520059,
          0.23236261156276147,
          0.1676849052513578,
          0.015165248875110308,
          0.219090810996625,
          0.06112638826073027
        ],
        [
          0.054912591648686775,
          0.26486527827558587,
          0.23701156350905367,
          0.24587820514362543,
          0.03789987942704514,
          0.022652704663973136,
          0.13677977733202998
        ],
        [
          0.20296992519306595,
          0.21790888823482546,
          0.23091068501122644,
          0.05747048273338929,
          0.025660263775644204,
          0.21476519149569576,
          0.05031456355615293
        ],
        [
          0.06269363085687776,
          0.018728134973178275,
          0.13841000574134224,
          0.2612099121478472,
          0.10739897901021943,
          0.2854277266983303,
          0.12613161057220473
        ],
        [
          0.18254546245133768,
          0.031063622456787798,
          0.17151621560966684,
          0.21351628327529693,
          0.18952787295208132,
          0.20387821695149835,
          0.007952326303331038
        ],
        [
          0.16665298373017176,
          0.15877996237406497,
          0.1266994498408821,
          0.09053189098814556,
          0.20291090388168814,
          0.01690526091910715,
          0.23751954826594032
        ],
        [
          0.18704533691490882,
          0.20491142314669208,
          0.0643315548355045,
          0.2264783385034665,
          0.17642791683101894,
          0.06408889832622992,
          0.07671653144217928
        ],
        [
          0.05127427703871597,
          0.16769789863350987,
          0.13927723931200264,
          0.2241432340553045,
          0.163221562059015,
          0.2275474921475828,
          0.026838296753869305
        ],
        [
          0.2186895175394861,
          0.178071091360442,
          0.20581555581937486,
          0.03855937310061853,
          0.13246972397214465,
          0.009353404683241804,
          0.21704133352469204
        ],
        [
          0.12133133696543882,
          0.15683544659458287,
          0.1517896732358626,
          0.23799564124958283,
          0.15904030642518163,
          0.10020160218004627,
          0.07280599334930504
        ]
      ],
      "timestamps": [
        0,
        1,
        2,
        3,
        4,
        5,
        6,
        7,
        8,
        9,
        10,
        11,
        12,
        13,
        14,
        15,
        16,
        17,
        18,
        19,
        20,
        21,
        22,
        23,
        24,
        25,
        26,
        27,
        28,
        29,
        30,
        31,
        32,
        33
      ],
      "distance": 487
    },
    {
      "trip_id": 1,
      "transport_method": "bicycle",
      "start_time": 34,
      "path": [
        [
          1.5174242,
          42.50596860000001
        ],
        [
          1.5179836785388416,
          42.506437793490115
        ],
        [
          1.5188706029509211,
          42.5068914497541
        ],
        [
          1.5192001020435733,
          42.50630833842107
        ],
        [
          1.518977418250252,
          42.50635891638693
        ],
        [
          1.5183461527747633,
          42.50565607375897
        ],
        [
          1.5192451612075273,
          42.505581516402074
        ],
        [
          1.5202426342963613,
          42.50581244046826
        ],
        [
          1.521218831771241,
          42.50611347291143
        ],
        [
          1.5215724746854278,
          42.50644290693711
        ],
        [
          1.5207411390241368,
          42.505932702743586
        ],
        [
          1.5216215453687998,
          42.50616162048669
        ],
        [
          1.5224777658278705,
          42.5064963154777
        ],
        [
          1.5234756989385656,
          42.506725243400574
        ],
        [
          1.5243950161528932,
          42.50669376078329
        ],
        [
          1.5249792771892436,
          42.50702280278978
        ],
        [
          1.5255590075605716,
          42.507137596852864
        ],
        [
          1.5265791327242555,
          42.50722490743477
        ],
        [
          1.5263130909269798,
          42.50799681140827
        ],
        [
          1.52540531872588,
          42.507523542522975
        ],
        [
          1.5253688745768132,
          42.50765207589268
        ],
        [
          1.5246564912537999,
          42.508065388010294
        ],
        [
          1.5244240934472968,
          42.507836429853825
        ],
        [
          1.5234038212259338,
          42.507803753374226
        ],
        [
          1.5233487963786057,
          42.50844785558988
        ],
        [
          1.524297824571757,
          42.508810075992784
        ],
        [
          1.5253026999999995,
          42.5090063
        ]
      ],
      "emotions": [
        "green",
        "red",
        "red",
        "red",
        "red",
        "red",
        "purple",
        "purple",
        "purple",
        "purple",
        "purple",
        "red",
        "red",
        "red",
        "red",
        "red",
        "red",
        "red",
        "red",
        "red",
        "red",
        "green",
        "green",
        "green",
        "green",
        "green",
        "red"
      ],
      "mood_vectors": [
        [
          0.20521654382730106,
          0.07517086232578396,
          0.03620635834809267,
          0.13146686937393262,
          0.2049400414648255,
          0.25467329702447755,
          0.09232602763558663
        ],
        [
          0.15910647945282172,
          0.13772161063642668,
          0.06758849761776857,
          0.13100587411630862,
          0.17216069199856165,
          0.15991785014675483,
          0.17249899603135785
        ],
        [
          0.2748555106205253,
          0.12670634226599195,
          0.26622729404119533,
          0.06318070093439515,
          0.01052816064185753,
          0.07067325826927036,
          0.1878287332267644
        ],
        [
          0.09445629945663399,
          0.17516705709669173,
          0.246403037446143,
          0.015732876527154237,
          0.1372248187576462,
          0.19524501917143217,
          0.1357708915442987
        ],
        [
          0.06385912768416584,
          0.29307586082468534,
          0.01637485413874695,
          0.3389801461507086,
          0.08453691742326536,
          0.14877073887771708,
          0.05440235490071088
        ],
        [
          0.16392832632681872,
          0.1395697505932957,
          0.14007958299917744,
          0.04454753057701366,
          0.23125392297077013,
          0.1669047518155475,
          0.11371613471737675
        ],
        [
          0.051348634463211584,
          0.060991824297762905,
          0.06385598437029605,
          0.05214277610738827,
          0.2824634405779624,
          0.30498854195580216,
          0.18420879822757666
        ],
        [
          0.12847226606780845,
          0.13346266808168405,
          0.19093872501350018,
          0.039245325136282636,
          0.14342748288726478,
          0.1977609260671383,
          0.16669260674632158
        ],
        [
          0.07288557303090754,
          0.1277936002048782,
          0.11612835850499263,
          0.11234047723623819,
          0.16122624715609277,
          0.305479737201227,
          0.10414600666566357
        ],
        [
          0.06011709017384619,
          0.09290127091005376,
          0.2076815344704607,
          0.3304413264070782,
          0.08779073111896434,
          0.10712303737294646,
          0.11394500954665034
        ],
        [
          0.048389356107475474,
          0.2348107649446994,
          0.09769540116508338,
          0.24383466274952414,
          0.19865724067179982,
          0.09015855013680701,
          0.08645402422461078
        ],
        [
          0.2100439713235441,
          0.20453227941164254,
          0.02654983080045306,
          0.045523345201922624,
          0.21503766377902625,
          0.09059404519404064,
          0.20771886428937078
        ],
        [
          0.14277929613248005,
          0.0054495847171033415,
          0.19898117587288186,
          0.014646490279808175,
          0.06111489460394547,
          0.2804522288088865,
          0.2965763295848946
        ],
        [
          0.07775387159578191,
          0.20539388413751547,
          0.25836987205398987,
          0.0780558025229926,
          0.020742544018886852,
          0.07788017398844332,
          0.28180385168239
        ],
        [
          0.24374797467392234,
          0.2179308523664263,
          0.229966813802196,
          0.05271929132516982,
          0.19797651499956825,
          0.04048965029780818,
          0.017168902534909058
        ],
        [
          0.33347201406292676,
          0.06297889184314966,
          0.3045641566688197,
          0.006693174174118837,
          0.22981534985860977,
          0.06221593470469114,
          0.00026047868768421575
        ],
        [
          0.02252822747586631,
          0.014249242864877984,
          0.22834636050743037,
          0.205138102915688,
          0.05406396557669448,
          0.22639549033683495,
          0.2492786103226079
        ],
        [
          0.059856960989969926,
          0.04599545111491556,
          0.14505799533020874,
          0.039471216909917756,
          0.18321798993882799,
          0.3060977768372426,
          0.22030260887891753
        ],
        [
          0.21634535642266478,
          0.1293129958674026,
          0.16685685776217124,
          0.0017543033703950094,
          0.147882168042773,
          0.2206736394830141,
          0.11717467905157929
        ],
        [
          0.10138911408203814,
          0.18621392503267528,
          0.25662462785751705,
          0.11640298715393667,
          0.019623766287882163,
          0.2257352702155776,
          0.09401030937037315
        ],
        [
          0.2459294524328293,
          0.2440637578729504,
          0.12640305559944465,
          0.06992325288161334,
          0.19138561101716792,
          0.06641511322632365,
          0.055879756969670784
        ],
        [
          0.10941249117122098,
          0.1870981362237757,
          0.09506801476237803,
          0.16224298824000827,
          0.18028267602266893,
          0.1640591209536135,
          0.10183657262633453
        ],
        [
          0.25262233880199186,
          0.24841888295581327,
          0.033041814309779184,
          0.12380774800293902,
          0.13729180868965227,
          0.13476843324250395,
          0.07004897399732052
        ],
        [
          0.09052432536470972,
          0.2938090529894217,
          0.07749957849248446,
          0.15072944751053996,
          0.007460600758501833,
          0.14934315779704743,
          0.23063383708729485
        ],
        [
          0.14373553628902064,
          0.08208701362133819,
          0.18922537268523076,
          0.011393329882166155,
          0.20595895101840223,
          0.15920597328526848,
          0.20839382321857353
        ],
        [
          0.0573283005610215,
          0.23717092207382195,
          0.17661623389758976,
          0.21770545937609026,
          0.1488474660576597,
          0.06950743726953851,
          0.09282418076427842
        ],
        [
          0.15010362549615205,
          0.2502693283921642,
          0.059448174585341955,
          0.23243647693045721,
          0.009890445491640436,
          0.15561018944652316,
          0.14224175965772098
        ]
      ],
      "timestamps": [
        34,
        35,
        36,
        37,
        38,
        39,
        40,
        41,
        42,
        43,
        44,
        45,
        46,
        47,
        48,
        49,
        50,
        51,
        52,
        53,
        54,
        55,
        56,
        57,
        58,
        59,
        60
      ],
      "distance": 976
    },
    {
      "trip_id": 2,
      "transport_method": "car",
      "start_time": 61,
      "path": [
        [
          1.5253026999999995,
          42.5090063
        ],
        [
          1.524586710239266,
          42.50886648726697
        ],
        [
          1.5238955903340394,
          42.508804029098286
        ],
        [
          1.5237550973880027,
          42.50887118977264
        ],
        [
          1.5235281195312056,
          42.50853702836086
        ],
        [
          1.5230150708007113,
          42.508078598449345
        ],
        [
          1.5236275992825914,
          42.507777583129666
        ],
        [
          1.5241240398571643,
          42.50739485496323
        ],
        [
          1.523894603054607,
          42.5076705230733
        ],
        [
          1.5232132449635467,
          42.50775446529175
        ],
        [
          1.5225463353448505,
          42.50753628032816
        ],
        [
          1.5221624191704357,
          42.50695550906828
        ],
        [
          1.5216573844956296,
          42.50642907871672
        ],
        [
          1.5223261449261603,
          42.506394375481854
        ],
        [
          1.5230357791941502,
          42.50656351490211
        ],
        [
          1.5235142456869954,
          42.50667733882864
        ],
        [
          1.523641030260964,
          42.50609894702733
        ],
        [
          1.5239300604547263,
          42.505465196919516
        ],
        [
          1.5236273511704164,
          42.506128940866375
        ],
        [
          1.5232171237512073,
          42.506554401249616
        ],
        [
          1.522515274375891,
          42.50636020814572
        ],
        [
          1.5218470518822615,
          42.506161820664076
        ],
        [
          1.5218990426336056,
          42.50548414668612
        ],
        [
          1.5221660939072124,
          42.50482312963839
        ],
        [
          1.5226014769725502,
          42.504586121495514
        ],
        [
          1.5233243056349042,
          42.50468294789998
        ],
        [
          1.5240013000000001,
          42.5047582
        ]
      ],
      "emotions": [
        "red",
        "red",
        "red",
        "red",
        "purple",
        "purple",
        "purple",
        "purple",
        "purple",
        "green",
        "green",
        "green",
        "green",
        "green",
        "purple",
        "purple",
        "purple",
        "purple",
        "purple",
        "red",
        "red",
        "red",
        "red",
        "red",
        "green",
        "green",
        "green"
      ],
      "mood_vectors": [
        [
          0.009888002195872604,
          0.030430684929487833,
          0.22048268042440852,
          0.1405167059622523,
          0.2197941876913116,
          0.0912900045257443,
          0.2875977342709228
        ],
        [
          0.12520116607313436,
          0.15983878888262537,
          0.05885192046992592,
          0.13396087869229556,
          0.20616655754414376,
          0.08225253220493639,
          0.2337281561329387
        ],
        [
          0.07563674156776203,
          0.32338606377177864,
          0.08544831043349506,
          0.01922201169761454,
          0.3034696497110822,
          0.04817239084520005,
          0.14466483197306754
        ],
        [
          0.20327180188905458,
          0.09485204617881787,
          0.1744010686004008,
          0.18536108407210306,
          0.040479990722350825,
          0.14487197932824544,
          0.15676202920902738
        ],
        [
          0.12936723559652755,
          0.11548873842626824,
          0.1739065235680181,
          0.23674420952662006,
          0.07818811705957003,
          0.12243454024855616,
          0.14387063557443996
        ],
        [
          0.04981421880661511,
          0.07330284487308031,
          0.0995669023861166,
          0.275603924434043,
          0.2083305166696282,
          0.21181744739785077,
          0.08156414543266599
        ],
        [
          0.01163877140258682,
          0.024329896122647472,
          0.06682543935666878,
          0.34863049903725446,
          0.23692017317743977,
          0.046809934332088216,
          0.26484528657131445
        ],
        [
          0.27207777595147326,
          0.0011486741557235414,
          0.20395341117592838,
          0.23462128014957945,
          0.02595950537423955,
          0.24763172893357213,
          0.01460762425948374
        ],
        [
          0.16925119621632986,
          0.13722674953176148,
          0.010731619582862817,
          0.22097957049730557,
          0.2698502785755697,
          0.08383229259868046,
          0.10812829299749004
        ],
        [
          0.25848190197661064,
          0.016400400410142082,
          0.172138412393306,
          0.10518126150354645,
          0.055875030596465196,
          0.3584505780737138,
          0.03347241504621589
        ],
        [
          0.20015704724695668,
          0.04143913920257592,
          0.12483088323834539,
          0.09773033005144592,
          0.27417104159081845,
          0.1127425640842209,
          0.1489289945856367
        ],
        [
          0.12998651093259322,
          0.008745280656409397,
          0.15322340752295555,
          0.1259836811952652,
          0.27822909130769474,
          0.2038915027659653,
          0.09994052561911662
        ],
        [
          0.04697799077320393,
          0.09606984867305286,
          0.29526142085433266,
          0.1721272708620636,
          0.14506122500772317,
          0.17753039535888981,
          0.06697184847073398
        ],
        [
          0.16236687384176188,
          0.05362293541351034,
          0.14543447068050716,
          0.07120902606252884,
          0.13326846197790115,
          0.17695004311865836,
          0.2571481889051322
        ],
        [
          0.03760411540062791,
          0.2483260581647315,
          0.23156762146924162,
          0.09815238159351554,
          0.05714247092040883,
          0.09130130249793533,
          0.23590604995353925
        ],
        [
          0.09304649366136866,
          0.15222927690977994,
          0.14813067586069142,
          0.18988685761334928,
          0.14867716418664018,
          0.18741584093910835,
          0.08061369082906214
        ],
        [
          0.25029447588905634,
          0.10694209100147865,
          0.1481212666804279,
          0.192614165450575,
          0.07756074161423712,
          0.036273484833443184,
          0.18819377453078187
        ],
        [
          0.17983531043994738,
          0.3596166302849525,
          0.059195402280323384,
          0.2572682115549066,
          0.10695043419981762,
          0.03239695584038774,
          0.004737055399664789
        ],
        [
          0.2677749967463684,
          0.07782894370160326,
          0.07305345073886367,
          0.213795198139069,
          0.13271708917883754,
          0.06675239246301921,
          0.1680779290322389
        ],
        [
          0.10504536666329065,
          0.03264884721164783,
          0.15562471965824073,
          0.06180727213123082,
          0.20431622710860797,
          0.1935350120017758,
          0.24702255522520625
        ],
        [
          0.12343392548256067,
          0.3808499120827931,
          0.14992549629517965,
          0.08011654411608397,
          0.027057534321574955,
          0.20900415775727868,
          0.02961242994452894
        ],
        [
          0.17568705672616758,
          0.12090310275957292,
          0.19209224206610143,
          0.24493788163091446,
          0.09586236725982475,
          0.0041573202154927425,
          0.16636002934192612
        ],
        [
          0.037599940068117156,
          0.030482385937088217,
          0.19459786266687407,
          0.379545193815779,
          0.19061608072913147,
          0.10429001200243466,
          0.0628685247805754
        ],
        [
          0.24311866063142362,
          0.2869602544646099,
          0.1256072022174937,
          0.04142660443349119,
          0.0416627366913471,
          0.10355351848411494,
          0.15767102307751962
        ],
        [
          0.2232229904777829,
          0.11480069798119508,
          0.1057115545224337,
          0.1497559277899486,
          0.20445151428516473,
          0.11310776055590718,
          0.08894955438756773
        ],
        [
          0.09448284237096438,
          0.12089857353560664,
          0.28564494629688114,
          0.03994634242770693,
          0.1607454521204558,
          0.1304382528801224,
          0.16784359036826269
        ],
        [
          0.13656965063896104,
          0.32561344342824045,
          0.17871247350163802,
          0.06934607849499437,
          0.002377558479160422,
          0.14298993037343286,
          0.14439086508357296
        ]
      ],
      "timestamps": [
        61,
        62,
        63,
        64,
        65,
        66,
        67,
        68,
        69,
        70,
        71,
        72,
        73,
        74,
        75,
        76,
        77,
        78,
        79,
        80,
        81,
        82,
        83,
        84,
        85,
        86,
        87
      ],
      "distance": 659.5
    },
    {
      "trip_id": 3,
      "transport_method": "bicycle",
      "start_time": 88,
      "path": [
        [
          1.5240013000000001,
          42.5047582
        ],
        [
          1.5242690322609542,
          42.504802693154105
        ],
        [
          1.5245385224100982,
          42.504836355160585
        ],
        [
          1.5248080125592423,
          42.50487001716707
        ],
        [
          1.5250775027083865,
          42.50490367917356
        ],
        [
          1.5252522789995697,
          42.50477953730907
        ],
        [
          1.5254480329658453,
          42.50470263344014
        ],
        [
          1.5257149688767013,
          42.50475266633594
        ],
        [
          1.5259819047875576,
          42.50480269923173
        ],
        [
          1.5262486589607815,
          42.50485348978665
        ],
        [
          1.52650924567452,
          42.50492999230811
        ],
        [
          1.5265779000000002,
          42.5050971
        ]
      ],
      "emotions": [
        "green",
        "green",
        "green",
        "green",
        "green",
        "green",
        "green",
        "purple",
        "purple",
        "purple",
        "purple",
        "purple"
      ],
      "mood_vectors": [
        [
          0.22769103959876003,
          0.05556424384400106,
          0.08507273522143854,
          0.23520682970248383,
          0.10425441138145097,
          0.24465714195416496,
          0.04755359829770069
        ],
        [
          0.1690930667909712,
          0.01727833523195041,
          0.2690230356951342,
          0.19628132068040974,
          0.24804746158062965,
          0.08605264996364105,
          0.014224130057263735
        ],
        [
          0.037399121855200584,
          0.022710231938723822,
          0.3449568486533125,
          0.3504438544696038,
          0.10006162449499126,
          0.017128943852563083,
          0.12729937473560507
        ],
        [
          0.20706924417849273,
          0.1500541612479859,
          0.08996359158604653,
          0.19460875334126398,
          0.18622006316132297,
          0.10274806429234333,
          0.06933612219254456
        ],
        [
          0.10695973365478718,
          0.12455267916547642,
          0.26801442382106205,
          0.1617842987621074,
          0.07629071776816931,
          0.229834277420898,
          0.03256386940749954
        ],
        [
          0.21244774429268695,
          0.07656350737334844,
          0.31201765510381724,
          0.025850653591467362,
          0.2503629620457973,
          0.03959069901528664,
          0.08316677857759616
        ],
        [
          0.023516644912816326,
          0.22993825983942706,
          0.16914058089980924,
          0.03172505842854013,
          0.07057425005078109,
          0.07708545502968012,
          0.398019750838946
        ],
        [
          0.10773664990199981,
          0.04444183628332717,
          0.05919733587415306,
          0.18183857246664614,
          0.23557813102436434,
          0.21361523646501382,
          0.15759223798449576
        ],
        [
          0.18013751396760297,
          0.17176021999886962,
          0.11964962420351385,
          0.12183301680269702,
          0.16617583515339873,
          0.09765076261980023,
          0.1427930272541176
        ],
        [
          0.025953545434822423,
          0.15818033036453827,
          0.01686975066340717,
          0.30287191170980865,
          0.2928885415941746,
          0.07206241285575918,
          0.13117350737748967
        ],
        [
          0.13957287417431027,
          0.23673479418976393,
          0.03718179865714796,
          0.14672759490827306,
          0.14067401660124226,
          0.1288079168740446,
          0.1703010045952179
        ],
        [
          0.0946731004414277,
          0.09583359185254381,
          0.10035566692347894,
          0.10906425367182794,
          0.2534257558329165,
          0.16559705926183188,
          0.18105057201597335
        ]
      ],
      "timestamps": [
        88,
        89,
        90,
        91,
        92,
        93,
        94,
        95,
        96,
        97,
        98,
        99
      ],
      "distance": 506.3
    }
  ],
  "conversation": [
    "Should I check out that bookstore or that bakery?",
    "Let's take a different route.",
    "Tempted to sit and people-watch for a bit."
  ],
  "conversation_timestamps": [
    16,
    56,
    94
  ]
}
