{"agent_id": "agent-blue-65", "type": "blue", "trips": [{"trip_id": 0, "transport_method": "car", "start_time": 0, "path": [[1.5316625, 42.5093265], [1.5355021, 42.5092176], [1.539678, 42.5094977], [1.5428594, 42.5089313], [1.5454282, 42.5093836], [1.5481701, 42.5114422], [1.5506153, 42.5122532], [1.5525732, 42.5136686], [1.5537415, 42.5168562], [1.5568107, 42.519467], [1.5597815, 42.5220431], [1.5622441, 42.5240451], [1.5659857, 42.5257307], [1.5694853, 42.5279905], [1.5729805, 42.5296439], [1.5762943, 42.5316054], [1.577746, 42.5317442], [1.5819364, 42.5316912], [1.585516, 42.5335826], [1.5888331, 42.5354124], [1.5928478, 42.5361553], [1.5964278, 42.5361088], [1.6005552, 42.5367697], [1.6046886, 42.5371584], [1.6084208, 42.5360952], [1.6125271, 42.53659], [1.6166266, 42.5369093], [1.6181014, 42.5364465], [1.6174436, 42.535566], [1.6215809, 42.535531], [1.6255166, 42.5357752], [1.6244918, 42.5378763], [1.6277752, 42.5386994], [1.6259946, 42.5383169], [1.6301281, 42.538925], [1.6342467, 42.5390717], [1.6381726, 42.540139], [1.6420137, 42.5414767], [1.6458304, 42.5419031], [1.6497743, 42.5421622], [1.6535379, 42.5423072], [1.6573812, 42.5408373], [1.6585502, 42.5405893], [1.6572238, 42.540869], [1.6611742, 42.5395316], [1.6652946, 42.5392612], [1.6694858, 42.5392209], [1.6698575, 42.5393808], [1.665701, 42.5393375], [1.6631831, 42.536982], [1.6628513, 42.5392683], [1.6670416, 42.5391725], [1.6712319, 42.5390767], [1.6740567, 42.5384714], [1.6772714, 42.5390568], [1.6809711, 42.5409668], [1.6838057, 42.5431231], [1.684126, 42.547029], [1.6812196, 42.5494957], [1.6794578, 42.5520395], [1.6823379, 42.5540243], [1.6860482, 42.5552348], [1.6870603, 42.5566746], [1.6886649, 42.5575204], [1.689326, 42.5567907], [1.6921976, 42.5537437], [1.6954003, 42.5510735], [1.6980587, 42.5479049], [1.7012727, 42.5452717], [1.7053724, 42.5444936], [1.7095526, 42.5441888], [1.7137398, 42.5440168], [1.7179294, 42.5438952], [1.7221184, 42.543753], [1.7262993, 42.5439706], [1.7302853, 42.5452074], [1.7339021, 42.5473144], [1.7342298, 42.5459989], [1.7344426, 42.5443935], [1.7336146, 42.540984]], "mood_vectors": [[0.0662, 0.09, 0.0918, 0.6498, 0.0149, 0.0161, 0.0712], [0.0158, 0.0352, 0.0471, 0.7346, 0.0683, 0.0483, 0.0506], [0.0138, 0.0733, 0.0514, 0.7415, 0.0238, 0.0638, 0.0323], [0.0125, 0.0302, 0.0769, 0.7324, 0.0552, 0.0339, 0.0588], [0.0211, 0.04, 0.0396, 0.7791, 0.0554, 0.0231, 0.0417], [0.0701, 0.0461, 0.0635, 0.696, 0.0245, 0.0622, 0.0376], [0.0426, 0.0286, 0.0232, 0.6642, 0.0859, 0.0548, 0.1007], [0.074, 0.0632, 0.0794, 0.5672, 0.072, 0.0772, 0.067], [0.0458, 0.0183, 0.03, 0.7409, 0.0181, 0.0644, 0.0824], [0.0301, 0.0254, 0.042, 0.7729, 0.0277, 0.0585, 0.0434], [0.0781, 0.0329, 0.0671, 0.6765, 0.0606, 0.0167, 0.0681], [0.0593, 0.0379, 0.0552, 0.7344, 0.0308, 0.0143, 0.0681], [0.0574, 0.0489, 0.0544, 0.6727, 0.0479, 0.066, 0.0528], [0.0833, 0.0367, 0.0712, 0.6441, 0.0251, 0.0577, 0.082], [0.0746, 0.0524, 0.0772, 0.5986, 0.0609, 0.0497, 0.0866], [0.0659, 0.0676, 0.0831, 0.58, 0.0626, 0.0685, 0.0722], [0.072, 0.0727, 0.0487, 0.6695, 0.0197, 0.08, 0.0374], [0.0811, 0.0817, 0.0237, 0.6388, 0.0719, 0.0652, 0.0375], [0.066, 0.0184, 0.017, 0.7548, 0.0622, 0.0609, 0.0207], [0.0771, 0.0419, 0.0617, 0.6519, 0.0493, 0.0402, 0.0778], [0.033, 0.0301, 0.0326, 0.7509, 0.0522, 0.0286, 0.0725], [0.0505, 0.0604, 0.0298, 0.7066, 0.0531, 0.0234, 0.0762], [0.0206, 0.0393, 0.0822, 0.6936, 0.0547, 0.0308, 0.0788], [0.0317, 0.0172, 0.0182, 0.7452, 0.0713, 0.0828, 0.0335], [0.0579, 0.0768, 0.0227, 0.6726, 0.0622, 0.0686, 0.0392], [0.0778, 0.0823, 0.07, 0.6504, 0.0332, 0.0472, 0.0391], [0.0854, 0.0559, 0.0303, 0.7068, 0.031, 0.0321, 0.0585], [0.0184, 0.0576, 0.04, 0.7447, 0.0519, 0.0402, 0.0473], [0.0694, 0.0607, 0.0444, 0.6834, 0.0539, 0.0467, 0.0414], [0.0785, 0.0322, 0.0482, 0.6951, 0.0668, 0.0187, 0.0605], [0.035, 0.0536, 0.0678, 0.6991, 0.0304, 0.0611, 0.0531], [0.0721, 0.0664, 0.0367, 0.6642, 0.0603, 0.061, 0.0393], [0.0729, 0.074, 0.0421, 0.6621, 0.0668, 0.0462, 0.0359], [0.0358, 0.0696, 0.0521, 0.6973, 0.0216, 0.0472, 0.0762], [0.0229, 0.0327, 0.0749, 0.7682, 0.0167, 0.0491, 0.0355], [0.0643, 0.0798, 0.0873, 0.6196, 0.0934, 0.0287, 0.0269], [0.0616, 0.0327, 0.0823, 0.7059, 0.0657, 0.0311, 0.0207], [0.0887, 0.0676, 0.0755, 0.7004, 0.0193, 0.0185, 0.0299], [0.087, 0.0628, 0.0919, 0.6004, 0.0454, 0.0786, 0.0339], [0.052, 0.0993, 0.0817, 0.6367, 0.0718, 0.0382, 0.0202], [0.0633, 0.0284, 0.0257, 0.6941, 0.0392, 0.0849, 0.0643], [0.024, 0.075, 0.0935, 0.6972, 0.0157, 0.0151, 0.0795], [0.0815, 0.0306, 0.0203, 0.7134, 0.058, 0.0168, 0.0794], [0.0195, 0.0748, 0.0862, 0.632, 0.0359, 0.0923, 0.0592], [0.0378, 0.059, 0.0677, 0.6678, 0.0537, 0.0309, 0.0831], [0.0806, 0.0337, 0.036, 0.7105, 0.044, 0.0769, 0.0183], [0.072, 0.0585, 0.0551, 0.6978, 0.0697, 0.0212, 0.0257], [0.0172, 0.0248, 0.0587, 0.7236, 0.0321, 0.0596, 0.0841], [0.0164, 0.0209, 0.0202, 0.8113, 0.0395, 0.043, 0.0487], [0.04, 0.0335, 0.0535, 0.7155, 0.0357, 0.051, 0.0708], [0.029, 0.0588, 0.0768, 0.6803, 0.0559, 0.0662, 0.033], [0.0514, 0.0167, 0.0761, 0.6849, 0.0619, 0.0589, 0.0501], [0.0748, 0.0912, 0.0573, 0.6216, 0.0839, 0.0396, 0.0316], [0.0161, 0.0453, 0.0357, 0.7345, 0.0356, 0.0404, 0.0924], [0.072, 0.0767, 0.0127, 0.668, 0.0845, 0.048, 0.0381], [0.027, 0.064, 0.0572, 0.7198, 0.07, 0.0187, 0.0432], [0.0362, 0.0193, 0.0728, 0.7376, 0.0822, 0.0263, 0.0256], [0.0648, 0.0247, 0.0932, 0.6863, 0.0534, 0.0377, 0.0399], [0.055, 0.0129, 0.0655, 0.6993, 0.0424, 0.0671, 0.0577], [0.0135, 0.0791, 0.0511, 0.7009, 0.0645, 0.0205, 0.0703], [0.0358, 0.0663, 0.0304, 0.7061, 0.0371, 0.076, 0.0482], [0.0183, 0.0212, 0.0193, 0.7949, 0.0192, 0.0516, 0.0753], [0.0685, 0.0699, 0.0784, 0.6139, 0.0768, 0.0726, 0.0199], [0.0865, 0.0512, 0.0783, 0.7029, 0.0188, 0.0487, 0.0136], [0.046, 0.0647, 0.0351, 0.7022, 0.0796, 0.0213, 0.051], [0.0765, 0.074, 0.0437, 0.6489, 0.0263, 0.0465, 0.084], [0.0325, 0.0409, 0.0366, 0.7236, 0.0494, 0.0577, 0.0593], [0.0252, 0.0648, 0.0352, 0.7342, 0.0695, 0.0131, 0.058], [0.0617, 0.0621, 0.0684, 0.6289, 0.0326, 0.0672, 0.0791], [0.0593, 0.0167, 0.0443, 0.7346, 0.0178, 0.0592, 0.0682], [0.0808, 0.065, 0.0579, 0.6611, 0.0283, 0.0593, 0.0475], [0.0399, 0.06, 0.0192, 0.6624, 0.0638, 0.0641, 0.0906], [0.0586, 0.0706, 0.0273, 0.7409, 0.0647, 0.0178, 0.0201], [0.0606, 0.0532, 0.0812, 0.7025, 0.0131, 0.0251, 0.0643], [0.0326, 0.0577, 0.0385, 0.7198, 0.0666, 0.0719, 0.0129], [0.0613, 0.0452, 0.0219, 0.7164, 0.0375, 0.032, 0.0857], [0.0291, 0.042, 0.0159, 0.7668, 0.0481, 0.0426, 0.0555], [0.0898, 0.0372, 0.0257, 0.6881, 0.0353, 0.0719, 0.052], [0.0736, 0.05, 0.0348, 0.7246, 0.0437, 0.0507, 0.0226], [0.0226, 0.0512, 0.066, 0.7214, 0.0141, 0.0653, 0.0593]], "emotions": ["green", "green", "green", "green", "green", "green", "green", "green", "green", "green", "green", "green", "green", "green", "green", "green", "green", "green", "green", "green", "green", "green", "green", "green", "green", "green", "green", "green", "green", "green", "green", "green", "green", "green", "green", "green", "green", "green", "green", "green", "green", "green", "green", "green", "green", "green", "green", "green", "green", "green", "green", "green", "green", "green", "green", "green", "green", "green", "green", "green", "green", "green", "green", "green", "green", "green", "green", "green", "green", "green", "green", "green", "green", "green", "green", "green", "green", "green", "green", "green"], "timestamps": [0, 40, 80, 120, 160, 200, 240, 280, 320, 360, 400, 440, 480, 520, 560, 600, 640, 680, 720, 760, 800, 840, 880, 920, 960, 1000, 1040, 1080, 1120, 1160, 1200, 1240, 1280, 1320, 1360, 1400, 1440, 1480, 1520, 1560, 1600, 1640, 1680, 1720, 1760, 1800, 1840, 1880, 1920, 1960, 2000, 2040, 2080, 2120, 2160, 2200, 2240, 2280, 2320, 2360, 2400, 2440, 2480, 2520, 2560, 2600, 2640, 2680, 2720, 2760, 2800, 2840, 2880, 2920, 2960, 3000, 3040, 3080, 3120, 3160]}], "conversation": [], "conversation_timestamps": []}