{"agent_id": "agent-orange-1938", "type": "orange", "trips": [{"trip_id": 0, "transport_method": "car", "start_time": 0, "path": [[1.5376711, 42.5127534], [1.5367875, 42.513008], [1.5359304, 42.5133401], [1.5350204, 42.5134641], [1.5341124, 42.5136151], [1.5332296, 42.5138676], [1.532408, 42.5142589], [1.5317405, 42.5148758], [1.5313622, 42.515197], [1.5306347, 42.5157397], [1.5298386, 42.5161749], [1.5290569, 42.5166597], [1.5282434, 42.5167263], [1.5274163, 42.5171176], [1.5265724, 42.5174846], [1.5258008, 42.5179675], [1.5250946, 42.5185568], [1.5243598, 42.5191111], [1.5239304, 42.5198661], [1.5235675, 42.5207043], [1.5230592, 42.5214649], [1.522308, 42.5219945], [1.5218197, 42.5227561], [1.5213857, 42.523553], [1.5208311, 42.5242853], [1.5207213, 42.5251492], [1.5207885, 42.5260544], [1.5206082, 42.5269264], [1.5208763, 42.5277374], [1.5212009, 42.5285624], [1.5218005, 42.5291973], [1.521638, 42.5298436], [1.5211975, 42.5306098], [1.5209912, 42.5313], [1.5211317, 42.5321314], [1.5212154, 42.5329522], [1.5207318, 42.5336311], [1.5211699, 42.5344065], [1.5219752, 42.5348322], [1.5225512, 42.5355452], [1.5231561, 42.5362369], [1.5238907, 42.5366168], [1.5247946, 42.5367838], [1.5252045, 42.5372783], [1.5246127, 42.5375714], [1.5237646, 42.5378675], [1.5231485, 42.5384401], [1.5231429, 42.5393523], [1.5232524, 42.5402621], [1.5234763, 42.5405795], [1.523088, 42.5413076], [1.5228866, 42.5421616], [1.5230422, 42.5430553], [1.5234425, 42.5438772], [1.5238449, 42.5446987], [1.5242614, 42.5455045], [1.5246987, 42.5463135], [1.5246748, 42.5471974], [1.5249894, 42.5480059], [1.5253743, 42.5488191], [1.5258172, 42.5496207], [1.5262937, 42.5504083], [1.5266096, 42.5509507], [1.5260757, 42.5502009], [1.5256297, 42.5493974], [1.5255282, 42.5493313], [1.5258042, 42.5502094], [1.5260802, 42.5510876], [1.5265317, 42.5518313], [1.527224, 42.5524313], [1.5279571, 42.5529874], [1.5286028, 42.55364], [1.5291311, 42.5543902], [1.5298113, 42.554994], [1.5306482, 42.5553772], [1.5315099, 42.5556896], [1.5324211, 42.5556376], [1.5329637, 42.5553519], [1.5322831, 42.5547433], [1.5317729, 42.5541215]], "mood_vectors": [[0.0308, 0.0635, 0.0537, 0.0157, 0.6622, 0.0931, 0.081], [0.0569, 0.0682, 0.0191, 0.0628, 0.7325, 0.0161, 0.0444], [0.043, 0.0908, 0.0921, 0.0587, 0.6236, 0.0194, 0.0723], [0.0527, 0.0783, 0.0503, 0.0919, 0.662, 0.0183, 0.0465], [0.0184, 0.0189, 0.0361, 0.0264, 0.8337, 0.0484, 0.0182], [0.0559, 0.0566, 0.0613, 0.0347, 0.6747, 0.0717, 0.0452], [0.0599, 0.0353, 0.0408, 0.0545, 0.7099, 0.046, 0.0536], [0.0271, 0.072, 0.0756, 0.0234, 0.7252, 0.0209, 0.0558], [0.028, 0.0465, 0.0815, 0.0843, 0.655, 0.062, 0.0426], [0.042, 0.0582, 0.0493, 0.0795, 0.6366, 0.0568, 0.0775], [0.064, 0.0387, 0.05, 0.0165, 0.7457, 0.0313, 0.0537], [0.045, 0.0724, 0.0801, 0.0571, 0.6718, 0.0222, 0.0515], [0.0728, 0.0182, 0.0244, 0.0799, 0.6617, 0.0692, 0.0737], [0.0376, 0.0745, 0.0746, 0.0425, 0.6671, 0.0573, 0.0465], [0.0841, 0.0666, 0.0558, 0.0157, 0.644, 0.0838, 0.0501], [0.0741, 0.0264, 0.0669, 0.0211, 0.6842, 0.0717, 0.0556], [0.0703, 0.0694, 0.0429, 0.0568, 0.6775, 0.015, 0.068], [0.0591, 0.0499, 0.0609, 0.0401, 0.6647, 0.0536, 0.0718], [0.0318, 0.1016, 0.0805, 0.0262, 0.6799, 0.0394, 0.0406], [0.0662, 0.0515, 0.0277, 0.0879, 0.6811, 0.0279, 0.0577], [0.0215, 0.0547, 0.026, 0.0226, 0.8152, 0.0467, 0.0134], [0.0181, 0.0374, 0.0671, 0.0387, 0.7193, 0.0513, 0.068], [0.0643, 0.0701, 0.0646, 0.0637, 0.6913, 0.0129, 0.0332], [0.0681, 0.0562, 0.0253, 0.0151, 0.7019, 0.0822, 0.0512], [0.0538, 0.081, 0.0247, 0.046, 0.6594, 0.0628, 0.0722], [0.0572, 0.0676, 0.0296, 0.0325, 0.7767, 0.0167, 0.0196], [0.036, 0.0619, 0.0342, 0.0541, 0.689, 0.0324, 0.0924], [0.068, 0.0729, 0.0161, 0.0327, 0.7648, 0.0129, 0.0325], [0.0611, 0.0485, 0.0507, 0.0303, 0.7081, 0.0297, 0.0715], [0.0287, 0.1008, 0.0173, 0.0359, 0.7005, 0.0247, 0.0921], [0.0448, 0.0251, 0.0233, 0.0436, 0.7843, 0.0294, 0.0494], [0.0292, 0.0291, 0.0611, 0.027, 0.7069, 0.0736, 0.0731], [0.0829, 0.0808, 0.0646, 0.0272, 0.6643, 0.0458, 0.0345], [0.0285, 0.028, 0.053, 0.0884, 0.7031, 0.0668, 0.0322], [0.0542, 0.0208, 0.0485, 0.0705, 0.7354, 0.0447, 0.0258], [0.0662, 0.0651, 0.079, 0.031, 0.6791, 0.0366, 0.0431], [0.0491, 0.0158, 0.0254, 0.0268, 0.7346, 0.0528, 0.0954], [0.0491, 0.0413, 0.0249, 0.0767, 0.7133, 0.066, 0.0286], [0.0437, 0.0883, 0.0249, 0.0367, 0.6501, 0.0592, 0.097], [0.0674, 0.0134, 0.0504, 0.0705, 0.6717, 0.0449, 0.0818], [0.0153, 0.077, 0.024, 0.0273, 0.7222, 0.0762, 0.0579], [0.0278, 0.0792, 0.0182, 0.0203, 0.6962, 0.0727, 0.0857], [0.0147, 0.0399, 0.0295, 0.0531, 0.7164, 0.0657, 0.0806], [0.0621, 0.0181, 0.0329, 0.0663, 0.7333, 0.0221, 0.0652], [0.0755, 0.0311, 0.0369, 0.0284, 0.7588, 0.0251, 0.0442], [0.0556, 0.0587, 0.079, 0.0748, 0.6548, 0.0323, 0.0448], [0.0835, 0.0394, 0.0329, 0.0639, 0.6554, 0.0751, 0.0497], [0.074, 0.0247, 0.0221, 0.0214, 0.7665, 0.0648, 0.0265], [0.0395, 0.0131, 0.0274, 0.0213, 0.7888, 0.0388, 0.0711], [0.0685, 0.0274, 0.0813, 0.0781, 0.6211, 0.0819, 0.0416], [0.0271, 0.035, 0.028, 0.0485, 0.7207, 0.072, 0.0686], [0.0761, 0.0226, 0.0664, 0.0703, 0.6921, 0.0207, 0.0518], [0.0185, 0.0213, 0.0571, 0.0602, 0.7455, 0.0366, 0.0609], [0.0702, 0.0682, 0.0515, 0.0624, 0.6528, 0.0671, 0.0278], [0.0904, 0.0453, 0.0334, 0.0934, 0.6348, 0.053, 0.0496], [0.0523, 0.016, 0.0594, 0.036, 0.6755, 0.0794, 0.0814], [0.0699, 0.057, 0.0621, 0.0233, 0.6906, 0.0687, 0.0284], [0.0154, 0.0231, 0.0677, 0.0357, 0.7112, 0.0546, 0.0924], [0.0522, 0.03, 0.0461, 0.0302, 0.7329, 0.0323, 0.0762], [0.0198, 0.0337, 0.0774, 0.0315, 0.7653, 0.016, 0.0563], [0.0326, 0.0415, 0.0435, 0.0634, 0.6901, 0.0701, 0.0588], [0.039, 0.0687, 0.015, 0.0777, 0.6617, 0.0782, 0.0597], [0.0594, 0.0571, 0.0672, 0.0458, 0.6859, 0.0587, 0.0258], [0.0366, 0.0205, 0.0463, 0.0619, 0.7208, 0.0781, 0.0357], [0.0319, 0.0725, 0.0321, 0.0287, 0.7224, 0.0644, 0.048], [0.0809, 0.0158, 0.0372, 0.0595, 0.7044, 0.0639, 0.0382], [0.0911, 0.0279, 0.0519, 0.0392, 0.7081, 0.0269, 0.055], [0.0336, 0.0627, 0.0803, 0.0118, 0.7082, 0.0513, 0.052], [0.063, 0.0463, 0.0843, 0.04, 0.691, 0.0612, 0.0142], [0.0727, 0.0725, 0.0775, 0.041, 0.5863, 0.0744, 0.0756], [0.0969, 0.0281, 0.015, 0.0188, 0.7309, 0.0741, 0.0362], [0.0656, 0.0239, 0.0342, 0.0421, 0.7327, 0.0407, 0.0607], [0.05, 0.064, 0.0589, 0.0775, 0.6598, 0.0696, 0.0202], [0.0208, 0.0632, 0.0736, 0.0596, 0.6812, 0.0348, 0.0668], [0.0624, 0.0604, 0.0616, 0.0581, 0.6847, 0.0422, 0.0307], [0.0828, 0.0705, 0.0495, 0.0922, 0.6241, 0.0426, 0.0383], [0.0567, 0.0211, 0.0798, 0.0315, 0.7391, 0.0325, 0.0392], [0.0323, 0.0341, 0.0571, 0.0734, 0.6905, 0.0673, 0.0453], [0.0504, 0.053, 0.0417, 0.0582, 0.6784, 0.0265, 0.0918], [0.0568, 0.0779, 0.0609, 0.0569, 0.587, 0.0801, 0.0804]], "emotions": ["red", "red", "red", "red", "red", "red", "red", "red", "red", "red", "red", "red", "red", "red", "red", "red", "red", "red", "red", "red", "red", "red", "red", "red", "red", "red", "red", "red", "red", "red", "red", "red", "red", "red", "red", "red", "red", "red", "red", "red", "red", "red", "red", "red", "red", "red", "red", "red", "red", "red", "red", "red", "red", "red", "red", "red", "red", "red", "red", "red", "red", "red", "red", "red", "red", "red", "red", "red", "red", "red", "red", "red", "red", "red", "red", "red", "red", "red", "red", "red"], "timestamps": [0, 40, 80, 120, 160, 200, 240, 280, 320, 360, 400, 440, 480, 520, 560, 600, 640, 680, 720, 760, 800, 840, 880, 920, 960, 1000, 1040, 1080, 1120, 1160, 1200, 1240, 1280, 1320, 1360, 1400, 1440, 1480, 1520, 1560, 1600, 1640, 1680, 1720, 1760, 1800, 1840, 1880, 1920, 1960, 2000, 2040, 2080, 2120, 2160, 2200, 2240, 2280, 2320, 2360, 2400, 2440, 2480, 2520, 2560, 2600, 2640, 2680, 2720, 2760, 2800, 2840, 2880, 2920, 2960, 3000, 3040, 3080, 3120, 3160]}], "conversation": [], "conversation_timestamps": []}