{"agent_id": "agent-blue-335", "type": "blue", "trips": [{"trip_id": 0, "transport_method": "car", "start_time": 0, "path": [[1.5322068, 42.514404], [1.5324249, 42.514246], [1.5326508, 42.5140931], [1.5328918, 42.5139651], [1.5331507, 42.5138817], [1.5334172, 42.5138244], [1.5336757, 42.5137366], [1.5339342, 42.5136487], [1.5342026, 42.5135998], [1.5344717, 42.513554], [1.5347409, 42.5135082], [1.5350114, 42.5134717], [1.5352822, 42.5134363], [1.5355529, 42.5134008], [1.5358236, 42.5133654], [1.5360822, 42.513282], [1.5363318, 42.5131714], [1.5365845, 42.5130685], [1.5368467, 42.5129926], [1.5371052, 42.5129068], [1.5373692, 42.5128372], [1.5376323, 42.5127642], [1.5378995, 42.5127088], [1.5381675, 42.5126566], [1.5384355, 42.5126043], [1.5387035, 42.512552], [1.5384882, 42.5126285], [1.5382188, 42.5126729], [1.5379491, 42.5127153], [1.5376787, 42.5127526], [1.5379251, 42.5126765], [1.5381864, 42.5125973], [1.5384477, 42.5125181], [1.538709, 42.512439], [1.5389703, 42.5123598], [1.5392244, 42.5122637], [1.5394914, 42.5122131], [1.539754, 42.5121385], [1.5400167, 42.512064], [1.5402793, 42.5119894], [1.540065, 42.5120977], [1.5398129, 42.5122021], [1.5395416, 42.5122259], [1.5394348, 42.5122248], [1.5396935, 42.5121375], [1.5399522, 42.5120501], [1.5402108, 42.5119628], [1.5404695, 42.5118754], [1.5407282, 42.511788], [1.5409868, 42.5117007], [1.5412528, 42.5116453], [1.5415236, 42.5116237], [1.5417476, 42.5114711], [1.5417985, 42.5112111], [1.5418154, 42.5109403], [1.5419275, 42.510695], [1.5419905, 42.5104294], [1.5421142, 42.5101876], [1.5422521, 42.509952], [1.5423951, 42.5097195], [1.5422962, 42.5099289], [1.5422833, 42.5099368], [1.5424588, 42.5097276], [1.5426342, 42.5095184], [1.5428096, 42.5093092], [1.5430348, 42.5092928], [1.5433071, 42.5093131], [1.5435794, 42.5093329], [1.5438515, 42.5093548], [1.54412, 42.5093103], [1.5443914, 42.5093037], [1.5446642, 42.5093151], [1.5449323, 42.5092978], [1.5451946, 42.5092286], [1.5454622, 42.5091766], [1.5454719, 42.5089237], [1.5457367, 42.5088918], [1.5459678, 42.5087563], [1.5461296, 42.5085777], [1.5463256, 42.508455]], "mood_vectors": [[0.0331, 0.0224, 0.0404, 0.7287, 0.075, 0.0846, 0.0157], [0.0151, 0.0222, 0.0803, 0.7091, 0.0253, 0.0841, 0.0639], [0.0405, 0.0445, 0.0397, 0.7838, 0.0211, 0.0234, 0.0471], [0.0584, 0.0652, 0.0787, 0.5963, 0.078, 0.0485, 0.075], [0.0236, 0.0523, 0.0239, 0.72, 0.0616, 0.0749, 0.0437], [0.0741, 0.0508, 0.0286, 0.6984, 0.0632, 0.0715, 0.0135], [0.0299, 0.0241, 0.1017, 0.6907, 0.03, 0.0533, 0.0702], [0.0753, 0.0386, 0.0458, 0.6268, 0.0519, 0.073, 0.0886], [0.0636, 0.0417, 0.0481, 0.6657, 0.0639, 0.0618, 0.0551], [0.0627, 0.0378, 0.0228, 0.7265, 0.079, 0.0506, 0.0207], [0.0196, 0.0219, 0.0626, 0.6983, 0.0853, 0.0803, 0.032], [0.0387, 0.035, 0.0136, 0.7439, 0.0641, 0.0611, 0.0436], [0.053, 0.0143, 0.0366, 0.6885, 0.0712, 0.0651, 0.0711], [0.0494, 0.0168, 0.0177, 0.7176, 0.0807, 0.0808, 0.0369], [0.0657, 0.0584, 0.0745, 0.6357, 0.0545, 0.0728, 0.0384], [0.078, 0.0459, 0.0319, 0.7626, 0.0152, 0.0386, 0.0278], [0.0668, 0.032, 0.0603, 0.6768, 0.0539, 0.0611, 0.0492], [0.0223, 0.0473, 0.0831, 0.6853, 0.0597, 0.0654, 0.0369], [0.0311, 0.0761, 0.0655, 0.6514, 0.0361, 0.0793, 0.0604], [0.0241, 0.0511, 0.0923, 0.6997, 0.0589, 0.0508, 0.0233], [0.0828, 0.0289, 0.0209, 0.7469, 0.0222, 0.0384, 0.0598], [0.0719, 0.0543, 0.0762, 0.6817, 0.0381, 0.0479, 0.0299], [0.0227, 0.032, 0.0167, 0.824, 0.0533, 0.018, 0.0333], [0.0439, 0.0561, 0.0921, 0.6811, 0.0362, 0.0324, 0.0581], [0.0833, 0.0155, 0.0246, 0.6708, 0.0999, 0.0774, 0.0286], [0.0387, 0.0372, 0.0668, 0.713, 0.0158, 0.0672, 0.0614], [0.0686, 0.0584, 0.0468, 0.6706, 0.0455, 0.0185, 0.0916], [0.0828, 0.0329, 0.03, 0.6435, 0.0647, 0.0878, 0.0584], [0.0303, 0.0763, 0.0729, 0.7097, 0.0675, 0.0203, 0.0232], [0.0378, 0.0387, 0.0182, 0.7477, 0.056, 0.0214, 0.0801], [0.0146, 0.0491, 0.0563, 0.7378, 0.0346, 0.0562, 0.0515], [0.0789, 0.0695, 0.0231, 0.5953, 0.0753, 0.0777, 0.0803], [0.0267, 0.08, 0.0458, 0.6777, 0.0383, 0.073, 0.0586], [0.0185, 0.0214, 0.0207, 0.7735, 0.0312, 0.0745, 0.0601], [0.0596, 0.0212, 0.0534, 0.6853, 0.0595, 0.0608, 0.0602], [0.0679, 0.0848, 0.0344, 0.6213, 0.0267, 0.0646, 0.1002], [0.0772, 0.042, 0.0819, 0.6251, 0.0561, 0.0519, 0.0658], [0.0398, 0.0175, 0.0807, 0.7405, 0.0619, 0.0383, 0.0213], [0.0307, 0.0623, 0.025, 0.7663, 0.0246, 0.0653, 0.026], [0.0381, 0.0824, 0.0157, 0.7813, 0.0255, 0.0378, 0.0192], [0.0677, 0.0183, 0.0308, 0.7267, 0.0757, 0.0183, 0.0627], [0.0525, 0.0513, 0.0366, 0.7216, 0.0134, 0.0717, 0.0529], [0.0383, 0.0665, 0.0284, 0.7144, 0.069, 0.0702, 0.0132], [0.0195, 0.0568, 0.0168, 0.756, 0.0711, 0.0609, 0.0188], [0.0347, 0.0519, 0.0209, 0.6577, 0.0762, 0.0794, 0.0794], [0.0831, 0.0525, 0.0694, 0.6522, 0.0568, 0.0393, 0.0467], [0.0122, 0.0693, 0.0382, 0.7376, 0.0634, 0.0666, 0.0127], [0.0526, 0.045, 0.0229, 0.723, 0.0384, 0.066, 0.0522], [0.0656, 0.0206, 0.0588, 0.7397, 0.0461, 0.0516, 0.0176], [0.061, 0.0633, 0.0249, 0.7328, 0.0291, 0.0676, 0.0214], [0.0373, 0.0178, 0.0414, 0.762, 0.066, 0.015, 0.0606], [0.0724, 0.0207, 0.0717, 0.7227, 0.0592, 0.0253, 0.028], [0.0628, 0.049, 0.0344, 0.7402, 0.0227, 0.0224, 0.0684], [0.0397, 0.0331, 0.078, 0.6288, 0.0618, 0.0774, 0.0811], [0.0401, 0.0566, 0.0613, 0.6648, 0.0547, 0.0525, 0.0701], [0.0348, 0.0472, 0.0391, 0.7271, 0.0231, 0.0564, 0.0723], [0.0192, 0.0722, 0.055, 0.7252, 0.0289, 0.0556, 0.0438], [0.0161, 0.0666, 0.02, 0.7554, 0.017, 0.0575, 0.0673], [0.0394, 0.0171, 0.0188, 0.7891, 0.0643, 0.054, 0.0172], [0.0285, 0.054, 0.0842, 0.6907, 0.0268, 0.0682, 0.0476], [0.0463, 0.0179, 0.024, 0.7354, 0.0661, 0.0787, 0.0316], [0.065, 0.0601, 0.0505, 0.6841, 0.0116, 0.0549, 0.0738], [0.0679, 0.0897, 0.0501, 0.638, 0.0374, 0.0397, 0.0772], [0.0588, 0.0535, 0.0159, 0.6975, 0.07, 0.061, 0.0432], [0.0465, 0.0121, 0.0717, 0.6876, 0.0488, 0.0751, 0.0583], [0.0738, 0.0745, 0.0756, 0.677, 0.0297, 0.0471, 0.0223], [0.0695, 0.057, 0.0717, 0.6739, 0.0293, 0.0345, 0.0641], [0.0226, 0.0806, 0.0156, 0.6817, 0.0801, 0.0914, 0.0281], [0.0897, 0.023, 0.0705, 0.7168, 0.0409, 0.0179, 0.0411], [0.0669, 0.0342, 0.0869, 0.6849, 0.0388, 0.0154, 0.0729], [0.0647, 0.0694, 0.0192, 0.6689, 0.0645, 0.0798, 0.0334], [0.0561, 0.0543, 0.0809, 0.6367, 0.047, 0.0708, 0.0542], [0.0367, 0.0333, 0.0154, 0.7085, 0.0683, 0.0774, 0.0603], [0.0355, 0.0615, 0.0536, 0.7024, 0.0518, 0.0331, 0.0621], [0.0472, 0.0366, 0.0591, 0.7325, 0.0692, 0.0378, 0.0177], [0.0456, 0.0421, 0.0157, 0.7239, 0.0727, 0.0267, 0.0732], [0.0544, 0.0583, 0.0329, 0.7446, 0.0413, 0.0171, 0.0515], [0.0532, 0.0752, 0.0795, 0.6387, 0.0781, 0.0328, 0.0426], [0.056, 0.0813, 0.0421, 0.7568, 0.0158, 0.0231, 0.0249], [0.0289, 0.0681, 0.0656, 0.6357, 0.0679, 0.0636, 0.0701]], "emotions": ["green", "green", "green", "green", "green", "green", "green", "green", "green", "green", "green", "green", "green", "green", "green", "green", "green", "green", "green", "green", "green", "green", "green", "green", "green", "green", "green", "green", "green", "green", "green", "green", "green", "green", "green", "green", "green", "green", "green", "green", "green", "green", "green", "green", "green", "green", "green", "green", "green", "green", "green", "green", "green", "green", "green", "green", "green", "green", "green", "green", "green", "green", "green", "green", "green", "green", "green", "green", "green", "green", "green", "green", "green", "green", "green", "green", "green", "green", "green", "green"], "timestamps": [0, 40, 80, 120, 160, 200, 240, 280, 320, 360, 400, 440, 480, 520, 560, 600, 640, 680, 720, 760, 800, 840, 880, 920, 960, 1000, 1040, 1080, 1120, 1160, 1200, 1240, 1280, 1320, 1360, 1400, 1440, 1480, 1520, 1560, 1600, 1640, 1680, 1720, 1760, 1800, 1840, 1880, 1920, 1960, 2000, 2040, 2080, 2120, 2160, 2200, 2240, 2280, 2320, 2360, 2400, 2440, 2480, 2520, 2560, 2600, 2640, 2680, 2720, 2760, 2800, 2840, 2880, 2920, 2960, 3000, 3040, 3080, 3120, 3160]}], "conversation": [], "conversation_timestamps": []}