{"agent_id": "agent-orange-943", "type": "orange", "trips": [{"trip_id": 0, "transport_method": "bicycle", "start_time": 0, "path": [[1.4910694, 42.463114], [1.4908898, 42.4642781], [1.4913577, 42.4653723], [1.4919394, 42.4662859], [1.4915701, 42.4672718], [1.4917309, 42.4684828], [1.4920561, 42.4696665], [1.4917677, 42.4708539], [1.4911858, 42.4719414], [1.4906252, 42.4730387], [1.4906148, 42.4742393], [1.4908364, 42.4754329], [1.4906133, 42.4765946], [1.4904202, 42.4778127], [1.4902271, 42.4790308], [1.490034, 42.480249], [1.4898409, 42.4814671], [1.489505, 42.4812432], [1.4893708, 42.4800174], [1.4897071, 42.4788543], [1.4903383, 42.4777954], [1.4905848, 42.4766558], [1.4905463, 42.4775458], [1.4904489, 42.4787753], [1.4903515, 42.4800048], [1.4902541, 42.4812343], [1.4901567, 42.4824638], [1.4906814, 42.4835525], [1.4913483, 42.4845107], [1.4925065, 42.4848173], [1.4935311, 42.4854681], [1.4944546, 42.4862793], [1.4946865, 42.4874452], [1.4950235, 42.4885705], [1.495826, 42.4895071], [1.4962872, 42.4905961], [1.4969444, 42.4915245], [1.4979904, 42.4921769], [1.4990836, 42.4927478], [1.5000867, 42.4934606], [1.5009339, 42.4942797], [1.5020526, 42.4947989], [1.5031678, 42.4953245], [1.5043175, 42.4957585], [1.5054361, 42.4962686], [1.5066042, 42.4966642], [1.5077627, 42.4970873], [1.5088811, 42.4976056], [1.5099851, 42.4981553], [1.5108417, 42.4990244], [1.5116075, 42.4999912], [1.5123509, 42.5009753], [1.5130781, 42.5019711], [1.5129059, 42.5017174], [1.5134409, 42.5024698], [1.5143022, 42.5032897], [1.5151913, 42.5041445], [1.5161052, 42.5049711], [1.5171591, 42.5053763], [1.5183527, 42.5054228], [1.5195698, 42.5056094], [1.5207475, 42.5059075], [1.5219051, 42.5062988], [1.5230935, 42.5066226], [1.5242928, 42.5068954], [1.5254765, 42.5070934], [1.5266868, 42.5072343], [1.5254614, 42.5070997], [1.5260552, 42.5071551], [1.527282, 42.507279], [1.5280155, 42.5081681], [1.5289007, 42.5088925], [1.5293896, 42.5090155], [1.5305677, 42.509377], [1.531725, 42.5097214], [1.532909, 42.5099832], [1.53406, 42.5103753], [1.5350949, 42.5110171], [1.5361596, 42.511607], [1.5371355, 42.511911]], "mood_vectors": [[0.0683, 0.0328, 0.0133, 0.0425, 0.693, 0.074, 0.0762], [0.0827, 0.0607, 0.0308, 0.0306, 0.6956, 0.058, 0.0416], [0.0307, 0.0622, 0.0215, 0.0382, 0.7575, 0.0589, 0.031], [0.0392, 0.0464, 0.0248, 0.0526, 0.6786, 0.0847, 0.0737], [0.0835, 0.0808, 0.0274, 0.1018, 0.6474, 0.038, 0.0211], [0.0864, 0.0929, 0.0807, 0.0153, 0.6583, 0.0392, 0.0271], [0.0693, 0.0476, 0.0651, 0.0962, 0.6372, 0.0304, 0.0542], [0.0232, 0.0441, 0.0749, 0.0381, 0.674, 0.0568, 0.0889], [0.0344, 0.0162, 0.0367, 0.0735, 0.7669, 0.013, 0.0593], [0.0765, 0.0224, 0.0478, 0.0123, 0.7138, 0.0722, 0.0551], [0.0441, 0.0223, 0.0651, 0.037, 0.7133, 0.0667, 0.0515], [0.0513, 0.0232, 0.0627, 0.0713, 0.7302, 0.035, 0.0262], [0.0399, 0.0644, 0.0756, 0.0268, 0.6836, 0.0451, 0.0645], [0.0735, 0.0534, 0.0207, 0.0501, 0.6986, 0.0368, 0.067], [0.074, 0.0655, 0.0178, 0.0472, 0.7282, 0.0339, 0.0334], [0.0223, 0.0596, 0.086, 0.0838, 0.6835, 0.0252, 0.0396], [0.0817, 0.0767, 0.063, 0.0249, 0.6381, 0.0441, 0.0715], [0.0793, 0.0572, 0.016, 0.0214, 0.6991, 0.0775, 0.0495], [0.0378, 0.0345, 0.0435, 0.0399, 0.7646, 0.049, 0.0307], [0.0212, 0.0768, 0.032, 0.0672, 0.6915, 0.073, 0.0383], [0.0325, 0.0947, 0.0508, 0.0821, 0.6138, 0.0565, 0.0696], [0.0192, 0.0375, 0.0313, 0.0789, 0.7574, 0.0214, 0.0543], [0.0766, 0.0575, 0.0501, 0.0632, 0.6054, 0.0778, 0.0693], [0.0839, 0.0626, 0.0992, 0.0516, 0.632, 0.0354, 0.0353], [0.0768, 0.0398, 0.0742, 0.0702, 0.6266, 0.0597, 0.0526], [0.0272, 0.0629, 0.0553, 0.0139, 0.6945, 0.0798, 0.0663], [0.0378, 0.0298, 0.0624, 0.0319, 0.7147, 0.0637, 0.0598], [0.0202, 0.053, 0.0496, 0.0491, 0.7444, 0.0322, 0.0515], [0.0858, 0.0535, 0.0632, 0.0686, 0.592, 0.0786, 0.0583], [0.077, 0.0306, 0.073, 0.0208, 0.654, 0.0918, 0.0527], [0.0123, 0.0345, 0.0771, 0.0848, 0.6517, 0.0807, 0.059], [0.0672, 0.0248, 0.059, 0.0592, 0.6738, 0.0477, 0.0682], [0.0754, 0.0495, 0.0328, 0.0381, 0.7219, 0.0374, 0.0448], [0.0121, 0.0411, 0.0571, 0.0572, 0.7558, 0.0523, 0.0244], [0.0566, 0.0405, 0.0417, 0.0894, 0.647, 0.0494, 0.0754], [0.0827, 0.0387, 0.023, 0.0786, 0.6652, 0.0431, 0.0687], [0.0711, 0.0744, 0.0351, 0.0696, 0.6516, 0.0291, 0.0692], [0.0617, 0.0682, 0.0795, 0.0437, 0.6719, 0.0171, 0.0579], [0.0766, 0.0416, 0.0367, 0.0741, 0.6606, 0.0287, 0.0817], [0.0543, 0.058, 0.0925, 0.0572, 0.6643, 0.0494, 0.0243], [0.0706, 0.0482, 0.0383, 0.0793, 0.6689, 0.029, 0.0658], [0.0401, 0.0462, 0.0516, 0.0198, 0.7518, 0.0301, 0.0603], [0.0424, 0.0502, 0.0392, 0.0394, 0.7315, 0.0315, 0.0658], [0.0677, 0.0356, 0.0396, 0.0249, 0.6662, 0.0882, 0.0778], [0.0516, 0.0655, 0.0649, 0.0508, 0.7076, 0.0245, 0.035], [0.0588, 0.0608, 0.0384, 0.027, 0.7054, 0.0914, 0.0183], [0.0626, 0.0604, 0.0364, 0.0509, 0.6929, 0.0217, 0.0752], [0.0636, 0.0404, 0.0284, 0.0699, 0.714, 0.058, 0.0257], [0.0923, 0.0406, 0.0863, 0.0452, 0.6331, 0.0461, 0.0563], [0.0635, 0.0148, 0.0683, 0.0193, 0.6918, 0.0421, 0.1001], [0.0447, 0.0623, 0.067, 0.057, 0.7161, 0.0281, 0.0248], [0.0709, 0.0308, 0.0398, 0.0249, 0.7173, 0.0668, 0.0495], [0.0523, 0.0524, 0.0209, 0.0269, 0.732, 0.067, 0.0485], [0.0329, 0.0427, 0.0574, 0.0775, 0.6441, 0.0709, 0.0745], [0.0611, 0.0295, 0.0809, 0.0449, 0.6545, 0.0803, 0.0488], [0.0375, 0.0268, 0.0545, 0.0463, 0.7205, 0.039, 0.0754], [0.0702, 0.0487, 0.0584, 0.0717, 0.6821, 0.0465, 0.0225], [0.0772, 0.0173, 0.0165, 0.042, 0.7287, 0.0393, 0.0789], [0.0735, 0.0591, 0.0609, 0.0683, 0.6331, 0.07, 0.035], [0.0662, 0.0783, 0.0778, 0.0534, 0.6359, 0.0497, 0.0387], [0.0755, 0.036, 0.0276, 0.0339, 0.7608, 0.0377, 0.0286], [0.0712, 0.0318, 0.0644, 0.0909, 0.6378, 0.0771, 0.0267], [0.039, 0.0361, 0.0559, 0.0433, 0.7394, 0.0403, 0.046], [0.0265, 0.0378, 0.0792, 0.0603, 0.6946, 0.0248, 0.0768], [0.0644, 0.0596, 0.0436, 0.0335, 0.7459, 0.0125, 0.0404], [0.0245, 0.0164, 0.0428, 0.083, 0.7041, 0.0597, 0.0695], [0.0704, 0.0179, 0.0466, 0.0728, 0.6653, 0.0717, 0.0553], [0.0727, 0.0712, 0.0428, 0.0679, 0.6313, 0.0763, 0.0379], [0.045, 0.0472, 0.0603, 0.0174, 0.7158, 0.0753, 0.039], [0.0742, 0.0431, 0.0305, 0.0446, 0.6796, 0.0884, 0.0397], [0.0557, 0.0176, 0.0704, 0.0951, 0.6679, 0.0282, 0.0651], [0.055, 0.0362, 0.089, 0.0273, 0.6694, 0.0943, 0.0289], [0.0467, 0.0524, 0.0488, 0.0661, 0.6984, 0.0533, 0.0343], [0.0741, 0.0466, 0.0627, 0.0742, 0.6228, 0.0526, 0.067], [0.0767, 0.0729, 0.0871, 0.0476, 0.648, 0.0176, 0.0501], [0.0269, 0.0158, 0.0299, 0.0236, 0.7668, 0.0773, 0.0598], [0.0583, 0.0679, 0.0403, 0.0412, 0.7111, 0.0692, 0.012], [0.0164, 0.0636, 0.0133, 0.0206, 0.8249, 0.0366, 0.0246], [0.0296, 0.0636, 0.0543, 0.0353, 0.7302, 0.0343, 0.0527], [0.0148, 0.0375, 0.0182, 0.0589, 0.7729, 0.0601, 0.0377]], "emotions": ["red", "red", "red", "red", "red", "red", "red", "red", "red", "red", "red", "red", "red", "red", "red", "red", "red", "red", "red", "red", "red", "red", "red", "red", "red", "red", "red", "red", "red", "red", "red", "red", "red", "red", "red", "red", "red", "red", "red", "red", "red", "red", "red", "red", "red", "red", "red", "red", "red", "red", "red", "red", "red", "red", "red", "red", "red", "red", "red", "red", "red", "red", "red", "red", "red", "red", "red", "red", "red", "red", "red", "red", "red", "red", "red", "red", "red", "red", "red", "red"], "timestamps": [0, 40, 80, 120, 160, 200, 240, 280, 320, 360, 400, 440, 480, 520, 560, 600, 640, 680, 720, 760, 800, 840, 880, 920, 960, 1000, 1040, 1080, 1120, 1160, 1200, 1240, 1280, 1320, 1360, 1400, 1440, 1480, 1520, 1560, 1600, 1640, 1680, 1720, 1760, 1800, 1840, 1880, 1920, 1960, 2000, 2040, 2080, 2120, 2160, 2200, 2240, 2280, 2320, 2360, 2400, 2440, 2480, 2520, 2560, 2600, 2640, 2680, 2720, 2760, 2800, 2840, 2880, 2920, 2960, 3000, 3040, 3080, 3120, 3160]}], "conversation": [], "conversation_timestamps": []}