{"agent_id": "agent-purple-1789", "type": "purple", "trips": [{"trip_id": 0, "transport_method": "bicycle", "start_time": 0, "path": [[1.5334816, 42.5077426], [1.5326786, 42.507334], [1.5318055, 42.5072248], [1.5325757, 42.5073188], [1.5317433, 42.5071704], [1.5308641, 42.5069698], [1.5300827, 42.5065168], [1.5293419, 42.5059933], [1.5285045, 42.5056718], [1.5276298, 42.5054314], [1.526745, 42.5052981], [1.5258436, 42.5052763], [1.5249534, 42.5051016], [1.5240614, 42.504937], [1.5231683, 42.5047957], [1.522277, 42.5047805], [1.5214441, 42.5045363], [1.5206196, 42.5041577], [1.5199076, 42.5038242], [1.5207471, 42.5041679], [1.5215938, 42.5044916], [1.5218317, 42.5047378], [1.5209811, 42.5044222], [1.5201306, 42.5041066], [1.5192802, 42.5037908], [1.51847, 42.503613], [1.5175703, 42.5037292], [1.5166685, 42.5036907], [1.5158598, 42.503301], [1.5151085, 42.502794], [1.5142965, 42.5024326], [1.513541, 42.501991], [1.5128404, 42.5016269], [1.5122955, 42.5009016], [1.5117506, 42.5001763], [1.5111895, 42.4994635], [1.5106262, 42.4987524], [1.5099665, 42.4981458], [1.5091562, 42.4977379], [1.5083386, 42.4973447], [1.5075049, 42.496989], [1.5066517, 42.496681], [1.5057945, 42.4963842], [1.5049373, 42.4960891], [1.5041378, 42.4956609], [1.5032813, 42.495368], [1.5024551, 42.494995], [1.5016363, 42.4946046], [1.5008135, 42.4942227], [1.5002372, 42.4935814], [1.4995272, 42.4930167], [1.4987383, 42.4925706], [1.4979367, 42.4921461], [1.4971634, 42.4916723], [1.4964265, 42.4911464], [1.4962797, 42.4902794], [1.4958321, 42.4895142], [1.4952404, 42.4888265], [1.4947162, 42.4880977], [1.4947297, 42.4872046], [1.494498, 42.4863473], [1.493859, 42.4857088], [1.4931129, 42.485198], [1.4923337, 42.484819], [1.4914821, 42.484582], [1.4909178, 42.4839677], [1.4904973, 42.4831733], [1.4900359, 42.4823929], [1.4895997, 42.4815994], [1.4894564, 42.4807074], [1.4893658, 42.479806], [1.4896455, 42.4789505], [1.4901279, 42.4781823], [1.4905402, 42.477375], [1.4906216, 42.4765201], [1.4905008, 42.476472], [1.4896012, 42.4763554], [1.4887654, 42.4760621], [1.488064, 42.4757098], [1.487349, 42.4754106]], "mood_vectors": [[0.0626, 0.0146, 0.0735, 0.0311, 0.0501, 0.72, 0.0481], [0.0502, 0.0517, 0.0436, 0.0412, 0.0167, 0.7282, 0.0683], [0.0694, 0.0686, 0.0414, 0.0635, 0.0565, 0.6508, 0.0499], [0.022, 0.0443, 0.0178, 0.0155, 0.08, 0.7508, 0.0696], [0.073, 0.0779, 0.0814, 0.0778, 0.0322, 0.6216, 0.0361], [0.0376, 0.0771, 0.0238, 0.0851, 0.0785, 0.6531, 0.0448], [0.0847, 0.0356, 0.0504, 0.0348, 0.0488, 0.7211, 0.0246], [0.0624, 0.0159, 0.0614, 0.0779, 0.0745, 0.6626, 0.0454], [0.0548, 0.0304, 0.0163, 0.0698, 0.0304, 0.7347, 0.0637], [0.0621, 0.0165, 0.0223, 0.0252, 0.0572, 0.7982, 0.0185], [0.0316, 0.0168, 0.0818, 0.0351, 0.0361, 0.7522, 0.0463], [0.0733, 0.0255, 0.0606, 0.0585, 0.0252, 0.7177, 0.0393], [0.0438, 0.0221, 0.0762, 0.0371, 0.031, 0.7653, 0.0246], [0.0519, 0.0345, 0.063, 0.0782, 0.0861, 0.6407, 0.0456], [0.087, 0.0271, 0.0677, 0.0416, 0.0664, 0.6665, 0.0436], [0.0492, 0.066, 0.0425, 0.019, 0.0465, 0.7372, 0.0396], [0.068, 0.0408, 0.0435, 0.0752, 0.0689, 0.6887, 0.0149], [0.0437, 0.0552, 0.0497, 0.0571, 0.0558, 0.694, 0.0445], [0.0307, 0.0475, 0.0651, 0.0243, 0.0329, 0.7811, 0.0183], [0.0327, 0.0275, 0.0717, 0.0532, 0.0666, 0.7233, 0.025], [0.0574, 0.0401, 0.034, 0.072, 0.0132, 0.7434, 0.0399], [0.0236, 0.029, 0.0928, 0.0625, 0.0785, 0.6575, 0.056], [0.069, 0.0707, 0.0551, 0.0482, 0.0252, 0.6785, 0.0533], [0.0316, 0.075, 0.0494, 0.0392, 0.0361, 0.7419, 0.0267], [0.0659, 0.0166, 0.0678, 0.0441, 0.0316, 0.7102, 0.0638], [0.0328, 0.0326, 0.0824, 0.0326, 0.0775, 0.6578, 0.0843], [0.0538, 0.0237, 0.0192, 0.016, 0.0146, 0.8097, 0.063], [0.0115, 0.0608, 0.0771, 0.0154, 0.0689, 0.7245, 0.0418], [0.0186, 0.0864, 0.0653, 0.0718, 0.0687, 0.6404, 0.0487], [0.0728, 0.0287, 0.022, 0.0797, 0.0258, 0.7399, 0.0311], [0.0431, 0.0616, 0.0129, 0.05, 0.0556, 0.7372, 0.0397], [0.0306, 0.0182, 0.0621, 0.0624, 0.0821, 0.6857, 0.0589], [0.0407, 0.0713, 0.0611, 0.0592, 0.0269, 0.6713, 0.0695], [0.0628, 0.0269, 0.0214, 0.0122, 0.0698, 0.7489, 0.0579], [0.0277, 0.046, 0.0394, 0.0645, 0.0299, 0.7171, 0.0752], [0.0429, 0.0659, 0.0337, 0.0218, 0.0814, 0.6653, 0.089], [0.0328, 0.017, 0.0804, 0.0318, 0.0688, 0.6963, 0.0729], [0.0131, 0.0406, 0.0824, 0.0212, 0.0138, 0.7478, 0.0812], [0.0632, 0.0703, 0.0352, 0.0791, 0.0301, 0.6751, 0.047], [0.0424, 0.0755, 0.0482, 0.0555, 0.0309, 0.7268, 0.0207], [0.0704, 0.0494, 0.0136, 0.0523, 0.0544, 0.6886, 0.0712], [0.013, 0.014, 0.0349, 0.0542, 0.0736, 0.7253, 0.085], [0.0567, 0.0821, 0.0268, 0.075, 0.0214, 0.6568, 0.0812], [0.0476, 0.0227, 0.0516, 0.0688, 0.064, 0.6864, 0.0588], [0.0558, 0.0122, 0.0435, 0.0708, 0.0633, 0.6982, 0.0562], [0.04, 0.056, 0.066, 0.0656, 0.0559, 0.666, 0.0504], [0.0267, 0.0351, 0.0304, 0.0857, 0.0153, 0.7513, 0.0555], [0.0783, 0.0342, 0.0437, 0.0578, 0.0306, 0.6712, 0.0843], [0.0228, 0.0414, 0.0606, 0.1017, 0.0506, 0.7065, 0.0164], [0.0802, 0.052, 0.0778, 0.0423, 0.0218, 0.6602, 0.0658], [0.0278, 0.0827, 0.0255, 0.1052, 0.0262, 0.7006, 0.0321], [0.0439, 0.031, 0.0607, 0.0243, 0.0437, 0.7576, 0.0387], [0.0911, 0.0852, 0.0248, 0.0389, 0.0346, 0.6749, 0.0505], [0.0469, 0.0895, 0.0511, 0.0762, 0.0738, 0.6085, 0.0541], [0.022, 0.0886, 0.0358, 0.0219, 0.0235, 0.7151, 0.0931], [0.0236, 0.0191, 0.017, 0.0229, 0.0211, 0.8431, 0.0531], [0.0279, 0.0453, 0.0609, 0.047, 0.0407, 0.6985, 0.0798], [0.0337, 0.0217, 0.0284, 0.0785, 0.0558, 0.7188, 0.063], [0.0888, 0.0464, 0.0134, 0.0665, 0.0213, 0.7032, 0.0604], [0.078, 0.037, 0.0665, 0.0531, 0.0231, 0.7045, 0.0379], [0.0326, 0.0401, 0.0623, 0.0215, 0.0593, 0.7023, 0.082], [0.0306, 0.0632, 0.0496, 0.024, 0.0227, 0.7444, 0.0654], [0.0256, 0.0498, 0.0679, 0.0274, 0.0719, 0.7238, 0.0337], [0.0723, 0.0394, 0.0691, 0.0543, 0.0653, 0.639, 0.0606], [0.0413, 0.0234, 0.0241, 0.0738, 0.0656, 0.6923, 0.0795], [0.0321, 0.0565, 0.0605, 0.0224, 0.0465, 0.7024, 0.0796], [0.0268, 0.0549, 0.0618, 0.0516, 0.0363, 0.7001, 0.0684], [0.0604, 0.0522, 0.0773, 0.057, 0.0372, 0.6393, 0.0766], [0.0699, 0.064, 0.0327, 0.0661, 0.0509, 0.6803, 0.0361], [0.0504, 0.0602, 0.0383, 0.0219, 0.0807, 0.7057, 0.0427], [0.04, 0.0709, 0.0217, 0.0628, 0.0319, 0.7592, 0.0136], [0.071, 0.0385, 0.0545, 0.0567, 0.0333, 0.683, 0.0631], [0.0469, 0.0872, 0.0344, 0.0938, 0.0422, 0.6217, 0.0738], [0.0294, 0.0337, 0.0531, 0.0356, 0.0734, 0.7393, 0.0355], [0.0718, 0.0274, 0.0304, 0.0232, 0.055, 0.7464, 0.0458], [0.0635, 0.0458, 0.0812, 0.0158, 0.0711, 0.6885, 0.034], [0.0525, 0.0558, 0.0452, 0.0397, 0.0661, 0.6945, 0.0461], [0.0736, 0.0699, 0.0547, 0.0367, 0.0341, 0.6797, 0.0512], [0.0702, 0.0206, 0.054, 0.0338, 0.042, 0.7177, 0.0617], [0.0991, 0.0265, 0.0866, 0.0269, 0.0859, 0.6583, 0.0168]], "emotions": ["purple", "purple", "purple", "purple", "purple", "purple", "purple", "purple", "purple", "purple", "purple", "purple", "purple", "purple", "purple", "purple", "purple", "purple", "purple", "purple", "purple", "purple", "purple", "purple", "purple", "purple", "purple", "purple", "purple", "purple", "purple", "purple", "purple", "purple", "purple", "purple", "purple", "purple", "purple", "purple", "purple", "purple", "purple", "purple", "purple", "purple", "purple", "purple", "purple", "purple", "purple", "purple", "purple", "purple", "purple", "purple", "purple", "purple", "purple", "purple", "purple", "purple", "purple", "purple", "purple", "purple", "purple", "purple", "purple", "purple", "purple", "purple", "purple", "purple", "purple", "purple", "purple", "purple", "purple", "purple"], "timestamps": [0, 40, 80, 120, 160, 200, 240, 280, 320, 360, 400, 440, 480, 520, 560, 600, 640, 680, 720, 760, 800, 840, 880, 920, 960, 1000, 1040, 1080, 1120, 1160, 1200, 1240, 1280, 1320, 1360, 1400, 1440, 1480, 1520, 1560, 1600, 1640, 1680, 1720, 1760, 1800, 1840, 1880, 1920, 1960, 2000, 2040, 2080, 2120, 2160, 2200, 2240, 2280, 2320, 2360, 2400, 2440, 2480, 2520, 2560, 2600, 2640, 2680, 2720, 2760, 2800, 2840, 2880, 2920, 2960, 3000, 3040, 3080, 3120, 3160]}], "conversation": [], "conversation_timestamps": []}