{"agent_id": "agent-green-997", "type": "green", "trips": [{"trip_id": 0, "transport_method": "car", "start_time": 0, "path": [[1.5395339, 42.5080908], [1.5395184, 42.5081361], [1.5395029, 42.5081814], [1.5394789, 42.5082171], [1.5394319, 42.5082245], [1.539384, 42.5082251], [1.5393365, 42.5082224], [1.5392895, 42.5082133], [1.5392425, 42.5082043], [1.5391955, 42.5081953], [1.5391485, 42.5081862], [1.5391015, 42.5081772], [1.5390542, 42.5081706], [1.5390066, 42.508165], [1.5389592, 42.508164], [1.5389121, 42.5081723], [1.538865, 42.5081807], [1.5388179, 42.5081891], [1.5387708, 42.5081974], [1.5387237, 42.5082058], [1.5386766, 42.5082142], [1.5386294, 42.5082226], [1.5385823, 42.5082309], [1.538591, 42.5082778], [1.5385999, 42.5083249], [1.5386088, 42.5083719], [1.5386176, 42.5084189], [1.5386265, 42.5084659], [1.5386354, 42.508513], [1.5386443, 42.50856], [1.5386531, 42.508607], [1.538662, 42.508654], [1.5386709, 42.5087011], [1.5386797, 42.5087481], [1.5386886, 42.5087951], [1.5386975, 42.5088421], [1.5387063, 42.5088892], [1.5387152, 42.5089362], [1.5387241, 42.5089832], [1.5387329, 42.5090302], [1.5387418, 42.5090773], [1.5387507, 42.5091243], [1.5387595, 42.5091713], [1.5387684, 42.5092183], [1.5387763, 42.5092654], [1.5387744, 42.5093132], [1.5387725, 42.5093611], [1.5387705, 42.5094089], [1.5387686, 42.5094567], [1.5387707, 42.5095006], [1.5388185, 42.5094997], [1.5388664, 42.5094988], [1.5389142, 42.5094979], [1.538962, 42.5094971], [1.5390099, 42.5094962], [1.5390577, 42.5094953], [1.5391056, 42.5094944], [1.5391534, 42.5094935], [1.5392013, 42.5094927], [1.5392491, 42.5094918], [1.539297, 42.5094909], [1.5393448, 42.50949], [1.5393926, 42.5094891], [1.5394405, 42.5094883], [1.5394883, 42.5094874], [1.5395362, 42.5094865], [1.539584, 42.5094856], [1.5396319, 42.5094848], [1.5396274, 42.5095315], [1.5396221, 42.509579], [1.5396167, 42.5096266], [1.5396121, 42.5096742], [1.5396085, 42.5097219], [1.539603, 42.5097694], [1.5395974, 42.5098169], [1.5395917, 42.5098645], [1.539586, 42.509912], [1.5395804, 42.5099595], [1.5395747, 42.510007], [1.539566, 42.5100539]], "mood_vectors": [[0.0222, 0.0389, 0.0589, 0.0175, 0.0547, 0.037, 0.7708], [0.0588, 0.0538, 0.0348, 0.0844, 0.0491, 0.0408, 0.6783], [0.0528, 0.0582, 0.0227, 0.0337, 0.0369, 0.0218, 0.7739], [0.0532, 0.0663, 0.0774, 0.0153, 0.0785, 0.063, 0.6463], [0.0654, 0.0171, 0.0628, 0.0735, 0.0417, 0.0717, 0.6679], [0.0489, 0.0352, 0.0437, 0.0899, 0.0668, 0.0162, 0.6993], [0.0622, 0.0323, 0.0145, 0.067, 0.0281, 0.0786, 0.7172], [0.0568, 0.0591, 0.037, 0.0898, 0.018, 0.0253, 0.7139], [0.0214, 0.0159, 0.0255, 0.072, 0.0471, 0.0499, 0.7682], [0.0314, 0.0612, 0.0434, 0.0567, 0.0448, 0.0285, 0.7341], [0.0723, 0.0175, 0.0342, 0.0152, 0.027, 0.0635, 0.7703], [0.04, 0.0629, 0.0706, 0.0811, 0.0538, 0.0788, 0.6129], [0.0315, 0.1011, 0.0186, 0.0425, 0.069, 0.0896, 0.6477], [0.0373, 0.0709, 0.0228, 0.0894, 0.0398, 0.0456, 0.6942], [0.0171, 0.0356, 0.0612, 0.0908, 0.0735, 0.0579, 0.6639], [0.0509, 0.0519, 0.0823, 0.0231, 0.0725, 0.0756, 0.6437], [0.049, 0.0238, 0.0169, 0.0267, 0.0398, 0.052, 0.7918], [0.0543, 0.0807, 0.0484, 0.0935, 0.0275, 0.0729, 0.6227], [0.021, 0.0723, 0.0452, 0.0412, 0.0759, 0.0733, 0.671], [0.0128, 0.0772, 0.0378, 0.0787, 0.0827, 0.0822, 0.6287], [0.0722, 0.0579, 0.0729, 0.0594, 0.0298, 0.0501, 0.6576], [0.0476, 0.0347, 0.0539, 0.0171, 0.0683, 0.0388, 0.7397], [0.0772, 0.0239, 0.0457, 0.0236, 0.0776, 0.0422, 0.7097], [0.0394, 0.0155, 0.024, 0.0634, 0.0371, 0.0306, 0.79], [0.0872, 0.0464, 0.0287, 0.0844, 0.0549, 0.0204, 0.678], [0.0392, 0.0485, 0.0327, 0.0506, 0.048, 0.0153, 0.7656], [0.0215, 0.0682, 0.0499, 0.0806, 0.0671, 0.0709, 0.6418], [0.0492, 0.0835, 0.0692, 0.0346, 0.0412, 0.0567, 0.6656], [0.0264, 0.0275, 0.0282, 0.0392, 0.0544, 0.0687, 0.7555], [0.0589, 0.0543, 0.063, 0.0543, 0.0383, 0.0703, 0.6609], [0.0749, 0.0481, 0.0389, 0.0302, 0.0284, 0.0286, 0.751], [0.0811, 0.0578, 0.013, 0.0452, 0.0664, 0.0418, 0.6948], [0.0415, 0.0624, 0.0627, 0.0716, 0.0786, 0.0616, 0.6215], [0.0669, 0.0634, 0.0221, 0.0268, 0.0436, 0.0699, 0.7074], [0.0289, 0.0899, 0.0238, 0.0264, 0.0229, 0.0627, 0.7455], [0.0897, 0.0579, 0.0306, 0.0193, 0.0553, 0.0316, 0.7156], [0.0144, 0.016, 0.0392, 0.0274, 0.0897, 0.0522, 0.7611], [0.0167, 0.0745, 0.036, 0.0615, 0.0546, 0.0771, 0.6796], [0.0164, 0.0781, 0.0519, 0.0145, 0.0283, 0.0771, 0.7337], [0.0585, 0.0776, 0.0266, 0.0429, 0.0181, 0.0736, 0.7027], [0.0877, 0.0333, 0.0147, 0.0878, 0.0549, 0.0445, 0.6771], [0.0707, 0.0684, 0.0186, 0.034, 0.0774, 0.0558, 0.6752], [0.0597, 0.081, 0.0284, 0.0502, 0.0269, 0.0453, 0.7085], [0.0323, 0.042, 0.0936, 0.0444, 0.0157, 0.1076, 0.6645], [0.0385, 0.0664, 0.0282, 0.0626, 0.0483, 0.015, 0.741], [0.0347, 0.0721, 0.0417, 0.0247, 0.0391, 0.0556, 0.7321], [0.0133, 0.0385, 0.0211, 0.0175, 0.0533, 0.0437, 0.8124], [0.0391, 0.0323, 0.038, 0.079, 0.0351, 0.0831, 0.6934], [0.0851, 0.0263, 0.0477, 0.0622, 0.0414, 0.0563, 0.681], [0.0149, 0.0201, 0.0599, 0.0854, 0.0266, 0.0687, 0.7242], [0.0581, 0.0648, 0.037, 0.0253, 0.0429, 0.0465, 0.7254], [0.0745, 0.0652, 0.0602, 0.053, 0.0599, 0.068, 0.6193], [0.0621, 0.0681, 0.0464, 0.0555, 0.033, 0.057, 0.6778], [0.079, 0.0171, 0.0275, 0.0215, 0.0575, 0.0434, 0.7541], [0.019, 0.0136, 0.046, 0.029, 0.0661, 0.0293, 0.7969], [0.0456, 0.054, 0.062, 0.0246, 0.0394, 0.092, 0.6824], [0.0263, 0.053, 0.0356, 0.0345, 0.0195, 0.052, 0.7791], [0.0649, 0.0822, 0.0776, 0.0468, 0.0336, 0.0281, 0.6668], [0.0442, 0.0422, 0.0454, 0.0585, 0.0519, 0.0771, 0.6808], [0.0233, 0.0301, 0.0211, 0.0795, 0.0404, 0.0689, 0.7367], [0.0329, 0.0429, 0.0687, 0.0676, 0.0535, 0.0416, 0.6929], [0.0169, 0.0344, 0.0404, 0.0375, 0.0638, 0.0351, 0.772], [0.066, 0.0307, 0.0455, 0.073, 0.0626, 0.0234, 0.6989], [0.0232, 0.0777, 0.0247, 0.0433, 0.0206, 0.0442, 0.7663], [0.043, 0.0607, 0.0435, 0.0706, 0.0544, 0.048, 0.6798], [0.0167, 0.0812, 0.0429, 0.0466, 0.067, 0.0631, 0.6825], [0.063, 0.0655, 0.0805, 0.0402, 0.0326, 0.0503, 0.6678], [0.0457, 0.0331, 0.0781, 0.0589, 0.0406, 0.0567, 0.6869], [0.055, 0.0547, 0.0726, 0.0686, 0.0269, 0.0602, 0.6621], [0.0844, 0.0577, 0.0181, 0.0889, 0.0228, 0.0623, 0.6658], [0.0744, 0.0786, 0.0638, 0.0486, 0.0706, 0.0152, 0.6489], [0.0712, 0.0487, 0.067, 0.012, 0.0439, 0.0248, 0.7324], [0.0794, 0.0134, 0.0843, 0.0248, 0.0442, 0.0703, 0.6836], [0.0303, 0.0495, 0.0449, 0.0574, 0.0587, 0.0509, 0.7083], [0.0535, 0.081, 0.0141, 0.0186, 0.0452, 0.077, 0.7106], [0.0646, 0.0154, 0.055, 0.017, 0.0645, 0.0447, 0.7388], [0.0686, 0.0651, 0.0247, 0.0367, 0.0453, 0.0304, 0.7293], [0.027, 0.073, 0.0361, 0.0541, 0.064, 0.0329, 0.7129], [0.0533, 0.0173, 0.0292, 0.0883, 0.0773, 0.0174, 0.7171], [0.0756, 0.0788, 0.028, 0.0415, 0.017, 0.0287, 0.7304]], "emotions": ["purple", "purple", "purple", "purple", "purple", "purple", "purple", "purple", "purple", "purple", "purple", "purple", "purple", "purple", "purple", "purple", "purple", "purple", "purple", "purple", "purple", "purple", "purple", "purple", "purple", "purple", "purple", "purple", "purple", "purple", "purple", "purple", "purple", "purple", "purple", "purple", "purple", "purple", "purple", "purple", "purple", "purple", "purple", "purple", "purple", "purple", "purple", "purple", "purple", "purple", "purple", "purple", "purple", "purple", "purple", "purple", "purple", "purple", "purple", "purple", "purple", "purple", "purple", "purple", "purple", "purple", "purple", "purple", "purple", "purple", "purple", "purple", "purple", "purple", "purple", "purple", "purple", "purple", "purple", "purple"], "timestamps": [0, 40, 80, 120, 160, 200, 240, 280, 320, 360, 400, 440, 480, 520, 560, 600, 640, 680, 720, 760, 800, 840, 880, 920, 960, 1000, 1040, 1080, 1120, 1160, 1200, 1240, 1280, 1320, 1360, 1400, 1440, 1480, 1520, 1560, 1600, 1640, 1680, 1720, 1760, 1800, 1840, 1880, 1920, 1960, 2000, 2040, 2080, 2120, 2160, 2200, 2240, 2280, 2320, 2360, 2400, 2440, 2480, 2520, 2560, 2600, 2640, 2680, 2720, 2760, 2800, 2840, 2880, 2920, 2960, 3000, 3040, 3080, 3120, 3160]}], "conversation": [], "conversation_timestamps": []}