{"agent_id": "agent-red-306", "type": "red", "trips": [{"trip_id": 0, "transport_method": "bus", "start_time": 0, "path": [[1.5175597, 42.50222], [1.5173145, 42.5025039], [1.5171764, 42.5028521], [1.5172507, 42.5031962], [1.5176257, 42.5032208], [1.518001, 42.5032397], [1.5183751, 42.5032749], [1.5187269, 42.5033802], [1.5190364, 42.5035913], [1.5193364, 42.5038032], [1.5197051, 42.5038328], [1.520063, 42.5038858], [1.5204105, 42.5040289], [1.5207578, 42.5041724], [1.5211051, 42.5043158], [1.5214559, 42.5044503], [1.5218103, 42.5045741], [1.522087, 42.5048255], [1.5224417, 42.504729], [1.5228124, 42.50475], [1.5231852, 42.5047968], [1.5235567, 42.5048383], [1.5239245, 42.5049148], [1.5242955, 42.5049749], [1.5246646, 42.5050449], [1.5250334, 42.5051173], [1.5254022, 42.5051897], [1.5257709, 42.5052621], [1.5261403, 42.5053266], [1.5265156, 42.5053089], [1.5268909, 42.5052932], [1.5272643, 42.5053266], [1.5276279, 42.5054122], [1.5279354, 42.5055169], [1.5275735, 42.5054154], [1.5276123, 42.5053992], [1.5279727, 42.5055055], [1.5283332, 42.5056117], [1.5286936, 42.505718], [1.5290541, 42.5058243], [1.5293738, 42.5060155], [1.5296821, 42.5062304], [1.5299878, 42.506449], [1.5302984, 42.5066603], [1.5306137, 42.5068629], [1.5309593, 42.5070104], [1.531318, 42.5071175], [1.5316847, 42.5071994], [1.5319088, 42.5074465], [1.5321325, 42.5077458], [1.5323555, 42.5080457], [1.5325394, 42.5083189], [1.5329125, 42.5083639], [1.5332847, 42.5084157], [1.5336569, 42.5084675], [1.5340291, 42.5085193], [1.5343997, 42.50851], [1.5347745, 42.5085378], [1.5351493, 42.5085655], [1.5355241, 42.5085918], [1.535899, 42.5086183], [1.5362738, 42.5086449], [1.5366457, 42.5086984], [1.5370192, 42.508738], [1.5373937, 42.5087694], [1.5377402, 42.508835], [1.5378468, 42.5091954], [1.5380758, 42.509412], [1.5384486, 42.5094598], [1.5388217, 42.5094996], [1.5391975, 42.5094927], [1.5395732, 42.5094858], [1.5399367, 42.509572], [1.5402198, 42.5097487], [1.5405086, 42.509832], [1.5407802, 42.5100089], [1.5410061, 42.5103029], [1.5411915, 42.5106297], [1.5414143, 42.510869], [1.5417833, 42.510798]], "mood_vectors": [[0.651, 0.0492, 0.0802, 0.0168, 0.0392, 0.0784, 0.0853], [0.7591, 0.074, 0.0183, 0.0295, 0.0393, 0.044, 0.0359], [0.6586, 0.0883, 0.054, 0.0337, 0.0786, 0.0706, 0.0162], [0.6773, 0.0777, 0.0601, 0.0596, 0.019, 0.0468, 0.0594], [0.6951, 0.0624, 0.0564, 0.0584, 0.0363, 0.0628, 0.0287], [0.6635, 0.0636, 0.0499, 0.0549, 0.0673, 0.0568, 0.0439], [0.7245, 0.0442, 0.0401, 0.0476, 0.0403, 0.0309, 0.0725], [0.7468, 0.0657, 0.0174, 0.0355, 0.0825, 0.0265, 0.0256], [0.701, 0.03, 0.0538, 0.0145, 0.0758, 0.056, 0.069], [0.7643, 0.0705, 0.0504, 0.0195, 0.0203, 0.0516, 0.0233], [0.7406, 0.066, 0.0182, 0.037, 0.0769, 0.0235, 0.0378], [0.7342, 0.0596, 0.0693, 0.0406, 0.0247, 0.0318, 0.0399], [0.7348, 0.0184, 0.0501, 0.0671, 0.0358, 0.0486, 0.0452], [0.7601, 0.0448, 0.056, 0.0224, 0.0233, 0.0723, 0.0211], [0.774, 0.0305, 0.0786, 0.0636, 0.0185, 0.016, 0.0187], [0.742, 0.0334, 0.0753, 0.0354, 0.0213, 0.0218, 0.0709], [0.7213, 0.055, 0.0615, 0.0394, 0.0117, 0.0716, 0.0394], [0.608, 0.0835, 0.0547, 0.0869, 0.0635, 0.0226, 0.0807], [0.7614, 0.0325, 0.0634, 0.0132, 0.0452, 0.0397, 0.0446], [0.6129, 0.0766, 0.0731, 0.0319, 0.0545, 0.0758, 0.0752], [0.6908, 0.0332, 0.0221, 0.0416, 0.0839, 0.072, 0.0564], [0.731, 0.0592, 0.0572, 0.0619, 0.0396, 0.0364, 0.0148], [0.6949, 0.0811, 0.0753, 0.0774, 0.0248, 0.0197, 0.0269], [0.6995, 0.0714, 0.0555, 0.0471, 0.0353, 0.0423, 0.049], [0.8027, 0.0252, 0.0149, 0.0161, 0.0326, 0.0483, 0.0602], [0.6722, 0.0823, 0.0645, 0.0202, 0.0497, 0.0697, 0.0414], [0.7393, 0.0175, 0.0841, 0.0385, 0.0406, 0.0483, 0.0317], [0.7132, 0.0502, 0.0283, 0.075, 0.0508, 0.0624, 0.0201], [0.7204, 0.0772, 0.0607, 0.0419, 0.0286, 0.0535, 0.0177], [0.7111, 0.0818, 0.0443, 0.0345, 0.0258, 0.0636, 0.0389], [0.778, 0.0196, 0.0251, 0.0417, 0.063, 0.0305, 0.0421], [0.7007, 0.0499, 0.0683, 0.0533, 0.0119, 0.0529, 0.063], [0.6211, 0.0492, 0.088, 0.0883, 0.0604, 0.0235, 0.0696], [0.7127, 0.0302, 0.0915, 0.0373, 0.0494, 0.0475, 0.0313], [0.6974, 0.0252, 0.074, 0.0325, 0.0484, 0.0555, 0.0668], [0.6633, 0.0318, 0.0586, 0.0526, 0.072, 0.0689, 0.0528], [0.7151, 0.0613, 0.0439, 0.074, 0.0151, 0.0673, 0.0234], [0.6717, 0.0652, 0.0352, 0.0499, 0.0555, 0.0728, 0.0497], [0.6986, 0.0133, 0.0822, 0.0529, 0.0833, 0.0417, 0.028], [0.7013, 0.0767, 0.0452, 0.0504, 0.0271, 0.0372, 0.062], [0.6893, 0.0226, 0.0462, 0.0259, 0.0611, 0.0902, 0.0647], [0.6786, 0.0567, 0.0592, 0.0612, 0.0504, 0.0275, 0.0664], [0.6759, 0.073, 0.0329, 0.0626, 0.0381, 0.06, 0.0575], [0.7585, 0.0409, 0.0312, 0.026, 0.048, 0.0629, 0.0325], [0.6326, 0.0302, 0.074, 0.0619, 0.063, 0.0531, 0.0854], [0.6956, 0.0635, 0.0505, 0.0317, 0.0204, 0.0691, 0.0691], [0.7069, 0.0292, 0.058, 0.0405, 0.0413, 0.0458, 0.0783], [0.7592, 0.0503, 0.0712, 0.071, 0.0165, 0.0169, 0.0149], [0.6839, 0.022, 0.0689, 0.0693, 0.0486, 0.0627, 0.0446], [0.6997, 0.0588, 0.0376, 0.0251, 0.0642, 0.0746, 0.04], [0.6099, 0.0545, 0.0758, 0.0608, 0.0805, 0.0408, 0.0777], [0.6555, 0.0451, 0.0722, 0.0677, 0.0724, 0.0618, 0.0253], [0.6342, 0.0586, 0.0632, 0.0619, 0.0659, 0.0652, 0.051], [0.7385, 0.0711, 0.0575, 0.0503, 0.0294, 0.0192, 0.0339], [0.7113, 0.0635, 0.0415, 0.0382, 0.0604, 0.0168, 0.0684], [0.7099, 0.049, 0.0477, 0.0348, 0.0655, 0.0491, 0.044], [0.6927, 0.0357, 0.0641, 0.0451, 0.0475, 0.0645, 0.0504], [0.7077, 0.075, 0.0523, 0.0164, 0.0645, 0.0218, 0.0623], [0.747, 0.0177, 0.0595, 0.0474, 0.0497, 0.0212, 0.0575], [0.7011, 0.0555, 0.0548, 0.0339, 0.0462, 0.0476, 0.061], [0.5955, 0.0716, 0.0782, 0.0783, 0.077, 0.0744, 0.025], [0.6813, 0.0718, 0.0519, 0.0562, 0.0635, 0.0136, 0.0617], [0.6667, 0.033, 0.0181, 0.1008, 0.0937, 0.0157, 0.0721], [0.6596, 0.045, 0.0504, 0.0369, 0.0717, 0.0647, 0.0716], [0.7893, 0.0219, 0.056, 0.0251, 0.0576, 0.0195, 0.0307], [0.6162, 0.0825, 0.0612, 0.065, 0.0255, 0.0715, 0.0782], [0.6869, 0.021, 0.0562, 0.1043, 0.0617, 0.0335, 0.0364], [0.7948, 0.0135, 0.032, 0.0327, 0.0156, 0.033, 0.0784], [0.654, 0.0905, 0.0538, 0.0178, 0.0608, 0.0525, 0.0706], [0.7387, 0.0158, 0.026, 0.0299, 0.0845, 0.0487, 0.0564], [0.767, 0.0639, 0.0252, 0.0365, 0.0248, 0.0538, 0.0288], [0.7057, 0.014, 0.0752, 0.0324, 0.083, 0.0681, 0.0216], [0.7743, 0.0434, 0.0153, 0.0517, 0.016, 0.0357, 0.0637], [0.7452, 0.0286, 0.0787, 0.0376, 0.0578, 0.0199, 0.0321], [0.7722, 0.0277, 0.018, 0.0461, 0.0434, 0.0638, 0.0288], [0.7126, 0.0313, 0.0255, 0.0769, 0.0285, 0.0794, 0.0458], [0.779, 0.0187, 0.0216, 0.0248, 0.0697, 0.068, 0.0182], [0.694, 0.0245, 0.0716, 0.0596, 0.0317, 0.0695, 0.0491], [0.7864, 0.0342, 0.0732, 0.013, 0.0594, 0.0122, 0.0215], [0.6242, 0.0809, 0.0662, 0.035, 0.0818, 0.0499, 0.0621]], "emotions": ["red", "red", "red", "red", "red", "red", "red", "red", "red", "red", "red", "red", "red", "red", "red", "red", "red", "red", "red", "red", "red", "red", "red", "red", "red", "red", "red", "red", "red", "red", "red", "red", "red", "red", "red", "red", "red", "red", "red", "red", "red", "red", "red", "red", "red", "red", "red", "red", "red", "red", "red", "red", "red", "red", "red", "red", "red", "red", "red", "red", "red", "red", "red", "red", "red", "red", "red", "red", "red", "red", "red", "red", "red", "red", "red", "red", "red", "red", "red", "red"], "timestamps": [0, 40, 80, 120, 160, 200, 240, 280, 320, 360, 400, 440, 480, 520, 560, 600, 640, 680, 720, 760, 800, 840, 880, 920, 960, 1000, 1040, 1080, 1120, 1160, 1200, 1240, 1280, 1320, 1360, 1400, 1440, 1480, 1520, 1560, 1600, 1640, 1680, 1720, 1760, 1800, 1840, 1880, 1920, 1960, 2000, 2040, 2080, 2120, 2160, 2200, 2240, 2280, 2320, 2360, 2400, 2440, 2480, 2520, 2560, 2600, 2640, 2680, 2720, 2760, 2800, 2840, 2880, 2920, 2960, 3000, 3040, 3080, 3120, 3160]}], "conversation": [], "conversation_timestamps": []}