{"agent_id": "agent-blue-170", "type": "blue", "trips": [{"trip_id": 0, "transport_method": "foot", "start_time": 0, "path": [[1.542547, 42.5120895], [1.5424579, 42.5121098], [1.5423687, 42.5121297], [1.5422782, 42.5121424], [1.5421876, 42.5121484], [1.5421083, 42.5121092], [1.5420179, 42.5121149], [1.5419328, 42.5121469], [1.5418514, 42.5121883], [1.5417678, 42.5122251], [1.5416822, 42.5122546], [1.5416013, 42.5122967], [1.5415158, 42.5123291], [1.541427, 42.5123459], [1.541341, 42.5123189], [1.5412723, 42.5122597], [1.5411942, 42.5122153], [1.5411056, 42.512202], [1.5410925, 42.5121148], [1.54101, 42.5120824], [1.5409187, 42.512079], [1.5408274, 42.5120743], [1.5408451, 42.5120103], [1.5409247, 42.5119664], [1.5409716, 42.5119181], [1.5408896, 42.5118789], [1.5408038, 42.5118475], [1.5407147, 42.5118288], [1.5406257, 42.511808], [1.5405367, 42.5117873], [1.5404656, 42.5118412], [1.5403958, 42.5119001], [1.5403259, 42.511959], [1.5402492, 42.5120075], [1.5401672, 42.5120476], [1.5400851, 42.5120878], [1.5400022, 42.5121261], [1.5399178, 42.5121612], [1.5398327, 42.5121944], [1.5397442, 42.5122164], [1.539653, 42.5122205], [1.5395617, 42.5122249], [1.5394705, 42.5122294], [1.5393809, 42.5122451], [1.5392906, 42.5122568], [1.5392008, 42.5122709], [1.5391137, 42.5122983], [1.5390313, 42.5123369], [1.538953, 42.5123841], [1.5388773, 42.5124351], [1.5388038, 42.5124893], [1.5387303, 42.5125436], [1.5386493, 42.5125853], [1.5385627, 42.5126135], [1.5384731, 42.5126309], [1.5383829, 42.5126458], [1.5382927, 42.5126607], [1.5382026, 42.5126755], [1.5381124, 42.5126904], [1.5380221, 42.5127042], [1.5379318, 42.512718], [1.5378414, 42.5127317], [1.537751, 42.5127449], [1.5376605, 42.5127563], [1.5375724, 42.5127808], [1.5374844, 42.5128053], [1.5373964, 42.5128297], [1.5373083, 42.5128542], [1.5372202, 42.5128785], [1.5371315, 42.5129003], [1.5370527, 42.5128759], [1.5369786, 42.5128225], [1.5369028, 42.5127715], [1.5368478, 42.5127011], [1.5368011, 42.5126225], [1.5367525, 42.5125452], [1.5366776, 42.5125002], [1.5365919, 42.5124683], [1.5365063, 42.5124365], [1.5364206, 42.5124046]], "mood_vectors": [[0.0416, 0.043, 0.0508, 0.769, 0.0511, 0.0161, 0.0283], [0.0635, 0.0399, 0.0506, 0.6894, 0.0505, 0.0652, 0.0409], [0.0785, 0.0411, 0.0843, 0.6862, 0.0227, 0.0311, 0.0562], [0.0883, 0.0201, 0.0205, 0.6968, 0.0656, 0.0255, 0.0832], [0.057, 0.0571, 0.0188, 0.6562, 0.0736, 0.0797, 0.0577], [0.0258, 0.0771, 0.0523, 0.7597, 0.0257, 0.0454, 0.014], [0.0821, 0.019, 0.0485, 0.6935, 0.0853, 0.0409, 0.0306], [0.0557, 0.0253, 0.067, 0.706, 0.0424, 0.0498, 0.0538], [0.0364, 0.0616, 0.0495, 0.7666, 0.025, 0.0363, 0.0246], [0.0773, 0.0176, 0.0524, 0.7676, 0.0192, 0.0397, 0.0262], [0.0325, 0.0828, 0.0619, 0.6378, 0.0483, 0.0547, 0.0819], [0.0489, 0.0373, 0.0476, 0.7292, 0.0322, 0.0447, 0.0601], [0.0224, 0.0524, 0.0745, 0.7574, 0.0471, 0.0183, 0.028], [0.0762, 0.03, 0.0259, 0.7385, 0.0262, 0.0174, 0.0858], [0.0194, 0.0434, 0.0806, 0.745, 0.0599, 0.0257, 0.0261], [0.0489, 0.021, 0.073, 0.7117, 0.0311, 0.0765, 0.0378], [0.0655, 0.0182, 0.075, 0.6975, 0.0335, 0.0786, 0.0317], [0.0362, 0.0786, 0.0794, 0.6813, 0.0404, 0.0277, 0.0564], [0.065, 0.0225, 0.0707, 0.6457, 0.032, 0.0987, 0.0654], [0.0762, 0.0764, 0.0304, 0.6573, 0.0705, 0.0757, 0.0134], [0.0369, 0.0298, 0.0411, 0.7202, 0.0662, 0.0788, 0.0271], [0.0759, 0.0856, 0.0546, 0.6588, 0.0446, 0.0465, 0.034], [0.0157, 0.0439, 0.0482, 0.7401, 0.067, 0.0463, 0.0389], [0.0409, 0.0638, 0.0337, 0.7002, 0.0481, 0.0694, 0.044], [0.0202, 0.06, 0.0241, 0.7231, 0.041, 0.0726, 0.059], [0.0149, 0.083, 0.0616, 0.6549, 0.0396, 0.0799, 0.0661], [0.0471, 0.0745, 0.0246, 0.6397, 0.0612, 0.0626, 0.0905], [0.0567, 0.0316, 0.0532, 0.6472, 0.0851, 0.0503, 0.0758], [0.0598, 0.0815, 0.039, 0.6878, 0.0168, 0.029, 0.0861], [0.0513, 0.0262, 0.0696, 0.6688, 0.0637, 0.0546, 0.066], [0.084, 0.0544, 0.0765, 0.6314, 0.066, 0.0147, 0.073], [0.0357, 0.0272, 0.0224, 0.7737, 0.0594, 0.0556, 0.0259], [0.0229, 0.042, 0.0505, 0.7572, 0.0353, 0.0306, 0.0615], [0.0821, 0.0223, 0.0317, 0.7505, 0.0528, 0.0387, 0.0219], [0.0367, 0.0811, 0.0205, 0.6662, 0.0657, 0.0405, 0.0894], [0.0226, 0.0671, 0.0384, 0.709, 0.0666, 0.0235, 0.0728], [0.0514, 0.0759, 0.072, 0.6414, 0.0522, 0.0707, 0.0365], [0.078, 0.0145, 0.0629, 0.71, 0.0446, 0.0302, 0.0599], [0.0809, 0.052, 0.0672, 0.6467, 0.0757, 0.0334, 0.0441], [0.066, 0.0537, 0.0747, 0.6278, 0.0798, 0.0806, 0.0176], [0.0567, 0.0678, 0.0585, 0.7389, 0.0228, 0.0154, 0.0398], [0.0484, 0.0397, 0.0488, 0.6384, 0.088, 0.0695, 0.0672], [0.0641, 0.0161, 0.0471, 0.6994, 0.0757, 0.0489, 0.0488], [0.018, 0.0358, 0.0805, 0.6916, 0.0433, 0.067, 0.0638], [0.0802, 0.0482, 0.0623, 0.6999, 0.0243, 0.0677, 0.0173], [0.0808, 0.0465, 0.0816, 0.616, 0.0487, 0.0681, 0.0582], [0.0509, 0.016, 0.0722, 0.7186, 0.0164, 0.0614, 0.0644], [0.073, 0.0329, 0.0724, 0.7424, 0.0227, 0.0344, 0.0221], [0.0746, 0.0612, 0.0415, 0.681, 0.0434, 0.0445, 0.0539], [0.0532, 0.0336, 0.0507, 0.7202, 0.0723, 0.0418, 0.0281], [0.0405, 0.0258, 0.0409, 0.78, 0.0355, 0.0473, 0.03], [0.0385, 0.0645, 0.0189, 0.7212, 0.0453, 0.0361, 0.0754], [0.0246, 0.0554, 0.0657, 0.6717, 0.0564, 0.0704, 0.0558], [0.0132, 0.0557, 0.0131, 0.7643, 0.0596, 0.0327, 0.0615], [0.0131, 0.0381, 0.0703, 0.7745, 0.07, 0.0195, 0.0145], [0.0305, 0.0287, 0.0777, 0.6905, 0.0499, 0.0351, 0.0876], [0.0628, 0.0417, 0.0348, 0.7503, 0.039, 0.0452, 0.0262], [0.0286, 0.0524, 0.075, 0.6208, 0.0838, 0.0834, 0.056], [0.0192, 0.03, 0.0669, 0.78, 0.0332, 0.0262, 0.0446], [0.0958, 0.074, 0.0629, 0.6757, 0.0244, 0.023, 0.0442], [0.064, 0.0904, 0.0181, 0.6567, 0.0852, 0.0638, 0.0217], [0.0428, 0.0544, 0.0194, 0.7394, 0.0576, 0.0468, 0.0397], [0.0292, 0.0205, 0.0165, 0.7618, 0.0688, 0.0286, 0.0746], [0.0555, 0.0822, 0.0477, 0.6564, 0.0343, 0.0434, 0.0806], [0.0758, 0.0244, 0.0237, 0.7235, 0.0223, 0.0461, 0.0843], [0.0622, 0.0372, 0.0436, 0.6972, 0.0854, 0.0287, 0.0458], [0.066, 0.0493, 0.0661, 0.6209, 0.0301, 0.0878, 0.0798], [0.0662, 0.0236, 0.0595, 0.704, 0.026, 0.0386, 0.082], [0.0769, 0.0373, 0.0249, 0.7308, 0.039, 0.0332, 0.058], [0.0327, 0.0225, 0.0596, 0.6761, 0.0662, 0.0852, 0.0576], [0.0142, 0.0555, 0.072, 0.6923, 0.0807, 0.0729, 0.0124], [0.0419, 0.0532, 0.0146, 0.7212, 0.034, 0.0694, 0.0656], [0.0189, 0.0679, 0.0706, 0.7388, 0.0169, 0.0598, 0.0272], [0.0207, 0.0397, 0.0383, 0.7053, 0.0595, 0.0868, 0.0498], [0.0426, 0.0506, 0.0578, 0.6951, 0.045, 0.0804, 0.0286], [0.0484, 0.0571, 0.0494, 0.6563, 0.0722, 0.0418, 0.0748], [0.0396, 0.0738, 0.0295, 0.7065, 0.0683, 0.0128, 0.0695], [0.0308, 0.0579, 0.0278, 0.702, 0.076, 0.0301, 0.0755], [0.0559, 0.0173, 0.0411, 0.7674, 0.0268, 0.0556, 0.0358], [0.0314, 0.072, 0.0866, 0.6697, 0.0283, 0.0752, 0.0367]], "emotions": ["green", "green", "green", "green", "green", "green", "green", "green", "green", "green", "green", "green", "green", "green", "green", "green", "green", "green", "green", "green", "green", "green", "green", "green", "green", "green", "green", "green", "green", "green", "green", "green", "green", "green", "green", "green", "green", "green", "green", "green", "green", "green", "green", "green", "green", "green", "green", "green", "green", "green", "green", "green", "green", "green", "green", "green", "green", "green", "green", "green", "green", "green", "green", "green", "green", "green", "green", "green", "green", "green", "green", "green", "green", "green", "green", "green", "green", "green", "green", "green"], "timestamps": [0, 40, 80, 120, 160, 200, 240, 280, 320, 360, 400, 440, 480, 520, 560, 600, 640, 680, 720, 760, 800, 840, 880, 920, 960, 1000, 1040, 1080, 1120, 1160, 1200, 1240, 1280, 1320, 1360, 1400, 1440, 1480, 1520, 1560, 1600, 1640, 1680, 1720, 1760, 1800, 1840, 1880, 1920, 1960, 2000, 2040, 2080, 2120, 2160, 2200, 2240, 2280, 2320, 2360, 2400, 2440, 2480, 2520, 2560, 2600, 2640, 2680, 2720, 2760, 2800, 2840, 2880, 2920, 2960, 3000, 3040, 3080, 3120, 3160]}], "conversation": [], "conversation_timestamps": []}