{"agent_id": "agent-blue-700", "type": "blue", "trips": [{"trip_id": 0, "transport_method": "foot", "start_time": 0, "path": [[1.4896456, 42.4607457], [1.4901233, 42.4613088], [1.4904065, 42.4619793], [1.4903307, 42.4615591], [1.4907935, 42.4621351], [1.4911532, 42.4627489], [1.490978, 42.463457], [1.4908538, 42.4641503], [1.4910163, 42.4648588], [1.4914347, 42.4654535], [1.4918196, 42.4659985], [1.4918477, 42.4666011], [1.4916328, 42.4671523], [1.4915748, 42.4678715], [1.4917659, 42.4685835], [1.4920001, 42.4692841], [1.4920326, 42.4700166], [1.4918264, 42.4707233], [1.4914866, 42.4713792], [1.491138, 42.4720307], [1.4907894, 42.4726823], [1.4905347, 42.4733721], [1.4905586, 42.4741018], [1.4908201, 42.4747923], [1.4908441, 42.4755286], [1.490761, 42.4762545], [1.49056, 42.476931], [1.4904443, 42.4776608], [1.4903286, 42.4783906], [1.4902129, 42.4791205], [1.4900972, 42.4798503], [1.4899815, 42.4805802], [1.4898659, 42.48131], [1.4897204, 42.4818561], [1.489497, 42.4811581], [1.4894208, 42.4804232], [1.4893853, 42.4796896], [1.4896185, 42.4789927], [1.4900141, 42.4783686], [1.4903765, 42.4777249], [1.4906401, 42.4770382], [1.4906181, 42.47664], [1.4905597, 42.4773767], [1.4905014, 42.4781133], [1.490443, 42.47885], [1.4903847, 42.4795866], [1.4903263, 42.4803233], [1.490268, 42.4810599], [1.4902096, 42.4817966], [1.4901512, 42.4825332], [1.4904983, 42.4831775], [1.4908388, 42.4838241], [1.4911756, 42.4844599], [1.4918478, 42.4847402], [1.4923202, 42.4852318], [1.4926229, 42.4859036], [1.492894, 42.4865908], [1.4932265, 42.4872503], [1.4935879, 42.4878948], [1.4939481, 42.48854], [1.4943115, 42.4891835], [1.4946706, 42.4898293], [1.4950206, 42.4904798], [1.4945966, 42.490951], [1.4941251, 42.4914189], [1.4933914, 42.4914519], [1.4929161, 42.4913349], [1.4934265, 42.4918692], [1.4939369, 42.4924036], [1.4942118, 42.4927816], [1.4935479, 42.492491], [1.4929794, 42.4920285], [1.4929272, 42.4913559], [1.4933118, 42.4917172], [1.4938406, 42.4922334], [1.4943693, 42.4927496], [1.4948102, 42.4933128], [1.4953733, 42.4937256], [1.4959693, 42.4938055], [1.4963402, 42.4942865]], "mood_vectors": [[0.0564, 0.0206, 0.0721, 0.6823, 0.0634, 0.048, 0.0572], [0.0229, 0.0256, 0.0261, 0.6926, 0.0571, 0.0841, 0.0916], [0.0255, 0.0542, 0.0717, 0.6603, 0.0735, 0.0655, 0.0493], [0.1002, 0.0315, 0.0215, 0.682, 0.019, 0.0655, 0.0804], [0.0695, 0.0449, 0.0731, 0.6731, 0.0195, 0.0506, 0.0693], [0.0752, 0.0609, 0.0626, 0.6119, 0.0876, 0.0165, 0.0852], [0.0405, 0.058, 0.0774, 0.6728, 0.0639, 0.0172, 0.0702], [0.0553, 0.0398, 0.0244, 0.7682, 0.0737, 0.024, 0.0145], [0.0533, 0.072, 0.0231, 0.6916, 0.0518, 0.0385, 0.0696], [0.0437, 0.0305, 0.0189, 0.7847, 0.0394, 0.0212, 0.0615], [0.0364, 0.0367, 0.0663, 0.6672, 0.0724, 0.0634, 0.0576], [0.0351, 0.0505, 0.0593, 0.6972, 0.0145, 0.0971, 0.0462], [0.015, 0.0839, 0.0817, 0.6428, 0.0786, 0.0684, 0.0296], [0.0595, 0.03, 0.073, 0.6883, 0.043, 0.0738, 0.0322], [0.0254, 0.068, 0.0341, 0.6985, 0.0605, 0.056, 0.0576], [0.0562, 0.0401, 0.0439, 0.6665, 0.0423, 0.0689, 0.0821], [0.0549, 0.0829, 0.0469, 0.6529, 0.032, 0.071, 0.0593], [0.0146, 0.0251, 0.0409, 0.7743, 0.0423, 0.0686, 0.0342], [0.0621, 0.0623, 0.0646, 0.6749, 0.0478, 0.0177, 0.0705], [0.0119, 0.0719, 0.0327, 0.7074, 0.0715, 0.0366, 0.068], [0.0473, 0.0415, 0.0315, 0.7119, 0.0603, 0.0864, 0.021], [0.0205, 0.0567, 0.0153, 0.7023, 0.0502, 0.0813, 0.0737], [0.0346, 0.0772, 0.0186, 0.736, 0.0396, 0.039, 0.0548], [0.0395, 0.0623, 0.0774, 0.6746, 0.0195, 0.0641, 0.0626], [0.0452, 0.0761, 0.0143, 0.742, 0.0775, 0.0187, 0.0263], [0.0273, 0.0329, 0.0753, 0.7328, 0.045, 0.0493, 0.0375], [0.0541, 0.0327, 0.0492, 0.7206, 0.0736, 0.0216, 0.0481], [0.045, 0.0728, 0.0182, 0.6788, 0.0665, 0.0833, 0.0353], [0.0306, 0.0324, 0.0762, 0.7026, 0.0749, 0.0569, 0.0264], [0.0509, 0.0548, 0.0414, 0.6679, 0.0683, 0.0592, 0.0576], [0.0411, 0.0245, 0.0766, 0.6365, 0.0693, 0.0718, 0.0801], [0.0754, 0.0479, 0.0286, 0.6987, 0.1041, 0.0164, 0.0288], [0.0552, 0.0283, 0.0574, 0.6922, 0.0253, 0.0548, 0.0868], [0.0763, 0.0168, 0.0459, 0.7547, 0.0603, 0.0153, 0.0308], [0.0711, 0.0126, 0.0359, 0.7115, 0.0281, 0.0831, 0.0578], [0.0657, 0.0356, 0.0234, 0.6962, 0.0634, 0.0389, 0.0768], [0.0839, 0.0683, 0.0531, 0.6581, 0.0345, 0.0592, 0.0429], [0.076, 0.0675, 0.0262, 0.6774, 0.0359, 0.0778, 0.0393], [0.0568, 0.0194, 0.0759, 0.7287, 0.0747, 0.0149, 0.0295], [0.0332, 0.0313, 0.0722, 0.7491, 0.0759, 0.0115, 0.0267], [0.0446, 0.0667, 0.0292, 0.7022, 0.0732, 0.0705, 0.0136], [0.0632, 0.0362, 0.0122, 0.7272, 0.0586, 0.0475, 0.0552], [0.0681, 0.0347, 0.0238, 0.7384, 0.0323, 0.0497, 0.053], [0.0569, 0.0134, 0.0271, 0.7275, 0.039, 0.0603, 0.0758], [0.0607, 0.0351, 0.0645, 0.7175, 0.0463, 0.0171, 0.0587], [0.0811, 0.0448, 0.0344, 0.7262, 0.0562, 0.0373, 0.02], [0.0926, 0.0185, 0.0837, 0.6128, 0.0872, 0.034, 0.0711], [0.0935, 0.0695, 0.0849, 0.6215, 0.0565, 0.0434, 0.0308], [0.063, 0.0403, 0.018, 0.6918, 0.0627, 0.0587, 0.0654], [0.0649, 0.0641, 0.072, 0.6011, 0.0719, 0.0708, 0.0552], [0.0366, 0.0398, 0.0751, 0.7029, 0.0376, 0.0254, 0.0826], [0.0521, 0.0708, 0.0334, 0.6699, 0.0349, 0.071, 0.068], [0.0811, 0.0516, 0.0331, 0.6781, 0.0499, 0.0461, 0.0601], [0.0559, 0.0632, 0.021, 0.7151, 0.0891, 0.0384, 0.0172], [0.0724, 0.0369, 0.0268, 0.76, 0.0648, 0.0139, 0.0252], [0.0749, 0.0589, 0.0175, 0.7279, 0.0456, 0.0463, 0.0289], [0.0299, 0.0152, 0.0219, 0.7962, 0.0565, 0.0452, 0.0351], [0.0344, 0.0543, 0.09, 0.708, 0.0171, 0.0155, 0.0807], [0.0347, 0.0962, 0.028, 0.7361, 0.0604, 0.0254, 0.0191], [0.0844, 0.0493, 0.0802, 0.6062, 0.0729, 0.0356, 0.0713], [0.0459, 0.0707, 0.075, 0.7043, 0.0668, 0.0213, 0.016], [0.0591, 0.0462, 0.0541, 0.6994, 0.0671, 0.0471, 0.027], [0.0695, 0.0739, 0.0232, 0.7006, 0.0702, 0.0415, 0.0211], [0.0139, 0.0646, 0.0424, 0.7572, 0.0435, 0.0604, 0.018], [0.0176, 0.0199, 0.0253, 0.8026, 0.0805, 0.0122, 0.0419], [0.0816, 0.0257, 0.0238, 0.7261, 0.0842, 0.0389, 0.0197], [0.0551, 0.0789, 0.0609, 0.6691, 0.0352, 0.0196, 0.0813], [0.0533, 0.051, 0.0856, 0.6783, 0.0509, 0.0421, 0.0389], [0.069, 0.0614, 0.0526, 0.7151, 0.037, 0.0477, 0.0173], [0.0483, 0.0295, 0.0604, 0.6911, 0.0521, 0.0541, 0.0645], [0.05, 0.0358, 0.0792, 0.714, 0.0423, 0.0129, 0.0658], [0.0695, 0.0992, 0.0509, 0.6721, 0.0277, 0.0365, 0.044], [0.0874, 0.031, 0.044, 0.6503, 0.0813, 0.0185, 0.0875], [0.0736, 0.0227, 0.0307, 0.7623, 0.015, 0.0208, 0.075], [0.044, 0.0501, 0.0414, 0.7091, 0.0528, 0.0851, 0.0175], [0.0794, 0.0225, 0.053, 0.7349, 0.0407, 0.016, 0.0535], [0.0547, 0.0792, 0.0558, 0.6531, 0.0852, 0.0516, 0.0203], [0.0805, 0.014, 0.0135, 0.74, 0.0536, 0.0779, 0.0206], [0.0627, 0.0623, 0.0225, 0.7126, 0.0307, 0.0604, 0.0488], [0.0953, 0.0311, 0.0296, 0.7383, 0.0424, 0.0455, 0.0178]], "emotions": ["green", "green", "green", "green", "green", "green", "green", "green", "green", "green", "green", "green", "green", "green", "green", "green", "green", "green", "green", "green", "green", "green", "green", "green", "green", "green", "green", "green", "green", "green", "green", "green", "green", "green", "green", "green", "green", "green", "green", "green", "green", "green", "green", "green", "green", "green", "green", "green", "green", "green", "green", "green", "green", "green", "green", "green", "green", "green", "green", "green", "green", "green", "green", "green", "green", "green", "green", "green", "green", "green", "green", "green", "green", "green", "green", "green", "green", "green", "green", "green"], "timestamps": [0, 40, 80, 120, 160, 200, 240, 280, 320, 360, 400, 440, 480, 520, 560, 600, 640, 680, 720, 760, 800, 840, 880, 920, 960, 1000, 1040, 1080, 1120, 1160, 1200, 1240, 1280, 1320, 1360, 1400, 1440, 1480, 1520, 1560, 1600, 1640, 1680, 1720, 1760, 1800, 1840, 1880, 1920, 1960, 2000, 2040, 2080, 2120, 2160, 2200, 2240, 2280, 2320, 2360, 2400, 2440, 2480, 2520, 2560, 2600, 2640, 2680, 2720, 2760, 2800, 2840, 2880, 2920, 2960, 3000, 3040, 3080, 3120, 3160]}], "conversation": [], "conversation_timestamps": []}