{"agent_id": "agent-red-961", "type": "red", "trips": [{"trip_id": 0, "transport_method": "car", "start_time": 0, "path": [[1.5206379, 42.5327443], [1.5200988, 42.5324642], [1.5197418, 42.5319645], [1.5196438, 42.5314659], [1.5197658, 42.5308635], [1.5198023, 42.5310104], [1.5195369, 42.5315615], [1.5196054, 42.5315197], [1.5196774, 42.5309092], [1.5197233, 42.5302994], [1.5200371, 42.5299569], [1.520452, 42.529522], [1.5206604, 42.5289555], [1.520544, 42.5283568], [1.5201969, 42.5278517], [1.5199481, 42.5273086], [1.520209, 42.5267673], [1.5205321, 42.5262502], [1.5206015, 42.5256423], [1.5206211, 42.525028], [1.5207511, 42.5244343], [1.5210795, 42.523916], [1.5214784, 42.5234484], [1.5217776, 42.5229167], [1.5219964, 42.5223459], [1.5224212, 42.5219076], [1.5229308, 42.5215652], [1.5233405, 42.5211143], [1.5235458, 42.5205354], [1.5237477, 42.5199548], [1.5238283, 42.5198776], [1.5236425, 42.5204596], [1.5233865, 42.5210185], [1.5235434, 42.5206124], [1.5237706, 42.5200412], [1.5239978, 42.51947], [1.5242249, 42.5188989], [1.5246708, 42.5185434], [1.5251598, 42.5181844], [1.5256126, 42.5177724], [1.5260761, 42.5173885], [1.526583, 42.5170861], [1.527131, 42.5168526], [1.5276485, 42.5165363], [1.5282191, 42.5163229], [1.5287323, 42.5159936], [1.5291242, 42.5155217], [1.5295085, 42.5150472], [1.5299658, 42.51466], [1.5303916, 42.5142241], [1.530296, 42.5136438], [1.5304471, 42.5130562], [1.5307949, 42.5125494], [1.5309458, 42.5120036], [1.5304497, 42.5116639], [1.5299159, 42.5114216], [1.5294982, 42.5109932], [1.5295787, 42.5104934], [1.5292056, 42.5100261], [1.5287622, 42.5096003], [1.5286243, 42.5094857], [1.5290925, 42.5098754], [1.5292798, 42.5100986], [1.5288337, 42.5096757], [1.5283876, 42.5092527], [1.527931, 42.5088424], [1.5273912, 42.508554], [1.5267794, 42.5085164], [1.5261743, 42.5084175], [1.5256654, 42.5081605], [1.5250837, 42.5079634], [1.5244867, 42.5078179], [1.5238757, 42.507777], [1.5232631, 42.5078255], [1.5226704, 42.5077499], [1.522065, 42.5077245], [1.5215631, 42.5075216], [1.5209486, 42.5075039], [1.5203661, 42.5073681], [1.5199173, 42.5069588]], "mood_vectors": [[0.7453, 0.0555, 0.0197, 0.0387, 0.0416, 0.0272, 0.072], [0.7531, 0.0163, 0.0763, 0.047, 0.0545, 0.0213, 0.0316], [0.5765, 0.0791, 0.0548, 0.0891, 0.0678, 0.0666, 0.066], [0.6482, 0.0695, 0.0592, 0.0482, 0.0768, 0.0603, 0.0377], [0.6643, 0.0574, 0.0346, 0.0664, 0.0747, 0.0328, 0.0698], [0.7302, 0.0419, 0.0613, 0.0205, 0.0339, 0.0397, 0.0725], [0.6545, 0.0531, 0.0677, 0.0521, 0.0402, 0.0624, 0.07], [0.7469, 0.0268, 0.0641, 0.0176, 0.0661, 0.0399, 0.0386], [0.737, 0.0265, 0.0695, 0.0484, 0.0414, 0.0487, 0.0285], [0.6678, 0.037, 0.0486, 0.0495, 0.0696, 0.0562, 0.0714], [0.7216, 0.0678, 0.0539, 0.0127, 0.07, 0.028, 0.046], [0.6849, 0.0277, 0.0715, 0.088, 0.0227, 0.0374, 0.0679], [0.736, 0.0206, 0.0487, 0.0226, 0.0575, 0.0373, 0.0772], [0.6976, 0.0689, 0.033, 0.0184, 0.0958, 0.0334, 0.053], [0.6856, 0.0654, 0.0555, 0.0573, 0.0679, 0.0182, 0.0501], [0.7948, 0.0311, 0.0192, 0.0271, 0.0185, 0.0379, 0.0714], [0.7051, 0.0501, 0.0531, 0.0785, 0.0695, 0.0138, 0.0299], [0.7138, 0.0535, 0.034, 0.0483, 0.0628, 0.0311, 0.0564], [0.6947, 0.0574, 0.045, 0.0574, 0.0416, 0.0332, 0.0706], [0.727, 0.0741, 0.034, 0.0196, 0.0698, 0.0639, 0.0115], [0.7063, 0.0615, 0.0648, 0.0271, 0.0461, 0.0391, 0.0551], [0.7046, 0.0451, 0.0539, 0.0394, 0.0469, 0.0628, 0.0472], [0.6713, 0.0759, 0.0702, 0.0638, 0.025, 0.0592, 0.0346], [0.661, 0.0622, 0.0644, 0.0546, 0.0117, 0.0677, 0.0785], [0.7464, 0.0351, 0.0181, 0.0389, 0.0347, 0.0551, 0.0717], [0.6416, 0.0861, 0.0507, 0.082, 0.0346, 0.0479, 0.0571], [0.6557, 0.0476, 0.0627, 0.0173, 0.0689, 0.0659, 0.0819], [0.6543, 0.0291, 0.0842, 0.0201, 0.06, 0.0808, 0.0715], [0.5973, 0.0862, 0.0867, 0.0215, 0.0673, 0.0702, 0.0708], [0.6811, 0.0741, 0.0469, 0.0512, 0.058, 0.0731, 0.0155], [0.7229, 0.024, 0.0797, 0.0416, 0.0241, 0.0255, 0.0823], [0.7061, 0.074, 0.0207, 0.0428, 0.0535, 0.0423, 0.0605], [0.6669, 0.078, 0.0244, 0.0798, 0.0527, 0.0792, 0.0189], [0.7086, 0.0374, 0.0538, 0.0486, 0.0413, 0.0661, 0.0441], [0.7626, 0.0563, 0.0354, 0.0421, 0.0235, 0.0456, 0.0345], [0.7168, 0.0539, 0.0443, 0.0615, 0.0679, 0.0336, 0.0222], [0.7395, 0.0615, 0.0537, 0.0329, 0.0658, 0.0212, 0.0253], [0.7277, 0.0356, 0.0969, 0.0827, 0.016, 0.0194, 0.0217], [0.677, 0.0486, 0.0552, 0.0673, 0.0466, 0.0684, 0.0369], [0.7314, 0.0212, 0.0389, 0.0395, 0.0489, 0.0671, 0.0531], [0.6555, 0.064, 0.0873, 0.0759, 0.0534, 0.0398, 0.024], [0.6874, 0.0698, 0.0121, 0.0399, 0.0501, 0.0658, 0.0749], [0.7611, 0.0715, 0.0168, 0.0516, 0.0185, 0.0197, 0.0608], [0.6986, 0.0677, 0.0713, 0.0154, 0.0582, 0.0131, 0.0758], [0.7018, 0.0693, 0.018, 0.0421, 0.0205, 0.0915, 0.0569], [0.728, 0.0212, 0.0634, 0.0445, 0.0685, 0.0579, 0.0165], [0.7538, 0.0141, 0.0639, 0.0184, 0.0383, 0.0328, 0.0788], [0.7117, 0.0611, 0.0408, 0.0367, 0.0612, 0.069, 0.0195], [0.6463, 0.0904, 0.0393, 0.0419, 0.0932, 0.0562, 0.0326], [0.6608, 0.0639, 0.045, 0.0358, 0.0738, 0.0469, 0.0739], [0.7814, 0.0398, 0.0129, 0.0295, 0.07, 0.0245, 0.0418], [0.7531, 0.0205, 0.064, 0.0718, 0.0402, 0.023, 0.0274], [0.7301, 0.07, 0.0392, 0.0396, 0.0205, 0.048, 0.0526], [0.7073, 0.0501, 0.0517, 0.0315, 0.0673, 0.0676, 0.0246], [0.6775, 0.0278, 0.0386, 0.027, 0.0791, 0.0636, 0.0863], [0.6982, 0.0685, 0.0535, 0.0168, 0.0333, 0.0809, 0.0487], [0.6889, 0.0883, 0.0185, 0.0878, 0.0278, 0.0178, 0.0708], [0.6204, 0.0838, 0.0497, 0.0694, 0.0867, 0.0162, 0.0737], [0.7218, 0.0275, 0.0663, 0.0824, 0.0427, 0.0326, 0.0267], [0.7416, 0.0138, 0.0363, 0.0617, 0.0585, 0.0367, 0.0514], [0.6566, 0.0638, 0.0419, 0.0668, 0.068, 0.0447, 0.0582], [0.6463, 0.0382, 0.0172, 0.0809, 0.096, 0.0732, 0.0481], [0.6435, 0.0507, 0.0357, 0.051, 0.0479, 0.0774, 0.0938], [0.7665, 0.0281, 0.0509, 0.0483, 0.0468, 0.0252, 0.0341], [0.6816, 0.0246, 0.0501, 0.0551, 0.0606, 0.0429, 0.085], [0.7523, 0.0547, 0.0403, 0.0188, 0.0432, 0.0583, 0.0323], [0.7656, 0.031, 0.0268, 0.0591, 0.0487, 0.0345, 0.0343], [0.6331, 0.0893, 0.0447, 0.0262, 0.0887, 0.0444, 0.0736], [0.7301, 0.0352, 0.0216, 0.0313, 0.0707, 0.0751, 0.0359], [0.6971, 0.032, 0.0561, 0.0617, 0.0272, 0.0566, 0.0694], [0.6858, 0.0989, 0.047, 0.0476, 0.0191, 0.0643, 0.0374], [0.6406, 0.086, 0.0747, 0.0467, 0.0557, 0.0783, 0.018], [0.7134, 0.0313, 0.0178, 0.065, 0.0717, 0.0604, 0.0404], [0.6167, 0.0507, 0.0878, 0.075, 0.0585, 0.0677, 0.0436], [0.7598, 0.0437, 0.0291, 0.0206, 0.0578, 0.0611, 0.0278], [0.659, 0.0128, 0.0839, 0.0386, 0.0563, 0.067, 0.0822], [0.7026, 0.0504, 0.0601, 0.0615, 0.0449, 0.056, 0.0246], [0.6325, 0.0606, 0.0711, 0.0752, 0.0545, 0.0489, 0.0571], [0.6816, 0.0245, 0.072, 0.0746, 0.064, 0.0558, 0.0276], [0.602, 0.0683, 0.0704, 0.0451, 0.0369, 0.0894, 0.0879]], "emotions": ["red", "red", "red", "red", "red", "red", "red", "red", "red", "red", "red", "red", "red", "red", "red", "red", "red", "red", "red", "red", "red", "red", "red", "red", "red", "red", "red", "red", "red", "red", "red", "red", "red", "red", "red", "red", "red", "red", "red", "red", "red", "red", "red", "red", "red", "red", "red", "red", "red", "red", "red", "red", "red", "red", "red", "red", "red", "red", "red", "red", "red", "red", "red", "red", "red", "red", "red", "red", "red", "red", "red", "red", "red", "red", "red", "red", "red", "red", "red", "red"], "timestamps": [0, 40, 80, 120, 160, 200, 240, 280, 320, 360, 400, 440, 480, 520, 560, 600, 640, 680, 720, 760, 800, 840, 880, 920, 960, 1000, 1040, 1080, 1120, 1160, 1200, 1240, 1280, 1320, 1360, 1400, 1440, 1480, 1520, 1560, 1600, 1640, 1680, 1720, 1760, 1800, 1840, 1880, 1920, 1960, 2000, 2040, 2080, 2120, 2160, 2200, 2240, 2280, 2320, 2360, 2400, 2440, 2480, 2520, 2560, 2600, 2640, 2680, 2720, 2760, 2800, 2840, 2880, 2920, 2960, 3000, 3040, 3080, 3120, 3160]}], "conversation": [], "conversation_timestamps": []}