{"agent_id": "agent-blue-1420", "type": "blue", "trips": [{"trip_id": 0, "transport_method": "bicycle", "start_time": 0, "path": [[1.5146556, 42.5467219], [1.5152223, 42.5462459], [1.5152871, 42.5456044], [1.515558, 42.5452615], [1.5161979, 42.5448412], [1.5164829, 42.5441726], [1.5163597, 42.54472], [1.5165958, 42.5440037], [1.5171524, 42.5434923], [1.5172249, 42.5427823], [1.5176042, 42.5421182], [1.5181856, 42.5416624], [1.5188905, 42.5413634], [1.5193864, 42.5408488], [1.5193895, 42.5401403], [1.5194573, 42.5393776], [1.519383, 42.5393201], [1.5193855, 42.5400768], [1.5194576, 42.5394729], [1.5195351, 42.538711], [1.5197173, 42.5379742], [1.520013, 42.5372684], [1.5203845, 42.5366018], [1.5209615, 42.5361097], [1.5211573, 42.5355747], [1.5205681, 42.5350857], [1.5200175, 42.5345535], [1.5195165, 42.5339814], [1.5196701, 42.5332593], [1.5196979, 42.5325069], [1.5195828, 42.5317672], [1.5197348, 42.5310166], [1.5198032, 42.5310053], [1.5195488, 42.531705], [1.5196402, 42.5312248], [1.5197299, 42.5304644], [1.5200227, 42.5299632], [1.5205256, 42.5294085], [1.5206339, 42.5286709], [1.5203043, 42.5279927], [1.5199487, 42.5273348], [1.5202888, 42.5266714], [1.5205869, 42.5259808], [1.5206154, 42.5252156], [1.5207345, 42.524467], [1.5211512, 42.5238269], [1.521635, 42.5232345], [1.5219017, 42.52252], [1.5223825, 42.5219347], [1.5230127, 42.5215013], [1.5234643, 42.5208916], [1.5238335, 42.5202207], [1.5240008, 42.5194754], [1.5245544, 42.5189664], [1.5251641, 42.5185031], [1.5257512, 42.5180125], [1.5263669, 42.5175678], [1.527074, 42.5172741], [1.5277689, 42.5169526], [1.5284127, 42.5165666], [1.529129, 42.5166253], [1.5297748, 42.5162142], [1.5304413, 42.5158616], [1.5310507, 42.5154042], [1.5316613, 42.5149459], [1.5321988, 42.5144078], [1.5328365, 42.5139934], [1.5335665, 42.5137737], [1.5341257, 42.5133294], [1.5341732, 42.5134133], [1.5347815, 42.5129725], [1.5355076, 42.5127443], [1.5362124, 42.5124963], [1.536877, 42.5121325], [1.537538, 42.5117756], [1.5382322, 42.5114609], [1.5387924, 42.5109613], [1.5391014, 42.5103296], [1.5387609, 42.5097551], [1.5387835, 42.5089897]], "mood_vectors": [[0.0426, 0.0597, 0.0732, 0.6899, 0.0763, 0.0129, 0.0454], [0.0359, 0.0446, 0.0382, 0.7869, 0.0247, 0.0569, 0.0128], [0.0629, 0.0569, 0.041, 0.6679, 0.0454, 0.0653, 0.0606], [0.047, 0.062, 0.0979, 0.6562, 0.0218, 0.027, 0.0881], [0.013, 0.0586, 0.0499, 0.6985, 0.0748, 0.0583, 0.0469], [0.0682, 0.037, 0.0296, 0.7369, 0.0311, 0.0482, 0.0491], [0.0573, 0.0231, 0.0613, 0.7178, 0.0375, 0.0272, 0.0758], [0.0341, 0.0728, 0.0526, 0.6326, 0.0529, 0.0764, 0.0785], [0.0271, 0.0356, 0.0564, 0.7328, 0.0418, 0.0585, 0.0478], [0.0596, 0.0583, 0.041, 0.7138, 0.0196, 0.0647, 0.043], [0.0696, 0.0489, 0.0442, 0.6238, 0.0721, 0.0627, 0.0788], [0.0731, 0.0683, 0.0552, 0.7131, 0.0448, 0.0208, 0.0247], [0.0701, 0.0549, 0.033, 0.726, 0.0242, 0.0279, 0.064], [0.0823, 0.0186, 0.0447, 0.642, 0.0487, 0.0937, 0.0702], [0.0708, 0.0297, 0.0259, 0.724, 0.0695, 0.0255, 0.0546], [0.082, 0.0527, 0.0709, 0.6001, 0.0714, 0.0527, 0.0702], [0.0279, 0.0183, 0.0415, 0.8409, 0.0314, 0.0158, 0.0243], [0.0458, 0.0627, 0.0517, 0.7088, 0.0177, 0.0635, 0.0499], [0.0118, 0.024, 0.0392, 0.7541, 0.0786, 0.0301, 0.0621], [0.054, 0.0644, 0.0271, 0.6683, 0.0217, 0.0833, 0.0812], [0.0317, 0.0295, 0.0722, 0.6578, 0.0655, 0.0856, 0.0578], [0.0895, 0.0671, 0.0161, 0.7033, 0.0559, 0.037, 0.0311], [0.0264, 0.0357, 0.059, 0.7215, 0.0781, 0.0324, 0.0471], [0.0381, 0.0314, 0.077, 0.6665, 0.0854, 0.0605, 0.0411], [0.0672, 0.0722, 0.0285, 0.6746, 0.0324, 0.0741, 0.051], [0.0431, 0.0599, 0.0323, 0.7007, 0.0411, 0.0664, 0.0567], [0.0696, 0.0404, 0.0709, 0.7234, 0.046, 0.0179, 0.0319], [0.0292, 0.0539, 0.0253, 0.7593, 0.0609, 0.0205, 0.0509], [0.0556, 0.0524, 0.0197, 0.6784, 0.0703, 0.0658, 0.0577], [0.0372, 0.0571, 0.0645, 0.6811, 0.0704, 0.0315, 0.0581], [0.0249, 0.0736, 0.0388, 0.6869, 0.03, 0.0683, 0.0776], [0.0662, 0.0806, 0.0505, 0.6336, 0.0195, 0.0647, 0.0849], [0.0411, 0.0256, 0.0335, 0.7446, 0.0341, 0.0588, 0.0623], [0.0504, 0.0194, 0.035, 0.783, 0.0248, 0.0706, 0.0167], [0.0263, 0.0782, 0.0827, 0.6516, 0.0315, 0.053, 0.0767], [0.0453, 0.016, 0.0323, 0.7379, 0.045, 0.0719, 0.0516], [0.0626, 0.0502, 0.0232, 0.6673, 0.0542, 0.064, 0.0786], [0.0686, 0.0653, 0.0161, 0.6789, 0.0258, 0.0488, 0.0965], [0.0162, 0.0504, 0.0578, 0.7589, 0.0159, 0.0552, 0.0456], [0.0175, 0.0153, 0.0532, 0.7536, 0.0548, 0.0284, 0.0772], [0.0705, 0.0847, 0.0343, 0.651, 0.0144, 0.063, 0.082], [0.0712, 0.0707, 0.0569, 0.6241, 0.067, 0.0943, 0.0157], [0.0859, 0.0261, 0.0884, 0.6587, 0.032, 0.055, 0.0539], [0.0636, 0.0375, 0.0826, 0.6254, 0.099, 0.0764, 0.0156], [0.059, 0.0212, 0.0169, 0.7791, 0.0358, 0.0265, 0.0615], [0.0168, 0.036, 0.0934, 0.7285, 0.0315, 0.0743, 0.0195], [0.0304, 0.0424, 0.0401, 0.7066, 0.0692, 0.072, 0.0394], [0.0193, 0.0486, 0.0752, 0.758, 0.0536, 0.022, 0.0233], [0.0697, 0.0729, 0.073, 0.6317, 0.0499, 0.0545, 0.0482], [0.0313, 0.0697, 0.0273, 0.7362, 0.0359, 0.0417, 0.0579], [0.0241, 0.0799, 0.0342, 0.781, 0.0242, 0.041, 0.0156], [0.0527, 0.0207, 0.1112, 0.6958, 0.0196, 0.0461, 0.054], [0.0857, 0.0661, 0.0468, 0.6922, 0.0144, 0.0192, 0.0757], [0.0751, 0.0782, 0.0364, 0.7008, 0.0515, 0.0275, 0.0304], [0.0368, 0.0502, 0.0612, 0.6085, 0.0845, 0.0842, 0.0747], [0.0225, 0.0828, 0.0645, 0.6719, 0.0593, 0.0827, 0.0163], [0.0481, 0.0567, 0.0816, 0.7175, 0.0591, 0.0196, 0.0174], [0.0705, 0.0571, 0.0198, 0.6769, 0.0595, 0.0535, 0.0627], [0.0846, 0.0259, 0.0596, 0.6398, 0.0612, 0.0871, 0.0418], [0.0252, 0.0194, 0.0813, 0.7138, 0.0362, 0.0926, 0.0315], [0.0168, 0.0322, 0.059, 0.7034, 0.0479, 0.0749, 0.0659], [0.0202, 0.0187, 0.0466, 0.7409, 0.074, 0.0816, 0.0179], [0.0291, 0.0744, 0.0505, 0.6417, 0.0549, 0.0727, 0.0766], [0.0943, 0.0944, 0.0767, 0.5826, 0.0154, 0.0822, 0.0543], [0.065, 0.0464, 0.0247, 0.6695, 0.0451, 0.0797, 0.0696], [0.0418, 0.0349, 0.0854, 0.7055, 0.069, 0.022, 0.0415], [0.0446, 0.0331, 0.0583, 0.7472, 0.0825, 0.0159, 0.0185], [0.0837, 0.0798, 0.0618, 0.6647, 0.0318, 0.0164, 0.0618], [0.0789, 0.0386, 0.0905, 0.6422, 0.0716, 0.04, 0.0382], [0.0342, 0.0217, 0.0587, 0.721, 0.0672, 0.0258, 0.0714], [0.0873, 0.0296, 0.0127, 0.6805, 0.0525, 0.0564, 0.081], [0.0299, 0.0635, 0.0228, 0.734, 0.0682, 0.0419, 0.0398], [0.0857, 0.0417, 0.019, 0.7207, 0.0402, 0.0539, 0.0388], [0.0379, 0.0294, 0.0198, 0.7783, 0.0474, 0.0697, 0.0175], [0.0463, 0.03, 0.0759, 0.7702, 0.0211, 0.0349, 0.0215], [0.0179, 0.0741, 0.0581, 0.736, 0.0515, 0.0401, 0.0223], [0.0627, 0.0867, 0.0536, 0.6862, 0.0245, 0.0466, 0.0397], [0.0705, 0.0816, 0.0726, 0.5983, 0.048, 0.0494, 0.0797], [0.0565, 0.0796, 0.0404, 0.631, 0.0593, 0.0649, 0.0683], [0.0201, 0.0511, 0.0333, 0.7936, 0.0302, 0.0419, 0.0299]], "emotions": ["green", "green", "green", "green", "green", "green", "green", "green", "green", "green", "green", "green", "green", "green", "green", "green", "green", "green", "green", "green", "green", "green", "green", "green", "green", "green", "green", "green", "green", "green", "green", "green", "green", "green", "green", "green", "green", "green", "green", "green", "green", "green", "green", "green", "green", "green", "green", "green", "green", "green", "green", "green", "green", "green", "green", "green", "green", "green", "green", "green", "green", "green", "green", "green", "green", "green", "green", "green", "green", "green", "green", "green", "green", "green", "green", "green", "green", "green", "green", "green"], "timestamps": [0, 40, 80, 120, 160, 200, 240, 280, 320, 360, 400, 440, 480, 520, 560, 600, 640, 680, 720, 760, 800, 840, 880, 920, 960, 1000, 1040, 1080, 1120, 1160, 1200, 1240, 1280, 1320, 1360, 1400, 1440, 1480, 1520, 1560, 1600, 1640, 1680, 1720, 1760, 1800, 1840, 1880, 1920, 1960, 2000, 2040, 2080, 2120, 2160, 2200, 2240, 2280, 2320, 2360, 2400, 2440, 2480, 2520, 2560, 2600, 2640, 2680, 2720, 2760, 2800, 2840, 2880, 2920, 2960, 3000, 3040, 3080, 3120, 3160]}], "conversation": [], "conversation_timestamps": []}