{"agent_id": "agent-red-491", "type": "red", "trips": [{"trip_id": 0, "transport_method": "foot", "start_time": 0, "path": [[1.488603, 42.4619305], [1.4893759, 42.4613929], [1.4894671, 42.4626516], [1.4893309, 42.4632418], [1.4894763, 42.4617538], [1.4894918, 42.4624428], [1.4893768, 42.4639457], [1.4898951, 42.4651126], [1.4911345, 42.4659638], [1.4918539, 42.4670444], [1.4916941, 42.4683743], [1.49205, 42.4698258], [1.4915633, 42.471236], [1.4908522, 42.4725649], [1.4905284, 42.4740027], [1.4908381, 42.4754544], [1.4905671, 42.4768864], [1.4903311, 42.4783751], [1.4900951, 42.4798637], [1.4898591, 42.4813524], [1.4894905, 42.4810862], [1.4894031, 42.4795896], [1.4900823, 42.4782569], [1.4906179, 42.4768823], [1.4905448, 42.4775657], [1.4904257, 42.4790682], [1.4903067, 42.4805707], [1.4901877, 42.4820733], [1.4906141, 42.4834557], [1.4914856, 42.4845842], [1.492839, 42.4850683], [1.494083, 42.4859035], [1.4947305, 42.4871945], [1.495035, 42.4885847], [1.4960165, 42.4897286], [1.4964078, 42.4911308], [1.497649, 42.4919813], [1.4989772, 42.4926932], [1.5002071, 42.4935572], [1.5013209, 42.4944629], [1.5026836, 42.4951068], [1.5040913, 42.4956357], [1.5054519, 42.4962737], [1.5068779, 42.4967613], [1.5082782, 42.4973157], [1.5096326, 42.4979767], [1.5107664, 42.4989294], [1.5117014, 42.5001116], [1.5126071, 42.5013163], [1.5131297, 42.5020749], [1.5134618, 42.5025176], [1.5143129, 42.5033], [1.5153995, 42.5043446], [1.5166276, 42.5051787], [1.5179677, 42.5053925], [1.5194502, 42.5055809], [1.5208877, 42.5059303], [1.5223115, 42.5064226], [1.5237742, 42.5067778], [1.5252175, 42.5070632], [1.5266737, 42.5072333], [1.5251772, 42.5070594], [1.5266128, 42.5072165], [1.5278451, 42.5078536], [1.5288522, 42.5088197], [1.5295345, 42.5090512], [1.5309661, 42.5094381], [1.5323679, 42.5099335], [1.5336058, 42.5107824], [1.5347422, 42.5116952], [1.5355792, 42.5126733], [1.5367712, 42.512981], [1.5382386, 42.5126427], [1.5377369, 42.5127464], [1.5390468, 42.5123275], [1.5398286, 42.5124801], [1.5397461, 42.5125377], [1.541237, 42.5123395], [1.542732, 42.5123206], [1.5428606, 42.5128704]], "mood_vectors": [[0.6855, 0.0624, 0.0282, 0.034, 0.069, 0.0682, 0.0528], [0.6491, 0.055, 0.0714, 0.0123, 0.0621, 0.0817, 0.0684], [0.6372, 0.0756, 0.0268, 0.0778, 0.0284, 0.0764, 0.0778], [0.7651, 0.0387, 0.051, 0.0235, 0.0464, 0.0452, 0.0302], [0.7351, 0.0479, 0.0712, 0.0139, 0.0235, 0.0612, 0.0472], [0.8079, 0.0183, 0.0209, 0.0419, 0.0186, 0.0442, 0.0482], [0.6523, 0.0479, 0.0908, 0.0249, 0.065, 0.073, 0.0461], [0.6559, 0.0643, 0.0708, 0.0484, 0.0395, 0.0619, 0.0591], [0.7562, 0.0615, 0.0253, 0.0784, 0.0223, 0.0259, 0.0303], [0.7044, 0.068, 0.0483, 0.0701, 0.0168, 0.0412, 0.0513], [0.6821, 0.0485, 0.0541, 0.049, 0.063, 0.0358, 0.0676], [0.7301, 0.0289, 0.036, 0.0885, 0.0308, 0.0488, 0.0369], [0.701, 0.0151, 0.0709, 0.0177, 0.047, 0.0793, 0.0689], [0.6642, 0.0399, 0.0654, 0.0603, 0.0754, 0.0626, 0.0323], [0.7452, 0.0157, 0.044, 0.0577, 0.0354, 0.0493, 0.0528], [0.7008, 0.0486, 0.0229, 0.0652, 0.0558, 0.0881, 0.0186], [0.616, 0.0818, 0.03, 0.0844, 0.0765, 0.0563, 0.0551], [0.6621, 0.0144, 0.0628, 0.0351, 0.0801, 0.0747, 0.0708], [0.7083, 0.0305, 0.0242, 0.0584, 0.0522, 0.0668, 0.0595], [0.73, 0.0264, 0.0418, 0.0594, 0.0466, 0.0441, 0.0518], [0.6745, 0.0498, 0.0346, 0.0348, 0.0832, 0.0731, 0.0499], [0.7032, 0.0722, 0.0205, 0.0387, 0.0411, 0.0576, 0.0668], [0.6792, 0.0159, 0.0818, 0.0742, 0.0625, 0.0318, 0.0546], [0.6396, 0.0601, 0.0561, 0.0448, 0.0871, 0.0277, 0.0847], [0.7498, 0.0214, 0.0218, 0.0643, 0.0602, 0.0219, 0.0606], [0.6252, 0.0771, 0.0309, 0.0613, 0.0873, 0.0672, 0.0511], [0.8051, 0.0463, 0.0268, 0.0336, 0.0441, 0.0209, 0.0232], [0.6769, 0.0626, 0.0599, 0.0729, 0.0546, 0.0184, 0.0547], [0.6802, 0.041, 0.0593, 0.014, 0.0686, 0.0789, 0.0579], [0.7019, 0.0849, 0.0579, 0.0191, 0.0321, 0.0542, 0.0501], [0.774, 0.0415, 0.0241, 0.0356, 0.0214, 0.0661, 0.0372], [0.7163, 0.0502, 0.0573, 0.0241, 0.0237, 0.0637, 0.0647], [0.764, 0.0425, 0.0404, 0.0363, 0.0349, 0.062, 0.0199], [0.7748, 0.0338, 0.0281, 0.0476, 0.056, 0.0197, 0.0399], [0.6167, 0.0624, 0.0419, 0.0835, 0.0718, 0.0592, 0.0644], [0.7301, 0.0132, 0.0711, 0.0663, 0.0219, 0.0741, 0.0234], [0.6694, 0.0496, 0.0664, 0.0632, 0.0679, 0.0161, 0.0676], [0.6568, 0.0853, 0.0495, 0.0143, 0.0761, 0.0825, 0.0355], [0.7962, 0.0351, 0.0484, 0.0242, 0.0128, 0.0664, 0.0169], [0.6914, 0.0357, 0.0784, 0.0639, 0.0664, 0.0512, 0.013], [0.7377, 0.0297, 0.0347, 0.0654, 0.0532, 0.0309, 0.0485], [0.662, 0.0618, 0.0203, 0.0165, 0.0781, 0.0775, 0.0837], [0.6651, 0.0676, 0.0587, 0.0804, 0.0137, 0.0485, 0.0661], [0.7295, 0.0334, 0.0202, 0.035, 0.0553, 0.0506, 0.076], [0.6931, 0.0158, 0.0534, 0.0503, 0.0398, 0.0871, 0.0604], [0.722, 0.056, 0.0334, 0.0366, 0.0736, 0.0188, 0.0597], [0.7031, 0.0189, 0.0821, 0.0181, 0.0258, 0.0758, 0.0761], [0.6716, 0.0502, 0.0687, 0.0469, 0.0569, 0.0355, 0.0702], [0.6842, 0.0744, 0.0176, 0.0753, 0.0334, 0.0802, 0.0348], [0.7532, 0.0188, 0.0613, 0.0765, 0.0415, 0.019, 0.0297], [0.6903, 0.0279, 0.0602, 0.0588, 0.0437, 0.0403, 0.0788], [0.756, 0.0647, 0.0134, 0.0466, 0.0278, 0.076, 0.0155], [0.774, 0.0626, 0.0479, 0.0623, 0.027, 0.0126, 0.0135], [0.8035, 0.0143, 0.027, 0.0408, 0.033, 0.0565, 0.025], [0.6842, 0.0265, 0.0533, 0.0928, 0.034, 0.0634, 0.0459], [0.696, 0.0262, 0.0686, 0.0737, 0.0368, 0.0631, 0.0356], [0.7166, 0.0631, 0.0239, 0.051, 0.0812, 0.0261, 0.0381], [0.661, 0.0501, 0.0732, 0.0244, 0.0744, 0.0387, 0.0782], [0.7594, 0.0497, 0.048, 0.0748, 0.0342, 0.0132, 0.0207], [0.6917, 0.0204, 0.0368, 0.0793, 0.0293, 0.071, 0.0714], [0.7385, 0.0487, 0.0344, 0.0643, 0.023, 0.0596, 0.0315], [0.7281, 0.0318, 0.069, 0.02, 0.0699, 0.0516, 0.0297], [0.6391, 0.0681, 0.0269, 0.0516, 0.0721, 0.084, 0.0582], [0.7647, 0.0206, 0.032, 0.0414, 0.0399, 0.0287, 0.0727], [0.6613, 0.0827, 0.0784, 0.0487, 0.0228, 0.0691, 0.037], [0.7322, 0.0754, 0.0284, 0.0685, 0.0416, 0.0143, 0.0395], [0.6626, 0.0433, 0.0296, 0.0607, 0.0531, 0.074, 0.0766], [0.7396, 0.0448, 0.0271, 0.0751, 0.0691, 0.0119, 0.0323], [0.6247, 0.0294, 0.0652, 0.0585, 0.0701, 0.0674, 0.0848], [0.7183, 0.0793, 0.056, 0.042, 0.0248, 0.0349, 0.0446], [0.7001, 0.0761, 0.0749, 0.0558, 0.0607, 0.0173, 0.0152], [0.6634, 0.0358, 0.0375, 0.0783, 0.0871, 0.0274, 0.0705], [0.7437, 0.0201, 0.0457, 0.0541, 0.0998, 0.0153, 0.0212], [0.6349, 0.0308, 0.0741, 0.0654, 0.0722, 0.075, 0.0476], [0.6746, 0.0816, 0.0546, 0.0646, 0.0239, 0.0201, 0.0806], [0.6687, 0.0814, 0.0267, 0.0617, 0.0585, 0.0476, 0.0554], [0.7306, 0.0568, 0.0583, 0.0599, 0.0175, 0.0566, 0.0204], [0.6775, 0.0656, 0.0672, 0.0687, 0.0482, 0.0312, 0.0416], [0.6832, 0.0407, 0.0314, 0.0943, 0.0798, 0.0237, 0.0469], [0.7143, 0.051, 0.05, 0.0329, 0.0264, 0.0485, 0.0769]], "emotions": ["red", "red", "red", "red", "red", "red", "red", "red", "red", "red", "red", "red", "red", "red", "red", "red", "red", "red", "red", "red", "red", "red", "red", "red", "red", "red", "red", "red", "red", "red", "red", "red", "red", "red", "red", "red", "red", "red", "red", "red", "red", "red", "red", "red", "red", "red", "red", "red", "red", "red", "red", "red", "red", "red", "red", "red", "red", "red", "red", "red", "red", "red", "red", "red", "red", "red", "red", "red", "red", "red", "red", "red", "red", "red", "red", "red", "red", "red", "red", "red"], "timestamps": [0, 40, 80, 120, 160, 200, 240, 280, 320, 360, 400, 440, 480, 520, 560, 600, 640, 680, 720, 760, 800, 840, 880, 920, 960, 1000, 1040, 1080, 1120, 1160, 1200, 1240, 1280, 1320, 1360, 1400, 1440, 1480, 1520, 1560, 1600, 1640, 1680, 1720, 1760, 1800, 1840, 1880, 1920, 1960, 2000, 2040, 2080, 2120, 2160, 2200, 2240, 2280, 2320, 2360, 2400, 2440, 2480, 2520, 2560, 2600, 2640, 2680, 2720, 2760, 2800, 2840, 2880, 2920, 2960, 3000, 3040, 3080, 3120, 3160]}], "conversation": [], "conversation_timestamps": []}