{"agent_id": "agent-purple-359", "type": "purple", "trips": [{"trip_id": 0, "transport_method": "bus", "start_time": 0, "path": [[1.5319214, 42.5058608], [1.5324129, 42.5062424], [1.5321219, 42.5068125], [1.5326249, 42.5073143], [1.5332714, 42.5076037], [1.5338701, 42.5079894], [1.5340988, 42.508597], [1.5340663, 42.5089529], [1.5339459, 42.5096508], [1.5336146, 42.510211], [1.53312, 42.5106984], [1.5326835, 42.5112599], [1.5321558, 42.5117362], [1.5315555, 42.5121165], [1.530915, 42.5124276], [1.5302687, 42.5127271], [1.5296151, 42.5130103], [1.528961, 42.5132921], [1.5283109, 42.5135835], [1.5276609, 42.5138748], [1.5270179, 42.5141811], [1.5263857, 42.5145085], [1.5257956, 42.5149051], [1.5252764, 42.515392], [1.5248334, 42.515948], [1.5245057, 42.5165795], [1.5242539, 42.5172453], [1.5241099, 42.5179407], [1.5240091, 42.5186458], [1.523898, 42.5193486], [1.5237983, 42.5200536], [1.5235263, 42.5207103], [1.523189, 42.5213345], [1.5226305, 42.5217718], [1.5220852, 42.5222228], [1.5217921, 42.5228642], [1.5214497, 42.5234808], [1.520996, 42.5240293], [1.5206652, 42.5246559], [1.5206109, 42.5253638], [1.5205754, 42.5260749], [1.520263, 42.5267037], [1.519948, 42.5273227], [1.5202646, 42.5279406], [1.5206143, 42.5285538], [1.5206006, 42.5292538], [1.5202171, 42.5298506], [1.5196941, 42.5301959], [1.5198185, 42.5308809], [1.5195519, 42.531532], [1.5196141, 42.5322269], [1.5197367, 42.5329213], [1.5195169, 42.5335897], [1.5196949, 42.5342335], [1.5202018, 42.5347339], [1.5207234, 42.5352186], [1.5212611, 42.5356834], [1.5208791, 42.5361617], [1.5203583, 42.5366372], [1.5200157, 42.5372595], [1.5197407, 42.5379159], [1.5195171, 42.5385905], [1.5193937, 42.5392865], [1.5193827, 42.5399882], [1.5194275, 42.5406491], [1.5191106, 42.541234], [1.518463, 42.5415305], [1.5180595, 42.5417157], [1.5187156, 42.5414384], [1.5189374, 42.5413166], [1.5182936, 42.5416214], [1.5176935, 42.5419866], [1.5173226, 42.5425935], [1.5169389, 42.5431784], [1.5164322, 42.5436112], [1.5158197, 42.5432612], [1.5152257, 42.5429004], [1.5152966, 42.5425597], [1.5159434, 42.5422613], [1.5164374, 42.5417501]], "mood_vectors": [[0.0356, 0.05, 0.0685, 0.0614, 0.0331, 0.7251, 0.0264], [0.0643, 0.06, 0.0429, 0.0211, 0.0435, 0.7374, 0.0307], [0.0232, 0.0552, 0.0361, 0.0659, 0.0314, 0.7208, 0.0674], [0.0823, 0.0625, 0.0635, 0.07, 0.0735, 0.5641, 0.0841], [0.0421, 0.0221, 0.0422, 0.0792, 0.0143, 0.7243, 0.0759], [0.0395, 0.0169, 0.0698, 0.0244, 0.0706, 0.7642, 0.0146], [0.0256, 0.0479, 0.0352, 0.0548, 0.0237, 0.7835, 0.0292], [0.044, 0.0559, 0.0262, 0.0765, 0.0765, 0.6582, 0.0627], [0.0673, 0.0625, 0.0295, 0.0768, 0.0836, 0.6376, 0.0426], [0.0265, 0.0137, 0.0844, 0.0383, 0.0796, 0.6925, 0.065], [0.0749, 0.0814, 0.0295, 0.0497, 0.0922, 0.6387, 0.0336], [0.0861, 0.0855, 0.0317, 0.0283, 0.0198, 0.6642, 0.0844], [0.0494, 0.0266, 0.0656, 0.0109, 0.0426, 0.7452, 0.0598], [0.0245, 0.0926, 0.0832, 0.0592, 0.0136, 0.6464, 0.0806], [0.0557, 0.0378, 0.075, 0.0507, 0.0189, 0.7275, 0.0344], [0.053, 0.0265, 0.0846, 0.0885, 0.066, 0.6571, 0.0243], [0.0117, 0.0721, 0.0647, 0.0307, 0.0623, 0.7189, 0.0396], [0.049, 0.0357, 0.0631, 0.0653, 0.0683, 0.6783, 0.0403], [0.047, 0.0236, 0.0583, 0.0646, 0.0238, 0.728, 0.0548], [0.0307, 0.0633, 0.0343, 0.0563, 0.0275, 0.7723, 0.0157], [0.0365, 0.014, 0.0326, 0.0138, 0.0352, 0.7896, 0.0783], [0.0479, 0.0193, 0.0877, 0.0599, 0.0936, 0.6143, 0.0772], [0.0527, 0.0534, 0.0303, 0.047, 0.0562, 0.6945, 0.0659], [0.055, 0.0739, 0.0895, 0.0348, 0.0622, 0.5997, 0.085], [0.0626, 0.0596, 0.0124, 0.0724, 0.0635, 0.691, 0.0386], [0.0593, 0.0343, 0.0146, 0.0565, 0.0203, 0.744, 0.071], [0.0368, 0.0603, 0.0794, 0.0564, 0.071, 0.6367, 0.0594], [0.0763, 0.0813, 0.0748, 0.0675, 0.0298, 0.608, 0.0625], [0.0647, 0.0564, 0.0834, 0.0541, 0.0291, 0.6277, 0.0846], [0.0253, 0.0471, 0.0384, 0.0542, 0.0177, 0.7445, 0.0727], [0.0467, 0.0206, 0.0675, 0.0555, 0.0597, 0.6956, 0.0544], [0.026, 0.0399, 0.0422, 0.0571, 0.0561, 0.7193, 0.0594], [0.0243, 0.0257, 0.0628, 0.0333, 0.0542, 0.7314, 0.0684], [0.0597, 0.0858, 0.0367, 0.086, 0.0659, 0.6255, 0.0402], [0.0593, 0.0731, 0.0327, 0.0262, 0.0722, 0.66, 0.0765], [0.0386, 0.0327, 0.0726, 0.0603, 0.0783, 0.6879, 0.0296], [0.0767, 0.0372, 0.0249, 0.0725, 0.0191, 0.7121, 0.0575], [0.0442, 0.0611, 0.0742, 0.0146, 0.0325, 0.6879, 0.0855], [0.0626, 0.0572, 0.0479, 0.0471, 0.0419, 0.7219, 0.0214], [0.0745, 0.0445, 0.0814, 0.0342, 0.0333, 0.6905, 0.0417], [0.0404, 0.0533, 0.0306, 0.0573, 0.0336, 0.7324, 0.0523], [0.0173, 0.0418, 0.0701, 0.104, 0.0371, 0.6976, 0.0321], [0.0791, 0.02, 0.0544, 0.0596, 0.0295, 0.7086, 0.0489], [0.0195, 0.0437, 0.0589, 0.0271, 0.0433, 0.7057, 0.1019], [0.0265, 0.072, 0.0232, 0.0791, 0.0491, 0.7204, 0.0297], [0.0127, 0.058, 0.0832, 0.0295, 0.0414, 0.6976, 0.0776], [0.0695, 0.0546, 0.0215, 0.0766, 0.0716, 0.6762, 0.0299], [0.0216, 0.0659, 0.0291, 0.0909, 0.0431, 0.7082, 0.0412], [0.0777, 0.0784, 0.0809, 0.0537, 0.0624, 0.6018, 0.0449], [0.0315, 0.0323, 0.0143, 0.0796, 0.0206, 0.7908, 0.0309], [0.0325, 0.0813, 0.0263, 0.0423, 0.0911, 0.6463, 0.0801], [0.0477, 0.0481, 0.0376, 0.0656, 0.067, 0.6695, 0.0645], [0.0618, 0.0648, 0.0243, 0.0381, 0.026, 0.7342, 0.0509], [0.0319, 0.0549, 0.0604, 0.066, 0.0332, 0.6983, 0.0553], [0.0446, 0.0775, 0.0185, 0.0651, 0.0283, 0.7133, 0.0526], [0.0527, 0.0325, 0.0464, 0.0569, 0.0735, 0.7122, 0.0258], [0.024, 0.0541, 0.0334, 0.0722, 0.0585, 0.7027, 0.055], [0.036, 0.0392, 0.0561, 0.0196, 0.0546, 0.7392, 0.0552], [0.0203, 0.0287, 0.0663, 0.0371, 0.0248, 0.7626, 0.0603], [0.0394, 0.0518, 0.0512, 0.0899, 0.0875, 0.6515, 0.0288], [0.0269, 0.0386, 0.0327, 0.0653, 0.0557, 0.7423, 0.0385], [0.0653, 0.0209, 0.0761, 0.0179, 0.0166, 0.7611, 0.042], [0.0167, 0.0441, 0.0139, 0.0452, 0.0785, 0.7285, 0.0732], [0.0521, 0.0284, 0.0787, 0.0945, 0.0866, 0.5889, 0.0709], [0.0232, 0.0942, 0.0355, 0.0447, 0.0184, 0.7022, 0.0817], [0.0701, 0.0534, 0.0184, 0.0363, 0.0395, 0.7637, 0.0187], [0.0678, 0.0194, 0.0205, 0.0673, 0.0401, 0.7279, 0.057], [0.0557, 0.0793, 0.0278, 0.0257, 0.0548, 0.6866, 0.0702], [0.0904, 0.0838, 0.0199, 0.0239, 0.0731, 0.6803, 0.0286], [0.0818, 0.0735, 0.0379, 0.0168, 0.0673, 0.6411, 0.0816], [0.0727, 0.0823, 0.0203, 0.0738, 0.0189, 0.6785, 0.0534], [0.0586, 0.0458, 0.044, 0.0409, 0.0204, 0.7661, 0.0242], [0.0179, 0.03, 0.0799, 0.0433, 0.0397, 0.7511, 0.0381], [0.053, 0.0225, 0.0516, 0.0192, 0.0212, 0.7901, 0.0425], [0.038, 0.0305, 0.0437, 0.0229, 0.0646, 0.7401, 0.0601], [0.0154, 0.0654, 0.0388, 0.068, 0.0627, 0.6772, 0.0725], [0.0203, 0.0134, 0.0757, 0.0138, 0.0145, 0.8193, 0.043], [0.0745, 0.0972, 0.0394, 0.0173, 0.0846, 0.6229, 0.0642], [0.0725, 0.0186, 0.0283, 0.0687, 0.0768, 0.6722, 0.0629], [0.0627, 0.0516, 0.0652, 0.0161, 0.0629, 0.7076, 0.0339]], "emotions": ["purple", "purple", "purple", "purple", "purple", "purple", "purple", "purple", "purple", "purple", "purple", "purple", "purple", "purple", "purple", "purple", "purple", "purple", "purple", "purple", "purple", "purple", "purple", "purple", "purple", "purple", "purple", "purple", "purple", "purple", "purple", "purple", "purple", "purple", "purple", "purple", "purple", "purple", "purple", "purple", "purple", "purple", "purple", "purple", "purple", "purple", "purple", "purple", "purple", "purple", "purple", "purple", "purple", "purple", "purple", "purple", "purple", "purple", "purple", "purple", "purple", "purple", "purple", "purple", "purple", "purple", "purple", "purple", "purple", "purple", "purple", "purple", "purple", "purple", "purple", "purple", "purple", "purple", "purple", "purple"], "timestamps": [0, 40, 80, 120, 160, 200, 240, 280, 320, 360, 400, 440, 480, 520, 560, 600, 640, 680, 720, 760, 800, 840, 880, 920, 960, 1000, 1040, 1080, 1120, 1160, 1200, 1240, 1280, 1320, 1360, 1400, 1440, 1480, 1520, 1560, 1600, 1640, 1680, 1720, 1760, 1800, 1840, 1880, 1920, 1960, 2000, 2040, 2080, 2120, 2160, 2200, 2240, 2280, 2320, 2360, 2400, 2440, 2480, 2520, 2560, 2600, 2640, 2680, 2720, 2760, 2800, 2840, 2880, 2920, 2960, 3000, 3040, 3080, 3120, 3160]}], "conversation": [], "conversation_timestamps": []}