{"agent_id": "agent-green-1552", "type": "green", "trips": [{"trip_id": 0, "transport_method": "foot", "start_time": 0, "path": [[1.5397131, 42.5105467], [1.5392428, 42.5106063], [1.5388075, 42.5108123], [1.5385226, 42.5111665], [1.5381904, 42.5114773], [1.5377618, 42.5116953], [1.5373065, 42.5118535], [1.5369095, 42.5121109], [1.5365074, 42.5123667], [1.5360613, 42.5125493], [1.535629, 42.5127247], [1.5351571, 42.512819], [1.534712, 42.5130039], [1.5342825, 42.5131111], [1.5340289, 42.513519], [1.5336333, 42.513751], [1.5331691, 42.5138784], [1.532722, 42.5140521], [1.5323248, 42.5143245], [1.5319638, 42.5146309], [1.5316278, 42.5149756], [1.5312536, 42.51528], [1.5312161, 42.5153059], [1.5308294, 42.5155944], [1.5304323, 42.515866], [1.529991, 42.5160488], [1.5295984, 42.5163267], [1.5291926, 42.5165877], [1.5287418, 42.5167055], [1.528322, 42.5166503], [1.5279124, 42.5168866], [1.5274748, 42.5170899], [1.5270361, 42.5172905], [1.5265912, 42.5174772], [1.5261534, 42.5176772], [1.5257828, 42.5179839], [1.5254218, 42.5183037], [1.5250401, 42.5185989], [1.524656, 42.5188908], [1.5242688, 42.5191788], [1.5239844, 42.5195461], [1.5238982, 42.5200206], [1.5237026, 42.5204591], [1.5234698, 42.5208817], [1.5232197, 42.5212936], [1.5228645, 42.521617], [1.5224605, 42.52188], [1.522103, 42.522201], [1.5218603, 42.5226156], [1.5217169, 42.5230755], [1.5214532, 42.5234769], [1.5211385, 42.5238425], [1.5208602, 42.524236], [1.5206603, 42.5246729], [1.5207191, 42.5251367], [1.5207852, 42.5256046], [1.5207832, 42.5260859], [1.520612, 42.5265346], [1.5205892, 42.5270005], [1.5206353, 42.5274711], [1.5209365, 42.5278422], [1.5210423, 42.5283031], [1.5213399, 42.5286523], [1.5215683, 42.5290652], [1.5219926, 42.5292823], [1.5217995, 42.5296847], [1.5214436, 42.5300045], [1.5212571, 42.5304377], [1.5213213, 42.5307765], [1.5210606, 42.5311798], [1.5208731, 42.5316203], [1.5210885, 42.5320476], [1.5213178, 42.5324721], [1.521247, 42.5329139], [1.52157, 42.5331124], [1.5219359, 42.5328935], [1.5222132, 42.5325177], [1.5225199, 42.5326304], [1.5226317, 42.5330192], [1.5224494, 42.5334561]], "mood_vectors": [[0.0693, 0.0168, 0.0478, 0.0504, 0.0562, 0.0585, 0.701], [0.0577, 0.0634, 0.0505, 0.0681, 0.057, 0.0279, 0.6754], [0.0662, 0.0424, 0.0633, 0.065, 0.0459, 0.0304, 0.6867], [0.0346, 0.0588, 0.0864, 0.0357, 0.0476, 0.0129, 0.724], [0.0629, 0.0736, 0.0379, 0.0827, 0.056, 0.0246, 0.6623], [0.0202, 0.0772, 0.0505, 0.0412, 0.0409, 0.0146, 0.7554], [0.0197, 0.0724, 0.0157, 0.0305, 0.0753, 0.0408, 0.7457], [0.0771, 0.035, 0.0652, 0.0666, 0.052, 0.0159, 0.6882], [0.0682, 0.0296, 0.0591, 0.0707, 0.0798, 0.0848, 0.6079], [0.0539, 0.0557, 0.0308, 0.0183, 0.0169, 0.0266, 0.7977], [0.0578, 0.0191, 0.0566, 0.0501, 0.0674, 0.0604, 0.6886], [0.0682, 0.0715, 0.0207, 0.0836, 0.0715, 0.0288, 0.6556], [0.0314, 0.0541, 0.0593, 0.0568, 0.0583, 0.072, 0.6681], [0.027, 0.0864, 0.0756, 0.0418, 0.0809, 0.0583, 0.6299], [0.0174, 0.0208, 0.0576, 0.0284, 0.0407, 0.0733, 0.7619], [0.0174, 0.0445, 0.0141, 0.0145, 0.0771, 0.0357, 0.7965], [0.0704, 0.0597, 0.0272, 0.0543, 0.0421, 0.0962, 0.6502], [0.0261, 0.0202, 0.0777, 0.079, 0.0174, 0.0704, 0.7093], [0.0395, 0.0245, 0.049, 0.0138, 0.0533, 0.0611, 0.7588], [0.045, 0.0139, 0.048, 0.0421, 0.0187, 0.0897, 0.7425], [0.0155, 0.0567, 0.0544, 0.0369, 0.0669, 0.0417, 0.728], [0.0511, 0.0396, 0.059, 0.0191, 0.033, 0.0243, 0.7739], [0.0269, 0.0425, 0.0523, 0.0286, 0.0346, 0.0471, 0.7679], [0.0256, 0.0787, 0.0657, 0.0582, 0.0741, 0.0152, 0.6826], [0.0191, 0.035, 0.0576, 0.0404, 0.0675, 0.0339, 0.7464], [0.0801, 0.0577, 0.0149, 0.052, 0.0544, 0.0745, 0.6663], [0.0447, 0.021, 0.0304, 0.0142, 0.0526, 0.0586, 0.7785], [0.0386, 0.0542, 0.0448, 0.0601, 0.0628, 0.0509, 0.6886], [0.0401, 0.0214, 0.0856, 0.0773, 0.069, 0.0883, 0.6183], [0.0202, 0.0666, 0.0219, 0.0863, 0.0328, 0.0696, 0.7026], [0.0341, 0.0401, 0.0434, 0.0388, 0.014, 0.0766, 0.753], [0.0406, 0.0172, 0.0275, 0.0285, 0.0175, 0.0519, 0.8168], [0.0722, 0.0643, 0.0111, 0.0333, 0.0737, 0.0384, 0.7069], [0.0618, 0.0704, 0.0679, 0.0814, 0.0869, 0.0564, 0.5753], [0.0481, 0.0271, 0.085, 0.0177, 0.0594, 0.0825, 0.6802], [0.048, 0.0362, 0.0233, 0.0291, 0.08, 0.047, 0.7365], [0.0434, 0.0135, 0.0763, 0.0603, 0.0607, 0.0629, 0.6829], [0.0739, 0.0386, 0.0368, 0.0448, 0.0762, 0.0727, 0.6569], [0.0805, 0.079, 0.028, 0.0257, 0.0271, 0.012, 0.7477], [0.0343, 0.0348, 0.0935, 0.0524, 0.0572, 0.0681, 0.6595], [0.0573, 0.0379, 0.0921, 0.0223, 0.0155, 0.0278, 0.747], [0.0512, 0.0857, 0.0431, 0.031, 0.0376, 0.045, 0.7064], [0.0708, 0.0361, 0.0612, 0.0299, 0.0731, 0.0155, 0.7136], [0.0635, 0.0321, 0.0761, 0.032, 0.038, 0.0487, 0.7095], [0.0139, 0.0463, 0.0556, 0.0296, 0.0887, 0.0191, 0.7468], [0.0383, 0.0782, 0.0436, 0.0347, 0.0369, 0.0801, 0.6883], [0.0234, 0.0186, 0.0753, 0.0438, 0.0257, 0.0492, 0.7641], [0.0238, 0.067, 0.0345, 0.0143, 0.0494, 0.0818, 0.7292], [0.0379, 0.0461, 0.0363, 0.0454, 0.052, 0.0256, 0.7567], [0.0854, 0.0387, 0.0302, 0.0325, 0.0282, 0.0653, 0.7198], [0.0698, 0.0772, 0.0203, 0.0785, 0.0569, 0.0675, 0.6297], [0.0314, 0.0141, 0.0597, 0.0181, 0.0357, 0.0687, 0.7723], [0.0507, 0.0569, 0.0535, 0.0159, 0.0563, 0.066, 0.7007], [0.0757, 0.0682, 0.041, 0.0484, 0.053, 0.0631, 0.6506], [0.0967, 0.0478, 0.0609, 0.0307, 0.0409, 0.0177, 0.7054], [0.039, 0.0133, 0.0613, 0.0304, 0.0546, 0.04, 0.7614], [0.0343, 0.0527, 0.0628, 0.0492, 0.0751, 0.0429, 0.683], [0.0559, 0.0635, 0.0684, 0.0327, 0.0356, 0.0346, 0.7093], [0.0562, 0.0595, 0.0622, 0.0312, 0.0456, 0.0697, 0.6756], [0.0486, 0.0117, 0.0704, 0.0329, 0.0663, 0.0263, 0.7437], [0.0612, 0.0503, 0.0516, 0.0142, 0.0373, 0.0485, 0.7368], [0.0295, 0.0673, 0.0311, 0.0372, 0.0691, 0.0212, 0.7445], [0.0234, 0.0804, 0.0462, 0.0743, 0.0448, 0.0315, 0.6995], [0.0414, 0.0457, 0.0711, 0.0221, 0.0792, 0.072, 0.6686], [0.051, 0.0667, 0.0775, 0.0854, 0.0444, 0.056, 0.619], [0.033, 0.0171, 0.0493, 0.0246, 0.0482, 0.057, 0.7708], [0.0642, 0.0229, 0.0657, 0.0379, 0.0406, 0.0485, 0.7201], [0.0415, 0.0692, 0.0533, 0.0384, 0.034, 0.0467, 0.7169], [0.0542, 0.0613, 0.055, 0.0298, 0.0709, 0.012, 0.7168], [0.0485, 0.058, 0.0448, 0.0595, 0.0262, 0.0616, 0.7014], [0.0338, 0.0383, 0.0718, 0.0503, 0.052, 0.0483, 0.7055], [0.0565, 0.0879, 0.0334, 0.0268, 0.0772, 0.0542, 0.6641], [0.0277, 0.0658, 0.0328, 0.0558, 0.0596, 0.0501, 0.7081], [0.0185, 0.0169, 0.0716, 0.0475, 0.0549, 0.0244, 0.7662], [0.0141, 0.0379, 0.0606, 0.0676, 0.0421, 0.0727, 0.705], [0.0761, 0.0732, 0.0198, 0.0772, 0.0528, 0.0509, 0.6501], [0.0481, 0.0158, 0.0721, 0.0155, 0.0504, 0.031, 0.7671], [0.0706, 0.0363, 0.0739, 0.0758, 0.0468, 0.0435, 0.6531], [0.0947, 0.051, 0.0407, 0.0714, 0.0228, 0.0542, 0.6653], [0.0628, 0.0516, 0.0721, 0.0175, 0.088, 0.0373, 0.6707]], "emotions": ["purple", "purple", "purple", "purple", "purple", "purple", "purple", "purple", "purple", "purple", "purple", "purple", "purple", "purple", "purple", "purple", "purple", "purple", "purple", "purple", "purple", "purple", "purple", "purple", "purple", "purple", "purple", "purple", "purple", "purple", "purple", "purple", "purple", "purple", "purple", "purple", "purple", "purple", "purple", "purple", "purple", "purple", "purple", "purple", "purple", "purple", "purple", "purple", "purple", "purple", "purple", "purple", "purple", "purple", "purple", "purple", "purple", "purple", "purple", "purple", "purple", "purple", "purple", "purple", "purple", "purple", "purple", "purple", "purple", "purple", "purple", "purple", "purple", "purple", "purple", "purple", "purple", "purple", "purple", "purple"], "timestamps": [0, 40, 80, 120, 160, 200, 240, 280, 320, 360, 400, 440, 480, 520, 560, 600, 640, 680, 720, 760, 800, 840, 880, 920, 960, 1000, 1040, 1080, 1120, 1160, 1200, 1240, 1280, 1320, 1360, 1400, 1440, 1480, 1520, 1560, 1600, 1640, 1680, 1720, 1760, 1800, 1840, 1880, 1920, 1960, 2000, 2040, 2080, 2120, 2160, 2200, 2240, 2280, 2320, 2360, 2400, 2440, 2480, 2520, 2560, 2600, 2640, 2680, 2720, 2760, 2800, 2840, 2880, 2920, 2960, 3000, 3040, 3080, 3120, 3160]}], "conversation": [], "conversation_timestamps": []}