{"agent_id": "agent-orange-1233", "type": "orange", "trips": [{"trip_id": 0, "transport_method": "foot", "start_time": 0, "path": [[1.5422016, 42.5100342], [1.5419146, 42.5107118], [1.5417722, 42.5114396], [1.5410814, 42.5116699], [1.5403802, 42.5119133], [1.5396951, 42.5122189], [1.5389643, 42.5123772], [1.5382773, 42.5126632], [1.5375295, 42.5127927], [1.5368006, 42.5130043], [1.5360928, 42.5132772], [1.5353512, 42.5134122], [1.5346008, 42.5135321], [1.5338556, 42.5136754], [1.5331273, 42.5138859], [1.532453, 42.5142245], [1.5318894, 42.5147184], [1.5313254, 42.5152251], [1.5310662, 42.5154177], [1.5304486, 42.5158581], [1.5297867, 42.5162069], [1.5291462, 42.5166156], [1.5284363, 42.5165766], [1.5277975, 42.5169393], [1.5271083, 42.5172593], [1.5264068, 42.5175511], [1.5257875, 42.5179795], [1.5252075, 42.5184695], [1.5246031, 42.5189301], [1.5240248, 42.5194134], [1.5238597, 42.5201531], [1.5235021, 42.520823], [1.5230775, 42.5214477], [1.5224562, 42.521883], [1.5219457, 42.5224349], [1.5216836, 42.5231453], [1.5212193, 42.5237437], [1.5207872, 42.5243667], [1.5207069, 42.5250828], [1.5207857, 42.5258263], [1.5206045, 42.5265497], [1.5205866, 42.5272931], [1.5209781, 42.5279203], [1.5212425, 42.5285893], [1.5216989, 42.5291524], [1.5218289, 42.5296523], [1.5213331, 42.5302012], [1.5213014, 42.5307969], [1.520927, 42.5314531], [1.5211347, 42.5321371], [1.5213104, 42.5328313], [1.5217006, 42.5330086], [1.5221864, 42.5325354], [1.5225487, 42.5328245], [1.5224862, 42.5334402], [1.523153, 42.5330929], [1.5233449, 42.532446], [1.52381, 42.5324545], [1.5240373, 42.5330286], [1.5246478, 42.5332196], [1.525043, 42.5338394], [1.5247551, 42.5344109], [1.5249125, 42.5345601], [1.5256537, 42.5346823], [1.5262767, 42.5351115], [1.5268872, 42.535564], [1.5271505, 42.5357704], [1.526531, 42.5353305], [1.5262142, 42.5350629], [1.5268294, 42.5355091], [1.5274445, 42.5359552], [1.528089, 42.5363526], [1.5287289, 42.5367379], [1.5293363, 42.5371646], [1.5298581, 42.5377106], [1.5301903, 42.5382112], [1.5300791, 42.5381392], [1.5293191, 42.5381403], [1.5285628, 42.5380978], [1.5278151, 42.5382122]], "mood_vectors": [[0.0555, 0.0601, 0.0533, 0.0552, 0.6553, 0.0577, 0.0627], [0.0387, 0.0771, 0.0229, 0.0651, 0.6971, 0.036, 0.063], [0.0408, 0.0245, 0.0195, 0.0613, 0.7259, 0.0591, 0.0688], [0.0278, 0.0524, 0.0179, 0.0544, 0.7079, 0.0723, 0.0674], [0.0136, 0.0733, 0.0205, 0.0536, 0.7515, 0.0303, 0.0571], [0.0921, 0.0287, 0.0611, 0.0916, 0.5981, 0.0488, 0.0795], [0.0181, 0.0311, 0.0662, 0.0398, 0.7307, 0.0638, 0.0504], [0.0777, 0.023, 0.0693, 0.0346, 0.6862, 0.0932, 0.016], [0.0457, 0.039, 0.0236, 0.0648, 0.7275, 0.0216, 0.0778], [0.0548, 0.0465, 0.0764, 0.0611, 0.6923, 0.0485, 0.0203], [0.0158, 0.0675, 0.0665, 0.0151, 0.6923, 0.0689, 0.0739], [0.064, 0.0822, 0.0414, 0.058, 0.6435, 0.073, 0.0378], [0.0477, 0.0383, 0.0448, 0.0192, 0.778, 0.0445, 0.0276], [0.0333, 0.0448, 0.0245, 0.0413, 0.7678, 0.0166, 0.0718], [0.0761, 0.0212, 0.0854, 0.0564, 0.6508, 0.0923, 0.0178], [0.0682, 0.0576, 0.0314, 0.0166, 0.7303, 0.0645, 0.0314], [0.0656, 0.04, 0.072, 0.0556, 0.7113, 0.0415, 0.0139], [0.0556, 0.0617, 0.0418, 0.0767, 0.6915, 0.0411, 0.0315], [0.0345, 0.0319, 0.0614, 0.021, 0.7722, 0.0224, 0.0566], [0.0331, 0.045, 0.0163, 0.0608, 0.7384, 0.0737, 0.0326], [0.0663, 0.0348, 0.0394, 0.0161, 0.754, 0.0262, 0.0632], [0.0287, 0.0516, 0.048, 0.0599, 0.7471, 0.0128, 0.0519], [0.065, 0.0347, 0.0445, 0.0472, 0.7357, 0.0171, 0.0559], [0.0395, 0.04, 0.0223, 0.0435, 0.7621, 0.0457, 0.0469], [0.0248, 0.0394, 0.0484, 0.0469, 0.7082, 0.0623, 0.0701], [0.0321, 0.0252, 0.0206, 0.0138, 0.7998, 0.0666, 0.0419], [0.0386, 0.0391, 0.0536, 0.0126, 0.8016, 0.0402, 0.0144], [0.082, 0.0479, 0.0639, 0.0332, 0.6208, 0.0823, 0.0699], [0.0489, 0.0589, 0.0479, 0.0772, 0.6158, 0.0707, 0.0806], [0.0674, 0.0757, 0.0738, 0.0255, 0.6326, 0.0515, 0.0735], [0.0272, 0.0712, 0.0681, 0.0238, 0.7158, 0.0221, 0.0718], [0.0157, 0.0657, 0.0703, 0.0704, 0.7026, 0.0649, 0.0103], [0.0356, 0.0387, 0.0657, 0.0188, 0.7517, 0.0683, 0.0211], [0.073, 0.0656, 0.0731, 0.0249, 0.6668, 0.0352, 0.0613], [0.0226, 0.0245, 0.0449, 0.0728, 0.7545, 0.039, 0.0417], [0.0641, 0.0471, 0.0873, 0.0627, 0.6969, 0.0183, 0.0237], [0.0904, 0.0834, 0.0287, 0.0473, 0.6436, 0.0609, 0.0457], [0.0612, 0.0842, 0.0648, 0.0711, 0.6173, 0.0399, 0.0615], [0.061, 0.0687, 0.0419, 0.0632, 0.6437, 0.0584, 0.0631], [0.0332, 0.0285, 0.0501, 0.0317, 0.8061, 0.0196, 0.0309], [0.0147, 0.0748, 0.051, 0.0592, 0.6852, 0.0685, 0.0466], [0.0545, 0.0481, 0.0409, 0.0539, 0.7559, 0.0243, 0.0224], [0.0695, 0.0402, 0.0407, 0.0648, 0.7025, 0.0117, 0.0706], [0.025, 0.0241, 0.0615, 0.0134, 0.7861, 0.02, 0.0699], [0.0301, 0.0524, 0.0487, 0.0693, 0.6797, 0.049, 0.0708], [0.0643, 0.0731, 0.0195, 0.042, 0.7299, 0.0148, 0.0563], [0.0214, 0.0663, 0.0949, 0.06, 0.6658, 0.0696, 0.0221], [0.0844, 0.027, 0.0466, 0.0881, 0.6167, 0.0578, 0.0794], [0.0755, 0.0181, 0.0614, 0.0173, 0.6819, 0.0708, 0.0749], [0.0791, 0.0312, 0.0634, 0.0492, 0.6345, 0.0713, 0.0713], [0.0465, 0.0226, 0.0339, 0.019, 0.7347, 0.0463, 0.097], [0.0218, 0.0378, 0.03, 0.0803, 0.7301, 0.0358, 0.0642], [0.0682, 0.0156, 0.0593, 0.0524, 0.7259, 0.0316, 0.0469], [0.0453, 0.077, 0.036, 0.021, 0.7381, 0.0568, 0.0259], [0.0393, 0.0634, 0.0167, 0.0793, 0.7139, 0.0295, 0.0579], [0.0726, 0.0476, 0.0627, 0.0279, 0.6954, 0.0271, 0.0666], [0.0547, 0.0394, 0.0201, 0.0326, 0.7291, 0.063, 0.0611], [0.0499, 0.0328, 0.082, 0.0747, 0.6222, 0.0699, 0.0685], [0.0847, 0.0435, 0.0743, 0.0347, 0.7017, 0.0265, 0.0347], [0.0509, 0.0314, 0.019, 0.0142, 0.7938, 0.0207, 0.0701], [0.0479, 0.0314, 0.0546, 0.0707, 0.707, 0.0244, 0.064], [0.0545, 0.0408, 0.0458, 0.0489, 0.728, 0.013, 0.0691], [0.0969, 0.054, 0.0419, 0.0354, 0.7079, 0.0469, 0.0169], [0.0555, 0.0134, 0.0441, 0.0162, 0.7676, 0.0766, 0.0266], [0.023, 0.0398, 0.0796, 0.0496, 0.7297, 0.0643, 0.014], [0.0553, 0.0401, 0.0593, 0.0419, 0.7348, 0.0164, 0.0522], [0.079, 0.0315, 0.0951, 0.0293, 0.6708, 0.0166, 0.0778], [0.0692, 0.0224, 0.0606, 0.0313, 0.7472, 0.0299, 0.0394], [0.0472, 0.0361, 0.0598, 0.0661, 0.6402, 0.0718, 0.0788], [0.042, 0.0736, 0.0716, 0.0493, 0.6856, 0.0319, 0.0459], [0.0211, 0.0747, 0.0618, 0.0685, 0.7358, 0.0182, 0.02], [0.0148, 0.0551, 0.0541, 0.0472, 0.7004, 0.0828, 0.0456], [0.0571, 0.0774, 0.0225, 0.0135, 0.7276, 0.0185, 0.0835], [0.0748, 0.0327, 0.0169, 0.0624, 0.6854, 0.0646, 0.0632], [0.0742, 0.0614, 0.0687, 0.075, 0.6378, 0.0199, 0.0629], [0.0216, 0.0478, 0.0521, 0.0619, 0.738, 0.0215, 0.0571], [0.0182, 0.0262, 0.0634, 0.0482, 0.7536, 0.0699, 0.0206], [0.0487, 0.0473, 0.0169, 0.0564, 0.6851, 0.0784, 0.0672], [0.0728, 0.0206, 0.0163, 0.031, 0.7549, 0.0316, 0.0728], [0.0621, 0.024, 0.0883, 0.0552, 0.6575, 0.0365, 0.0764]], "emotions": ["red", "red", "red", "red", "red", "red", "red", "red", "red", "red", "red", "red", "red", "red", "red", "red", "red", "red", "red", "red", "red", "red", "red", "red", "red", "red", "red", "red", "red", "red", "red", "red", "red", "red", "red", "red", "red", "red", "red", "red", "red", "red", "red", "red", "red", "red", "red", "red", "red", "red", "red", "red", "red", "red", "red", "red", "red", "red", "red", "red", "red", "red", "red", "red", "red", "red", "red", "red", "red", "red", "red", "red", "red", "red", "red", "red", "red", "red", "red", "red"], "timestamps": [0, 40, 80, 120, 160, 200, 240, 280, 320, 360, 400, 440, 480, 520, 560, 600, 640, 680, 720, 760, 800, 840, 880, 920, 960, 1000, 1040, 1080, 1120, 1160, 1200, 1240, 1280, 1320, 1360, 1400, 1440, 1480, 1520, 1560, 1600, 1640, 1680, 1720, 1760, 1800, 1840, 1880, 1920, 1960, 2000, 2040, 2080, 2120, 2160, 2200, 2240, 2280, 2320, 2360, 2400, 2440, 2480, 2520, 2560, 2600, 2640, 2680, 2720, 2760, 2800, 2840, 2880, 2920, 2960, 3000, 3040, 3080, 3120, 3160]}], "conversation": [], "conversation_timestamps": []}