{"agent_id": "agent-red-1351", "type": "red", "trips": [{"trip_id": 0, "transport_method": "bicycle", "start_time": 0, "path": [[1.5893175, 42.5359159], [1.5888561, 42.5357327], [1.587958, 42.5352134], [1.5873065, 42.5346845], [1.5878768, 42.5351681], [1.5869593, 42.5345661], [1.586016, 42.5340088], [1.5854004, 42.5335196], [1.5851736, 42.5333677], [1.5843278, 42.5326734], [1.583449, 42.5320226], [1.5824123, 42.5316987], [1.5813158, 42.5317153], [1.5802189, 42.5317472], [1.5791227, 42.531794], [1.5780259, 42.5317864], [1.5769325, 42.5316954], [1.5758492, 42.5315228], [1.5747978, 42.5312372], [1.5739932, 42.530491], [1.5731886, 42.5297448], [1.5736337, 42.5304935], [1.5745185, 42.5311292], [1.5742845, 42.5307649], [1.5734772, 42.5300216], [1.5725967, 42.5293907], [1.5715541, 42.5293082], [1.5706464, 42.528864], [1.5697687, 42.5282052], [1.5700628, 42.5283703], [1.5709655, 42.5289902], [1.5708891, 42.5290847], [1.5699758, 42.5284764], [1.5690625, 42.527868], [1.5681492, 42.5272597], [1.5677479, 42.5270047], [1.5687293, 42.5274921], [1.5686094, 42.5274803], [1.5676982, 42.5268689], [1.566787, 42.5262574], [1.5658652, 42.5256683], [1.564845, 42.5252682], [1.5638404, 42.5249124], [1.5628099, 42.5245472], [1.5620404, 42.5237807], [1.56122, 42.5230584], [1.560294, 42.522479], [1.5594306, 42.5218553], [1.5585702, 42.5211871], [1.5577699, 42.5204366], [1.5570342, 42.5196371], [1.5567803, 42.5193172], [1.5560565, 42.5185256], [1.5566473, 42.5192738], [1.5558108, 42.5185635], [1.5554876, 42.5181031], [1.555116, 42.5180362], [1.5542919, 42.5173116], [1.5538591, 42.5170247], [1.5545069, 42.5176494], [1.553802, 42.5168083], [1.5533571, 42.5158273], [1.552773, 42.5149049], [1.5526891, 42.5138229], [1.5518324, 42.513191], [1.550967, 42.5125317], [1.5500467, 42.5119747], [1.5490033, 42.5116418], [1.5479358, 42.5113875], [1.5468774, 42.5110988], [1.5463254, 42.5102549], [1.5462496, 42.5101491], [1.5456181, 42.5094649], [1.5445437, 42.5093101], [1.5434966, 42.5090348], [1.5424161, 42.5088866], [1.5414069, 42.5091466], [1.5406447, 42.5097399], [1.5409923, 42.5104108], [1.540108, 42.5105593]], "mood_vectors": [[0.6918, 0.0175, 0.0668, 0.0754, 0.0518, 0.0675, 0.0291], [0.7651, 0.0481, 0.0527, 0.0288, 0.0326, 0.0394, 0.0333], [0.67, 0.0546, 0.1022, 0.0347, 0.0242, 0.0591, 0.055], [0.6282, 0.0814, 0.0831, 0.0621, 0.048, 0.0646, 0.0325], [0.696, 0.0242, 0.0569, 0.0503, 0.065, 0.0378, 0.0698], [0.7547, 0.0272, 0.0337, 0.0531, 0.0245, 0.0651, 0.0417], [0.7051, 0.0138, 0.0678, 0.0457, 0.0728, 0.0328, 0.062], [0.7191, 0.0434, 0.0284, 0.057, 0.0622, 0.0644, 0.0254], [0.6784, 0.0712, 0.028, 0.0499, 0.0682, 0.0795, 0.0248], [0.717, 0.0417, 0.0401, 0.0304, 0.0651, 0.0416, 0.0641], [0.717, 0.0463, 0.0877, 0.0221, 0.0335, 0.0568, 0.0367], [0.6476, 0.0452, 0.0332, 0.0939, 0.0177, 0.0686, 0.0939], [0.7933, 0.0144, 0.0413, 0.0511, 0.0281, 0.0224, 0.0494], [0.745, 0.0186, 0.0709, 0.0333, 0.0629, 0.0364, 0.0329], [0.6746, 0.0938, 0.0222, 0.025, 0.028, 0.0836, 0.0728], [0.6563, 0.0787, 0.0378, 0.046, 0.0913, 0.0279, 0.062], [0.6934, 0.031, 0.0627, 0.0473, 0.0639, 0.0726, 0.0292], [0.7224, 0.0477, 0.0716, 0.018, 0.0553, 0.042, 0.0431], [0.6517, 0.0433, 0.0601, 0.0304, 0.0563, 0.0703, 0.088], [0.7488, 0.0546, 0.0694, 0.0398, 0.013, 0.0336, 0.0408], [0.7889, 0.0315, 0.0148, 0.0348, 0.0212, 0.0458, 0.0629], [0.7255, 0.0363, 0.0524, 0.0314, 0.053, 0.0418, 0.0596], [0.7742, 0.037, 0.0598, 0.0282, 0.017, 0.0239, 0.0598], [0.716, 0.0261, 0.0194, 0.0688, 0.0338, 0.0506, 0.0852], [0.6707, 0.0694, 0.0432, 0.0202, 0.0812, 0.0393, 0.076], [0.7009, 0.0601, 0.0134, 0.0363, 0.0753, 0.0681, 0.0459], [0.756, 0.0854, 0.0254, 0.0524, 0.0373, 0.0216, 0.0218], [0.773, 0.0385, 0.0422, 0.0357, 0.0178, 0.035, 0.0578], [0.7325, 0.0227, 0.0298, 0.019, 0.0545, 0.0508, 0.0906], [0.7926, 0.0124, 0.0143, 0.0478, 0.0399, 0.0218, 0.0713], [0.6284, 0.0642, 0.0646, 0.0755, 0.055, 0.0214, 0.0909], [0.6536, 0.0624, 0.0613, 0.0685, 0.0437, 0.0447, 0.0658], [0.6888, 0.0777, 0.0808, 0.0176, 0.0496, 0.0236, 0.0619], [0.7293, 0.0446, 0.055, 0.0802, 0.0536, 0.0246, 0.0126], [0.6879, 0.0582, 0.0244, 0.0813, 0.0627, 0.0554, 0.0301], [0.7227, 0.0374, 0.0665, 0.061, 0.0672, 0.0201, 0.0252], [0.7084, 0.0273, 0.0681, 0.0639, 0.0529, 0.0411, 0.0383], [0.6411, 0.0817, 0.0604, 0.0393, 0.0812, 0.0458, 0.0505], [0.7207, 0.0277, 0.0488, 0.0199, 0.0779, 0.0662, 0.0388], [0.7428, 0.0178, 0.0582, 0.066, 0.0593, 0.0314, 0.0244], [0.7385, 0.0174, 0.0469, 0.0437, 0.0644, 0.0154, 0.0737], [0.7104, 0.036, 0.0473, 0.0721, 0.0258, 0.0457, 0.0626], [0.6253, 0.09, 0.0521, 0.077, 0.0528, 0.0266, 0.076], [0.7193, 0.0508, 0.0607, 0.0648, 0.0376, 0.0254, 0.0414], [0.7111, 0.0226, 0.0272, 0.0848, 0.0548, 0.0536, 0.0459], [0.7681, 0.0315, 0.0315, 0.0431, 0.0448, 0.0669, 0.014], [0.7457, 0.0377, 0.03, 0.0229, 0.0198, 0.0599, 0.0841], [0.6402, 0.026, 0.0525, 0.0698, 0.0693, 0.0674, 0.0748], [0.753, 0.0274, 0.0294, 0.0709, 0.0375, 0.0279, 0.0539], [0.7547, 0.0372, 0.0346, 0.0287, 0.0339, 0.076, 0.0349], [0.6497, 0.0827, 0.057, 0.0645, 0.0905, 0.0181, 0.0374], [0.7415, 0.0589, 0.0133, 0.0194, 0.0494, 0.0573, 0.0601], [0.6223, 0.0879, 0.0784, 0.0866, 0.0176, 0.0837, 0.0235], [0.693, 0.0741, 0.0457, 0.0346, 0.0294, 0.0731, 0.0501], [0.7443, 0.0308, 0.0741, 0.0202, 0.0759, 0.0371, 0.0178], [0.7009, 0.0292, 0.0513, 0.0457, 0.0746, 0.0347, 0.0635], [0.6857, 0.0275, 0.0464, 0.0747, 0.0754, 0.0653, 0.0251], [0.7153, 0.0319, 0.0249, 0.0604, 0.0551, 0.0741, 0.0382], [0.6943, 0.0374, 0.0236, 0.0647, 0.072, 0.0773, 0.0307], [0.7545, 0.0385, 0.057, 0.023, 0.0501, 0.0542, 0.0226], [0.7262, 0.0198, 0.0802, 0.0259, 0.0514, 0.0511, 0.0453], [0.6448, 0.0207, 0.1037, 0.0696, 0.0242, 0.0645, 0.0724], [0.6768, 0.0771, 0.0273, 0.0647, 0.0289, 0.0859, 0.0392], [0.7114, 0.0508, 0.0415, 0.0687, 0.0404, 0.0362, 0.051], [0.7089, 0.0688, 0.0266, 0.0472, 0.0635, 0.0132, 0.0717], [0.7794, 0.0543, 0.0391, 0.0553, 0.0197, 0.0377, 0.0145], [0.6798, 0.0687, 0.0724, 0.0229, 0.0513, 0.0215, 0.0835], [0.7013, 0.0241, 0.0518, 0.0703, 0.0767, 0.0235, 0.0523], [0.6419, 0.0481, 0.0774, 0.0793, 0.059, 0.0341, 0.0603], [0.7068, 0.0361, 0.0542, 0.0687, 0.0394, 0.028, 0.0668], [0.7546, 0.0356, 0.077, 0.0123, 0.044, 0.0596, 0.0168], [0.6203, 0.0463, 0.0783, 0.0702, 0.0622, 0.0333, 0.0894], [0.7914, 0.0572, 0.0226, 0.0425, 0.0156, 0.0332, 0.0375], [0.6718, 0.0798, 0.07, 0.0432, 0.0386, 0.0493, 0.0475], [0.6044, 0.0565, 0.0484, 0.0897, 0.0722, 0.046, 0.0828], [0.7359, 0.016, 0.057, 0.0839, 0.0192, 0.0633, 0.0246], [0.7498, 0.0121, 0.0189, 0.0632, 0.0259, 0.0804, 0.0497], [0.7382, 0.0768, 0.0697, 0.0141, 0.0394, 0.0198, 0.042], [0.6474, 0.0853, 0.0217, 0.0774, 0.0236, 0.0669, 0.0778], [0.7633, 0.0845, 0.0351, 0.0274, 0.0131, 0.0564, 0.0203]], "emotions": ["red", "red", "red", "red", "red", "red", "red", "red", "red", "red", "red", "red", "red", "red", "red", "red", "red", "red", "red", "red", "red", "red", "red", "red", "red", "red", "red", "red", "red", "red", "red", "red", "red", "red", "red", "red", "red", "red", "red", "red", "red", "red", "red", "red", "red", "red", "red", "red", "red", "red", "red", "red", "red", "red", "red", "red", "red", "red", "red", "red", "red", "red", "red", "red", "red", "red", "red", "red", "red", "red", "red", "red", "red", "red", "red", "red", "red", "red", "red", "red"], "timestamps": [0, 40, 80, 120, 160, 200, 240, 280, 320, 360, 400, 440, 480, 520, 560, 600, 640, 680, 720, 760, 800, 840, 880, 920, 960, 1000, 1040, 1080, 1120, 1160, 1200, 1240, 1280, 1320, 1360, 1400, 1440, 1480, 1520, 1560, 1600, 1640, 1680, 1720, 1760, 1800, 1840, 1880, 1920, 1960, 2000, 2040, 2080, 2120, 2160, 2200, 2240, 2280, 2320, 2360, 2400, 2440, 2480, 2520, 2560, 2600, 2640, 2680, 2720, 2760, 2800, 2840, 2880, 2920, 2960, 3000, 3040, 3080, 3120, 3160]}], "conversation": [], "conversation_timestamps": []}