{"agent_id": "agent-blue-1875", "type": "blue", "trips": [{"trip_id": 0, "transport_method": "foot", "start_time": 0, "path": [[1.5363066, 42.5542474], [1.5365935, 42.5533826], [1.536717, 42.5528414], [1.536224, 42.5518959], [1.535381, 42.55113], [1.5343766, 42.5506325], [1.5332807, 42.5503546], [1.5322628, 42.5498236], [1.5312793, 42.5492442], [1.5301744, 42.5489297], [1.5297353, 42.5489136], [1.5308281, 42.5490194], [1.5309545, 42.5490651], [1.5299172, 42.5485714], [1.5288531, 42.548153], [1.5277104, 42.5480472], [1.5267449, 42.5479011], [1.5265884, 42.5472546], [1.5254984, 42.546959], [1.5246627, 42.546258], [1.5242869, 42.5455435], [1.5237698, 42.5445341], [1.5234568, 42.5439274], [1.5230649, 42.5431074], [1.522849, 42.5419942], [1.523373, 42.5410314], [1.5234389, 42.5406125], [1.5231633, 42.5395298], [1.5231655, 42.5383936], [1.5240189, 42.5377566], [1.5251057, 42.53758], [1.5249775, 42.536815], [1.5238489, 42.5366094], [1.5229746, 42.5360362], [1.5222676, 42.5351345], [1.521319, 42.5345277], [1.520718, 42.5335986], [1.5213527, 42.5327307], [1.5208911, 42.5317029], [1.5213467, 42.5307018], [1.5216542, 42.5298206], [1.5215782, 42.5290777], [1.5210391, 42.5281353], [1.5206498, 42.5271259], [1.5207431, 42.5259808], [1.5207187, 42.5262794], [1.5205994, 42.5273873], [1.5206891, 42.5263878], [1.520738, 42.5252424], [1.520899, 42.5241702], [1.5216112, 42.5232705], [1.5220793, 42.5222313], [1.522979, 42.5215276], [1.5235394, 42.5205538], [1.5238423, 42.5197785], [1.5234611, 42.520854], [1.523674, 42.520284], [1.5240986, 42.5192164], [1.5248404, 42.5184608], [1.5256875, 42.5176894], [1.5266136, 42.5170797], [1.5276015, 42.5165515], [1.5286358, 42.5160802], [1.5293713, 42.5152064], [1.5302123, 42.5144506], [1.5303258, 42.5134026], [1.5308871, 42.5124155], [1.5303714, 42.51164], [1.529497, 42.5109926], [1.5292628, 42.5100809], [1.5285158, 42.5093684], [1.5293227, 42.5101599], [1.5286717, 42.5094232], [1.5288505, 42.5088744], [1.5293983, 42.5083747], [1.5296614, 42.5077826], [1.5300945, 42.5069895], [1.5293056, 42.5061742], [1.5285038, 42.5057095], [1.5274175, 42.5053418]], "mood_vectors": [[0.0185, 0.0291, 0.0359, 0.7935, 0.0845, 0.0158, 0.0225], [0.0287, 0.0533, 0.0871, 0.7116, 0.0216, 0.0636, 0.0341], [0.0435, 0.0382, 0.0258, 0.7309, 0.0494, 0.043, 0.0691], [0.069, 0.0652, 0.0499, 0.6672, 0.0627, 0.0629, 0.0231], [0.0546, 0.0555, 0.0524, 0.7111, 0.0317, 0.0636, 0.031], [0.0921, 0.09, 0.036, 0.6831, 0.0178, 0.0505, 0.0305], [0.0559, 0.0431, 0.0463, 0.693, 0.0589, 0.04, 0.0629], [0.0189, 0.0556, 0.0511, 0.7637, 0.0419, 0.0242, 0.0447], [0.0553, 0.0344, 0.0728, 0.7104, 0.0246, 0.0396, 0.063], [0.0365, 0.0639, 0.0699, 0.6566, 0.0749, 0.042, 0.0563], [0.0785, 0.047, 0.0774, 0.7181, 0.0128, 0.0182, 0.048], [0.0861, 0.0485, 0.0187, 0.707, 0.0266, 0.0272, 0.0858], [0.017, 0.0204, 0.0716, 0.7094, 0.0706, 0.0257, 0.0854], [0.0446, 0.0457, 0.0625, 0.7262, 0.0184, 0.0432, 0.0594], [0.065, 0.087, 0.0703, 0.641, 0.0681, 0.0313, 0.0373], [0.0344, 0.0194, 0.0682, 0.7367, 0.0498, 0.0355, 0.056], [0.0474, 0.0701, 0.0424, 0.684, 0.0642, 0.0667, 0.0253], [0.0519, 0.0599, 0.0836, 0.6401, 0.0718, 0.0395, 0.0532], [0.0445, 0.0556, 0.0645, 0.6837, 0.0598, 0.0389, 0.0529], [0.0633, 0.0136, 0.0318, 0.712, 0.0624, 0.084, 0.0329], [0.0439, 0.087, 0.0248, 0.6461, 0.0824, 0.0251, 0.0907], [0.0695, 0.0494, 0.0256, 0.7583, 0.0197, 0.034, 0.0436], [0.0626, 0.0351, 0.0404, 0.7079, 0.0511, 0.0196, 0.0833], [0.0208, 0.0525, 0.0155, 0.7609, 0.0359, 0.0421, 0.0724], [0.0187, 0.027, 0.0358, 0.7793, 0.0484, 0.0692, 0.0215], [0.0504, 0.0489, 0.0648, 0.7379, 0.0408, 0.0398, 0.0173], [0.0303, 0.071, 0.0842, 0.6547, 0.0841, 0.0384, 0.0372], [0.0337, 0.0598, 0.0713, 0.7285, 0.0628, 0.0286, 0.0152], [0.0544, 0.0627, 0.0342, 0.7053, 0.0324, 0.0711, 0.0399], [0.0581, 0.0427, 0.0537, 0.6848, 0.0428, 0.0657, 0.0522], [0.0771, 0.0404, 0.0514, 0.7015, 0.0589, 0.0286, 0.0421], [0.0419, 0.0195, 0.0636, 0.6907, 0.055, 0.0718, 0.0575], [0.0445, 0.0575, 0.0594, 0.7201, 0.0675, 0.0329, 0.0182], [0.0108, 0.0604, 0.0684, 0.723, 0.0238, 0.045, 0.0685], [0.0396, 0.0793, 0.0142, 0.7514, 0.014, 0.0498, 0.0518], [0.0219, 0.07, 0.0456, 0.8194, 0.0151, 0.0137, 0.0142], [0.0408, 0.061, 0.0432, 0.6475, 0.0622, 0.0629, 0.0824], [0.0821, 0.0444, 0.0499, 0.6313, 0.0539, 0.0851, 0.0533], [0.0727, 0.059, 0.0265, 0.634, 0.0719, 0.0688, 0.0672], [0.061, 0.0385, 0.0327, 0.6977, 0.0675, 0.0883, 0.0143], [0.0596, 0.0358, 0.0157, 0.771, 0.0239, 0.0385, 0.0554], [0.0151, 0.0343, 0.0612, 0.7379, 0.0685, 0.0127, 0.0702], [0.0445, 0.0651, 0.0404, 0.7069, 0.065, 0.02, 0.0581], [0.056, 0.0825, 0.0783, 0.6196, 0.0183, 0.0719, 0.0734], [0.0582, 0.0637, 0.0485, 0.6567, 0.0628, 0.0438, 0.0664], [0.0319, 0.0936, 0.0158, 0.6924, 0.0413, 0.0516, 0.0736], [0.0915, 0.0941, 0.0378, 0.6568, 0.0459, 0.0357, 0.0381], [0.0509, 0.0461, 0.0521, 0.6744, 0.0318, 0.0744, 0.0703], [0.0177, 0.0263, 0.0922, 0.6991, 0.0212, 0.0599, 0.0836], [0.035, 0.0699, 0.0732, 0.6386, 0.0767, 0.0682, 0.0383], [0.0355, 0.0809, 0.0385, 0.6278, 0.0749, 0.065, 0.0774], [0.0273, 0.0524, 0.0594, 0.7034, 0.0207, 0.0691, 0.0677], [0.0636, 0.0345, 0.0142, 0.7996, 0.0202, 0.0164, 0.0515], [0.06, 0.0216, 0.0708, 0.7411, 0.0244, 0.0173, 0.0648], [0.0339, 0.0626, 0.0653, 0.7071, 0.0401, 0.0266, 0.0644], [0.0156, 0.0687, 0.0592, 0.7002, 0.0343, 0.0803, 0.0418], [0.0816, 0.0195, 0.0604, 0.6555, 0.0712, 0.0315, 0.0804], [0.0715, 0.0257, 0.0434, 0.7155, 0.0627, 0.0197, 0.0615], [0.0754, 0.0697, 0.0486, 0.7181, 0.0353, 0.0276, 0.0253], [0.0701, 0.0392, 0.0312, 0.7412, 0.0459, 0.0484, 0.0239], [0.0519, 0.0151, 0.0711, 0.7146, 0.0251, 0.0581, 0.0641], [0.0518, 0.0725, 0.0323, 0.6896, 0.0724, 0.0177, 0.0639], [0.0177, 0.022, 0.0901, 0.7386, 0.0697, 0.0208, 0.0411], [0.0336, 0.0237, 0.0541, 0.672, 0.0753, 0.0694, 0.0719], [0.03, 0.0294, 0.0573, 0.719, 0.0571, 0.0706, 0.0366], [0.016, 0.0156, 0.0148, 0.7887, 0.0451, 0.0671, 0.0526], [0.0413, 0.0676, 0.0498, 0.6884, 0.057, 0.062, 0.0339], [0.0371, 0.09, 0.0166, 0.6951, 0.0343, 0.0459, 0.081], [0.0685, 0.0709, 0.0626, 0.651, 0.0215, 0.0804, 0.0451], [0.079, 0.0374, 0.0301, 0.7045, 0.0535, 0.0794, 0.016], [0.0456, 0.0272, 0.0753, 0.6907, 0.0483, 0.0533, 0.0595], [0.0476, 0.0583, 0.0796, 0.6923, 0.0289, 0.0433, 0.0501], [0.0534, 0.0481, 0.0208, 0.719, 0.0542, 0.0312, 0.0733], [0.0685, 0.0735, 0.0372, 0.7074, 0.0203, 0.0268, 0.0663], [0.0875, 0.0664, 0.0336, 0.6517, 0.0736, 0.0615, 0.0258], [0.0517, 0.0599, 0.082, 0.6195, 0.0362, 0.0698, 0.0808], [0.0695, 0.0147, 0.0592, 0.7131, 0.0442, 0.045, 0.0543], [0.0661, 0.0907, 0.061, 0.6452, 0.0651, 0.0494, 0.0224], [0.0544, 0.071, 0.02, 0.7401, 0.057, 0.0361, 0.0214], [0.0233, 0.0594, 0.0256, 0.7761, 0.0199, 0.0791, 0.0166]], "emotions": ["green", "green", "green", "green", "green", "green", "green", "green", "green", "green", "green", "green", "green", "green", "green", "green", "green", "green", "green", "green", "green", "green", "green", "green", "green", "green", "green", "green", "green", "green", "green", "green", "green", "green", "green", "green", "green", "green", "green", "green", "green", "green", "green", "green", "green", "green", "green", "green", "green", "green", "green", "green", "green", "green", "green", "green", "green", "green", "green", "green", "green", "green", "green", "green", "green", "green", "green", "green", "green", "green", "green", "green", "green", "green", "green", "green", "green", "green", "green", "green"], "timestamps": [0, 40, 80, 120, 160, 200, 240, 280, 320, 360, 400, 440, 480, 520, 560, 600, 640, 680, 720, 760, 800, 840, 880, 920, 960, 1000, 1040, 1080, 1120, 1160, 1200, 1240, 1280, 1320, 1360, 1400, 1440, 1480, 1520, 1560, 1600, 1640, 1680, 1720, 1760, 1800, 1840, 1880, 1920, 1960, 2000, 2040, 2080, 2120, 2160, 2200, 2240, 2280, 2320, 2360, 2400, 2440, 2480, 2520, 2560, 2600, 2640, 2680, 2720, 2760, 2800, 2840, 2880, 2920, 2960, 3000, 3040, 3080, 3120, 3160]}], "conversation": [], "conversation_timestamps": []}