{
  "agent_id": "agent-type-purple-60",
  "type": "purple",
  "trips": [
    {
      "trip_id": 0,
      "transport_method": "foot",
      "start_time": 0,
      "path": [
        [
          1.5279604000000004,
          42.5053349
        ],
        [
          1.5282574970597351,
          42.505405932070815
        ],
        [
          1.5282338261874324,
          42.50562760509999
        ],
        [
          1.5279572124117535,
          42.505579385026245
        ],
        [
          1.5276641238237367,
          42.50549329319381
        ],
        [
          1.5273834565170517,
          42.50544897842388
        ],
        [
          1.5270963592221785,
          42.50548886641921
        ],
        [
          1.527083940069475,
          42.50548928338307
        ],
        [
          1.5273771720218707,
          42.50545964589456
        ],
        [
          1.5276522013855598,
          42.505489791097204
        ],
        [
          1.5279452899735764,
          42.505575882929634
        ],
        [
          1.528228260175683,
          42.505638714948134
        ],
        [
          1.5282695578506,
          42.50540892314695
        ],
        [
          1.5279724873899476,
          42.50533778170384
        ],
        [
          1.527807673396327,
          42.505193224901895
        ],
        [
          1.5275022991306,
          42.50519681411344
        ],
        [
          1.5271973963845529,
          42.505179044994854
        ],
        [
          1.5268945629422557,
          42.505138987158375
        ],
        [
          1.5265917294999585,
          42.5050989293219
        ],
        [
          1.5262887923494288,
          42.50505966386244
        ],
        [
          1.525985850236223,
          42.50502043632004
        ],
        [
          1.5256829081230172,
          42.50498120877763
        ],
        [
          1.5253799660098113,
          42.50494198123523
        ],
        [
          1.5250769167540532,
          42.50490360598202
        ],
        [
          1.524773800969103,
          42.50486574379837
        ],
        [
          1.5244706851841527,
          42.50482788161472
        ],
        [
          1.5241675693992023,
          42.50479001943107
        ],
        [
          1.5239067238671409,
          42.50479644828091
        ],
        [
          1.523606892893903,
          42.50473801788194
        ],
        [
          1.5233070619206652,
          42.50467958748297
        ],
        [
          1.52300490322687,
          42.50463579907553
        ],
        [
          1.5227017257069633,
          42.50459843456143
        ],
        [
          1.5223985328180847,
          42.50456119484915
        ],
        [
          1.5220946201809074,
          42.50453165660381
        ],
        [
          1.5217944537182182,
          42.50447697635563
        ],
        [
          1.5214990126141668,
          42.504402720778025
        ],
        [
          1.521213929949933,
          42.50429299111663
        ],
        [
          1.5209312646372655,
          42.504177202825225
        ],
        [
          1.520648946817647,
          42.50406054360886
        ],
        [
          1.5203666289980284,
          42.5039438843925
        ],
        [
          1.5200843111784097,
          42.50382722517613
        ],
        [
          1.5198128591064808,
          42.50374878083628
        ],
        [
          1.5195293656720745,
          42.503788766396966
        ],
        [
          1.5192469955483947,
          42.50387257195051
        ],
        [
          1.5190236043395684,
          42.504072487530344
        ],
        [
          1.518866482715333,
          42.504334452259336
        ],
        [
          1.518814237346517,
          42.50444524679658
        ],
        [
          1.5186935831857273,
          42.50472588053925
        ],
        [
          1.5185608374546142,
          42.50500013281493
        ],
        [
          1.5183510190353746,
          42.50521344852293
        ],
        [
          1.5180862584618244,
          42.505363354116454
        ],
        [
          1.5177999011744667,
          42.505463816169815
        ],
        [
          1.5177577296974802,
          42.50529736359459
        ],
        [
          1.5176600965615852,
          42.505420403000635
        ],
        [
          1.5175308248015682,
          42.50533646418645
        ],
        [
          1.5177301115086261,
          42.50547030823176
        ],
        [
          1.5176901884516336,
          42.50545393152364
        ],
        [
          1.517766372751118,
          42.50528379235266
        ],
        [
          1.51755306317232,
          42.505402168463675
        ],
        [
          1.5175286313412455,
          42.505329983508226
        ],
        [
          1.5177536430619476,
          42.50537789916245
        ],
        [
          1.518020056085339,
          42.50522844406884
        ],
        [
          1.51828646910873,
          42.50507898897524
        ],
        [
          1.5185347425566633,
          42.50491240533841
        ],
        [
          1.518433781473432,
          42.504794192093904
        ],
        [
          1.518128814645273,
          42.5048117408192
        ],
        [
          1.518313552182887,
          42.5048011104555
        ],
        [
          1.5185875486892466,
          42.504804171986834
        ],
        [
          1.518754615106146,
          42.50495860201286
        ],
        [
          1.5190535323244108,
          42.505021540241806
        ],
        [
          1.5193524495426753,
          42.50508447847074
        ],
        [
          1.5196513667609401,
          42.50514741669968
        ],
        [
          1.5199532119328145,
          42.50519275024078
        ],
        [
          1.520256409269999,
          42.50522995371859
        ],
        [
          1.5205596066071838,
          42.5052671571964
        ],
        [
          1.5208628039443683,
          42.5053043606742
        ],
        [
          1.521137072702548,
          42.505295397740404
        ],
        [
          1.5212358223448024,
          42.50500632814292
        ],
        [
          1.521407828174058,
          42.504848570616275
        ],
        [
          1.5217082754385125,
          42.50490374457135
        ],
        [
          1.5219424270272872,
          42.504784102651676
        ],
        [
          1.5220529092361665,
          42.504528976850374
        ],
        [
          1.5223570476322728,
          42.50455609942495
        ],
        [
          1.5226602405211513,
          42.50459333913723
        ],
        [
          1.5229634212805112,
          42.50463067734575
        ],
        [
          1.5232660367380397,
          42.50467159258584
        ],
        [
          1.5235658677112776,
          42.50473002298481
        ],
        [
          1.5238656986845156,
          42.504788453383775
        ],
        [
          1.5241285626246175,
          42.504749852486405
        ],
        [
          1.524433378919561,
          42.504729858728034
        ],
        [
          1.5247381952145043,
          42.50470986496966
        ],
        [
          1.5250430115094478,
          42.50468987121129
        ],
        [
          1.5253469991682806,
          42.50468369625987
        ],
        [
          1.5256472420098373,
          42.50473997201069
        ],
        [
          1.525947484851394,
          42.50479624776152
        ],
        [
          1.5262475724286808,
          42.50485317080475
        ],
        [
          1.526540673851992,
          42.50493921892902
        ],
        [
          1.5266439660203401,
          42.50510583900128
        ],
        [
          1.5269467994626373,
          42.50514589683775
        ],
        [
          1.5272086000000002,
          42.5052155
        ]
      ],
      "emotions": [
        "purple",
        "purple",
        "purple",
        "purple",
        "purple",
        "green",
        "green",
        "green",
        "green",
        "green",
        "green",
        "green",
        "green",
        "green",
        "green",
        "green",
        "green",
        "green",
        "green",
        "green",
        "red",
        "red",
        "red",
        "red",
        "red",
        "purple",
        "purple",
        "purple",
        "purple",
        "purple",
        "purple",
        "purple",
        "purple",
        "purple",
        "purple",
        "red",
        "red",
        "red",
        "red",
        "red",
        "green",
        "green",
        "green",
        "green",
        "green",
        "red",
        "red",
        "red",
        "red",
        "red",
        "green",
        "green",
        "green",
        "green",
        "green",
        "purple",
        "purple",
        "purple",
        "purple",
        "purple",
        "green",
        "green",
        "green",
        "green",
        "green",
        "purple",
        "purple",
        "purple",
        "purple",
        "purple",
        "green",
        "green",
        "green",
        "green",
        "green",
        "red",
        "red",
        "red",
        "red",
        "red",
        "purple",
        "purple",
        "purple",
        "purple",
        "purple",
        "green",
        "green",
        "green",
        "green",
        "green",
        "red",
        "red",
        "red",
        "red",
        "red",
        "green",
        "green",
        "green",
        "green",
        "green"
      ],
      "mood_vectors": [
        [
          0.19598424781423684,
          0.08616082358896847,
          0.0864632028474353,
          0.18735769456235,
          0.006903804041966825,
          0.18460886052652267,
          0.25252136661851987
        ],
        [
          0.06973507251083452,
          0.018875288813251647,
          0.28396974566508715,
          0.06296847678409377,
          0.2539766467094367,
          0.18658723397055113,
          0.12388753554674507
        ],
        [
          0.11335621739083838,
          0.17074946295215176,
          0.12087199306485422,
          0.07363656178185736,
          0.19357516431789526,
          0.15997766861394147,
          0.1678329318784615
        ],
        [
          0.13622402496437033,
          0.1786738635556654,
          0.11106669600885624,
          0.07605237687830246,
          0.25817748178444017,
          0.19192694656729423,
          0.04787861024107121
        ],
        [
          0.06595664597925392,
          0.05082524048167023,
          0.19456788645720446,
          0.22128464628777234,
          0.15103702017004467,
          0.0851880865021242,
          0.23114047412193017
        ],
        [
          0.00629949501919692,
          0.050389317503547346,
          0.19347355207620798,
          0.3072327588321661,
          0.0480635978619347,
          0.32570598083222946,
          0.06883529787471748
        ],
        [
          0.27043021500381786,
          0.21129112348016432,
          0.03343802509482837,
          0.09033240798938706,
          0.05731121343469352,
          0.24890914368020528,
          0.08828787131690367
        ],
        [
          0.2001056210250444,
          0.23156610158746826,
          0.05025605815730436,
          0.17981088734964865,
          0.30366519467765696,
          0.012487452859785936,
          0.022108684343091486
        ],
        [
          0.22622330382109757,
          0.17125883614577042,
          0.0620045036784687,
          0.02207675231227575,
          0.19271224249044158,
          0.07278237745548298,
          0.252941984096463
        ],
        [
          0.2388239465009036,
          0.0441131959006008,
          0.14320191408725363,
          0.13664779365327043,
          0.22487565338567145,
          0.17592615478607307,
          0.03641134168622699
        ],
        [
          0.1875168250057057,
          0.22347254591403093,
          0.22006791950161747,
          0.03422446734533453,
          0.018890360463022622,
          0.11377588391979578,
          0.20205199785049294
        ],
        [
          0.22046632328081403,
          0.07231578133889015,
          0.14107514250216693,
          0.20494007898435834,
          0.1377357076039631,
          0.10039287050455198,
          0.12307409578525542
        ],
        [
          0.11662244029712489,
          0.02070663050026544,
          0.13561725511584735,
          0.1403701904618108,
          0.14616615773123018,
          0.22176343655096367,
          0.21875388934275777
        ],
        [
          0.005424141120458392,
          0.20842090210075245,
          0.032738668202962146,
          0.2663366759214876,
          0.12553839078338214,
          0.11460998327437856,
          0.24693123859657876
        ],
        [
          0.10252995026820162,
          0.011767167424978001,
          0.15645623843975753,
          0.43260070053853517,
          0.010660080044309536,
          0.032726418553419956,
          0.2532594447307981
        ],
        [
          0.018298262305416136,
          0.26850620126127855,
          0.2654061775137504,
          0.07463372098527077,
          0.006545207377943473,
          0.3443508740095511,
          0.02225955654678953
        ],
        [
          0.1360017268945567,
          0.2197058344444789,
          0.19415795455790605,
          0.031777381211873,
          0.04826962459673714,
          0.16670403125227842,
          0.20338344704216976
        ],
        [
          0.16169234690136844,
          0.27710562351981405,
          0.11629099566126828,
          0.06545167499137665,
          0.11036707795978667,
          0.23850692115295705,
          0.030585359813428917
        ],
        [
          0.31714567926763315,
          0.02322876727462701,
          0.02713621753111736,
          0.08993099629182842,
          0.37021612301194445,
          0.027364372512035405,
          0.14497784411081419
        ],
        [
          0.2177272385229854,
          0.027456066363918154,
          0.2282658644320441,
          0.20055772528414612,
          0.1408060492231,
          0.08595117449621946,
          0.0992358816775868
        ],
        [
          0.07107280515432815,
          0.24805124931280204,
          0.012377203846903977,
          0.17759807457209942,
          0.14479579663156986,
          0.16739753434299512,
          0.17870733613930148
        ],
        [
          0.13052973184426556,
          0.19210919563297243,
          0.17423824672148355,
          0.10101065650511247,
          0.026071562961912462,
          0.14790398824227094,
          0.22813661809198255
        ],
        [
          0.06348317883984558,
          0.10009630615317351,
          0.22611923894614597,
          0.2316954849791539,
          0.12976413772506173,
          0.1631723668642373,
          0.08566928649238195
        ],
        [
          0.05945289832989064,
          0.13543351294628053,
          0.1916198272691111,
          0.1941879000909993,
          0.13950161396463767,
          0.03716279869696108,
          0.2426414487021196
        ],
        [
          0.16558577395414456,
          0.22169922780705123,
          0.34258128578244224,
          0.14993599458067144,
          0.01022470158147686,
          0.058937315509660325,
          0.05103570078455333
        ],
        [
          0.12541468402904396,
          0.07623149701713047,
          0.05921092846817217,
          0.16821531076067592,
          0.10440011202085571,
          0.3428274546275657,
          0.12370001307655602
        ],
        [
          0.3622157569292308,
          0.23946746689601262,
          0.017274849443335894,
          0.06683560504730954,
          0.018570594732282904,
          0.2606284912400586,
          0.03500723571176958
        ],
        [
          0.12803469505806722,
          0.0526971317948001,
          0.28481868261630183,
          0.1945158680333848,
          0.09455608540255815,
          0.10210753692527812,
          0.14327000016960978
        ],
        [
          0.2471287518011925,
          0.19359344500308526,
          0.14293161906239393,
          0.23100003311630427,
          0.06178009803980149,
          0.017259862571525213,
          0.1063061904056974
        ],
        [
          0.26421432561307756,
          0.21180129979870255,
          0.0036505098575920713,
          0.10563405714585039,
          0.029447711382782776,
          0.220801587697809,
          0.16445050850418572
        ],
        [
          0.14710713045850254,
          0.1256937499217858,
          0.26120510376162515,
          0.02269157228305017,
          0.13513984015163244,
          0.06919277592346255,
          0.2389698274999413
        ],
        [
          0.1022600751858592,
          0.02476245627971878,
          0.1306352990559214,
          0.29999833322774233,
          0.04522270130266467,
          0.32051456178944393,
          0.07660657315864962
        ],
        [
          0.02596968135153535,
          0.06048982194260081,
          0.1380482980032506,
          0.09163082033059419,
          0.23068431939745584,
          0.18530847851527024,
          0.26786858045929296
        ],
        [
          0.14025102907756232,
          0.13713237280062868,
          0.22106394615987612,
          0.02918336053547077,
          0.1920923240692095,
          0.06299101215105225,
          0.21728595520620037
        ],
        [
          0.19584062464649366,
          0.004427344168453933,
          0.0012795863608822072,
          0.1443913223197119,
          0.18505111079604622,
          0.25892879532241947,
          0.21008121638599267
        ],
        [
          0.21701971446659882,
          0.21843623307010004,
          0.2319192825109059,
          0.12443521508483028,
          0.05818208480534325,
          0.0070495877372016465,
          0.1429578823250201
        ],
        [
          0.08495764483775144,
          0.24873974253664738,
          0.17159573837370112,
          0.112317442234436,
          0.15538832872597078,
          0.0637971364800693,
          0.16320396681142393
        ],
        [
          0.16029582860659952,
          0.21196431697915466,
          0.08509226798588189,
          0.0705592219227866,
          0.0833194847214263,
          0.10584564448066566,
          0.28292323530348534
        ],
        [
          0.15912723227038084,
          0.1127391960435669,
          0.2555379931447454,
          0.09020611075166253,
          0.2037927793917479,
          0.03920718722143106,
          0.13938950117646534
        ],
        [
          0.025547231895208796,
          0.3090574960511421,
          0.07412222006595753,
          0.46315706420886643,
          0.01696360511714806,
          0.11090522657799987,
          0.00024715608367727215
        ],
        [
          0.11191001144706761,
          0.09764958240741298,
          0.2297196593398293,
          0.05202813486719674,
          0.10279010214024209,
          0.20225728767690784,
          0.2036452221213434
        ],
        [
          0.12702588797431372,
          0.09285637137536226,
          0.050620704648638035,
          0.2337930718623594,
          0.024135540966703214,
          0.21712741156453788,
          0.2544410116080855
        ],
        [
          0.2487362640125841,
          0.25675741081728176,
          0.1330487846596692,
          0.0042035873863134465,
          0.1674200929849657,
          0.02170982051949141,
          0.1681240396196944
        ],
        [
          0.19699869285781887,
          0.1917582716547848,
          0.1533454443109979,
          0.1153197293242599,
          0.02297819844284962,
          0.18612718742268122,
          0.13347247598660775
        ],
        [
          0.1367710305941008,
          0.11353418183236431,
          0.10298607748156968,
          0.17363103324628879,
          0.08595952095275369,
          0.22782165373331534,
          0.15929650215960742
        ],
        [
          0.09700825941601803,
          0.13637871776239247,
          0.03385495350862358,
          0.17391278913525285,
          0.23033459509698756,
          0.12181771566952834,
          0.20669296941119716
        ],
        [
          0.1957752991193234,
          0.09229333428432332,
          0.10887449991037022,
          0.02045062642959978,
          0.1564739540440037,
          0.20140213531855675,
          0.22473015089382284
        ],
        [
          0.07632994902719416,
          0.24391055592358643,
          0.09144384691554923,
          0.07104369227553277,
          0.05828592601684775,
          0.40576674093776716,
          0.05321928890352245
        ],
        [
          0.003902408150880308,
          0.28336068549601895,
          0.04075586510810812,
          0.25068756392635905,
          0.1358128818793523,
          0.2793985297885607,
          0.006082065650720615
        ],
        [
          0.10963467868906066,
          0.21570972339222716,
          0.0243211784265252,
          0.08088873284598512,
          0.2005170783092877,
          0.05368221261178287,
          0.31524639572513136
        ],
        [
          0.060445559985485724,
          0.10919538692103171,
          0.17788090170064857,
          0.34815143408078153,
          0.020442286507926875,
          0.20707345442089414,
          0.07681097638323148
        ],
        [
          0.0963667689420258,
          0.1233094493724413,
          0.21941934168466953,
          0.02366282031049934,
          0.194952010492497,
          0.1319865595616641,
          0.21030304963620294
        ],
        [
          0.007779969174319577,
          0.1712526241239359,
          0.15273462086732253,
          0.17107212869386698,
          0.18140138036097792,
          0.17249772664070093,
          0.14326155013887623
        ],
        [
          0.25231010884012656,
          0.20265910823250566,
          0.03748717631319793,
          0.25937405444748723,
          0.041635357920411065,
          0.033559808918360336,
          0.17297438532791115
        ],
        [
          0.18449324999365055,
          0.09480497345624864,
          0.13953514702247272,
          0.15741740723274086,
          0.1866367484091732,
          0.15747547358707562,
          0.07963700029863854
        ],
        [
          0.19345107159948283,
          0.04013454587905364,
          0.059102136344184014,
          0.22637707364666504,
          0.21897766784198666,
          0.19225457482129643,
          0.0697029298673315
        ],
        [
          0.12911053553411136,
          0.14412179792473423,
          0.09409927637974956,
          0.29773292453770617,
          0.10945710880853483,
          0.14907211811262527,
          0.0764062387025386
        ],
        [
          0.0970241315817719,
          0.11448305769866464,
          0.028028172092885273,
          0.3137493419271791,
          0.19363906516868454,
          0.11120632229732376,
          0.1418699092334909
        ],
        [
          0.14892937112874022,
          0.07521498899988655,
          0.2020600147528053,
          0.10345479766942342,
          0.12738689750868268,
          0.08424938145325214,
          0.2587045484872097
        ],
        [
          0.020351117964180692,
          0.05595720021325621,
          0.18679949866570483,
          0.14126575554797363,
          0.2939166433269002,
          0.07488887837194197,
          0.22682090591004253
        ],
        [
          0.02223042653506355,
          0.3189458965299842,
          0.19227615435697848,
          0.014933247356400564,
          0.1869568304120848,
          0.11618525953499406,
          0.14847218527449446
        ],
        [
          0.13560004415890287,
          0.22324256068846066,
          0.021613321936591157,
          0.17554978908437577,
          0.21517643797711644,
          0.08152721062854826,
          0.14729063552600485
        ],
        [
          0.058714038972536756,
          0.26157687075552766,
          0.19792001132076797,
          0.08506618766357468,
          0.11793891184333301,
          0.27032829041225137,
          0.008455689032008584
        ],
        [
          0.024283838796744575,
          0.12568772071585832,
          0.10665950698253557,
          0.0010347605457869285,
          0.32923091853261255,
          0.2794122078113466,
          0.13369104661511538
        ],
        [
          0.08486391342530612,
          0.21781447476319332,
          0.017309898057490787,
          0.24249845565073977,
          0.24302797805544363,
          0.11700367663803517,
          0.07748160340979114
        ],
        [
          0.1238677859395255,
          0.08867138114840024,
          0.226145378008698,
          0.035466572490827,
          0.25175107815653647,
          0.23049656091200646,
          0.04360124334400634
        ],
        [
          0.28371009473564623,
          0.009860364745009152,
          0.04903266796092336,
          0.057897630015044145,
          0.17669561504037792,
          0.24554051448912784,
          0.17726311301387143
        ],
        [
          0.20710850880718956,
          0.19283931951111816,
          0.17158286235943446,
          0.0871034132294512,
          0.154406324334296,
          0.12252052803184553,
          0.0644390437266651
        ],
        [
          0.04138460459928705,
          0.020037206999944514,
          0.07696557684767022,
          0.4277310436824843,
          0.2600940023950808,
          0.06225509730306681,
          0.11153246817246636
        ],
        [
          0.18644038581359884,
          0.1457904228992044,
          0.12031709313685222,
          0.2065130893439349,
          0.1671296058862764,
          0.08325889133916349,
          0.09055051158096974
        ],
        [
          0.17787935081914094,
          0.02985401452279398,
          0.20815199722842523,
          0.11255875112015713,
          0.11174968894343604,
          0.18385025311255326,
          0.17595594425349348
        ],
        [
          0.1424891149499612,
          0.18991997029781887,
          0.19702634357456605,
          0.13798899513255197,
          0.11403602484911671,
          0.057885932615946115,
          0.16065361858003915
        ],
        [
          0.06700690514030208,
          0.21078457328993802,
          0.203979861918905,
          0.19112527709675767,
          0.1354646760254792,
          0.11801792600608586,
          0.07362078052253206
        ],
        [
          0.1045035722239987,
          0.24866334656953698,
          0.03001838195719239,
          0.0011337358901010366,
          0.13389345017489826,
          0.154032237859186,
          0.32775527532508664
        ],
        [
          0.11954599749705984,
          0.262797424798736,
          0.09804419705123137,
          0.1946048219312278,
          0.013712592515454088,
          0.26686408840102815,
          0.04443087780526285
        ],
        [
          0.033670370870263984,
          0.10175467722462646,
          0.12073854104975602,
          0.21703373050298516,
          0.07368508822765935,
          0.23745703229444715,
          0.2156605598302619
        ],
        [
          0.1990966244233568,
          0.10503715045527541,
          0.32974732143123786,
          0.18687890806672397,
          0.05119083450349847,
          0.10800042297595043,
          0.020048738143957155
        ],
        [
          0.15342423698880764,
          0.04870819163899719,
          0.16447101852547685,
          0.12573200884356836,
          0.1547226333561061,
          0.15050479559562638,
          0.20243711505141745
        ],
        [
          0.2259703618916728,
          0.18559265210591344,
          0.04086032710282026,
          0.18526691762185246,
          0.09336585640713028,
          0.21161922299647315,
          0.05732466187413761
        ],
        [
          0.03208438034221613,
          0.06755195708042964,
          0.08660932988062242,
          0.14289375287116737,
          0.12451054796021098,
          0.3746846505906099,
          0.17166538127474346
        ],
        [
          0.22569374364564965,
          0.11613976620678358,
          0.13632376927189535,
          0.16948719547009866,
          0.11411116203049658,
          0.025162667045788453,
          0.21308169632928775
        ],
        [
          0.23884073394153876,
          0.088625237517346,
          0.18647850970610935,
          0.20652965633136575,
          0.14353656154712244,
          0.12364564745972559,
          0.01234365349679217
        ],
        [
          0.17551466704648425,
          0.1810787963912554,
          0.08448787725038107,
          0.16483360562174854,
          0.1968082090189593,
          0.02013258928634575,
          0.17714425538482578
        ],
        [
          0.04261136377816927,
          0.05333598714331205,
          0.031272352118199336,
          0.32283914095746924,
          0.2850650674979651,
          0.2169470220301911,
          0.047929066474693846
        ],
        [
          0.14241673501865884,
          0.17150876395321774,
          0.13008495863632272,
          0.20636161544553697,
          0.03595687489345042,
          0.14830693453871877,
          0.16536411751409452
        ],
        [
          0.07557134408966978,
          0.19200358883857496,
          0.12671728150264702,
          0.15947669609675003,
          0.29098039847817164,
          0.1429841044934194,
          0.01226658650076717
        ],
        [
          0.1868671805978581,
          0.1730443241033411,
          0.08277976380497921,
          0.11647214404854306,
          0.09694403153585071,
          0.1800474744440355,
          0.1638450814653923
        ],
        [
          0.1002523359982923,
          0.08873191360580532,
          0.10504322846557074,
          0.2042005559894744,
          0.20904287631123109,
          0.14643066827297263,
          0.14629842135665355
        ],
        [
          0.05081498351314198,
          0.15588156913276133,
          0.15659354513920226,
          0.21158393030689326,
          0.1937654189632866,
          0.1796209591363642,
          0.051739593808350304
        ],
        [
          0.09647094129279116,
          0.18044102267189555,
          0.024910151337598663,
          0.21254956716799875,
          0.1907939327190458,
          0.1636089234044335,
          0.1312254614062366
        ],
        [
          0.14099551364203514,
          0.2292704368529331,
          0.05519905535630856,
          0.30009295835040745,
          0.06860225400045795,
          0.1308472025279335,
          0.07499257926992425
        ],
        [
          0.13169171687140172,
          0.19095186756066307,
          0.12490196452959204,
          0.17963668837665173,
          0.12121602686129339,
          0.17885353566761888,
          0.07274820013277924
        ],
        [
          0.1318653204012244,
          0.30774890561744306,
          0.014098866165007908,
          0.12822486528909166,
          0.04856903014261737,
          0.05573326854697152,
          0.3137597438376441
        ],
        [
          0.1359039469873072,
          0.11630397605647845,
          0.19001451020859011,
          0.15458931224307396,
          0.17070626752585294,
          0.19402650570038146,
          0.03845548127831592
        ],
        [
          0.17824299268018134,
          0.12727515508000953,
          0.14219818840712675,
          0.13715478401457756,
          0.16137852686714949,
          0.15339564866365557,
          0.10035470428729974
        ],
        [
          0.20335576449283455,
          0.04877478334833285,
          0.0506313254864383,
          0.09992357171584317,
          0.1897548856600094,
          0.181964692796689,
          0.2255949764998528
        ],
        [
          0.17093108370408472,
          0.2279849001355737,
          0.22452499180759042,
          0.08028613091291005,
          0.038640918818775495,
          0.13941719889600476,
          0.1182147757250608
        ],
        [
          0.17598909975261098,
          0.22465770916560204,
          0.1855819356226278,
          0.1174248478980551,
          0.07992416651429235,
          0.055349221882453385,
          0.16107301916435826
        ],
        [
          0.006133390919412593,
          0.2956081844214067,
          0.01456606725722234,
          0.2695571818540481,
          0.2831826534861476,
          0.11195653375610734,
          0.01899598830565539
        ],
        [
          0.17154284125266833,
          0.174691643453945,
          0.032251195955509314,
          0.1326168953982721,
          0.07711455929425591,
          0.1690585098062859,
          0.24272435483906338
        ]
      ],
      "timestamps": [
        0,
        1,
        2,
        3,
        4,
        5,
        6,
        7,
        8,
        9,
        10,
        11,
        12,
        13,
        14,
        15,
        16,
        17,
        18,
        19,
        20,
        21,
        22,
        23,
        24,
        25,
        26,
        27,
        28,
        29,
        30,
        31,
        32,
        33,
        34,
        35,
        36,
        37,
        38,
        39,
        40,
        41,
        42,
        43,
        44,
        45,
        46,
        47,
        48,
        49,
        50,
        51,
        52,
        53,
        54,
        55,
        56,
        57,
        58,
        59,
        60,
        61,
        62,
        63,
        64,
        65,
        66,
        67,
        68,
        69,
        70,
        71,
        72,
        73,
        74,
        75,
        76,
        77,
        78,
        79,
        80,
        81,
        82,
        83,
        84,
        85,
        86,
        87,
        88,
        89,
        90,
        91,
        92,
        93,
        94,
        95,
        96,
        97,
        98,
        99
      ],
      "distance": 1098.7
    }
  ],
  "conversation": [
    "I always get turned around near the old town lanes.",
    "Wonder what's new around here.",
    "It's never just one quick stop in Avinguda Meritxell."
  ],
  "conversation_timestamps": [
    41,
    72,
    92
  ]
}
