{"agent_id": "agent-green-597", "type": "green", "trips": [{"trip_id": 0, "transport_method": "car", "start_time": 0, "path": [[1.5080828, 42.5459264], [1.5089885, 42.5456241], [1.509252, 42.5447039], [1.5097801, 42.5439182], [1.5105281, 42.5435585], [1.5113306, 42.5441074], [1.5110404, 42.5437475], [1.5105098, 42.5434902], [1.511425, 42.5438185], [1.5123402, 42.5441467], [1.5132553, 42.544475], [1.513322, 42.5444662], [1.5123669, 42.5443165], [1.5123871, 42.5445041], [1.5133218, 42.5447717], [1.5142668, 42.5449275], [1.5152332, 42.5448645], [1.5159069, 42.5442051], [1.5166106, 42.5435375], [1.5172145, 42.5428024], [1.5177084, 42.5419669], [1.5185451, 42.5415106], [1.5192992, 42.5409918], [1.5193928, 42.5401029], [1.5194789, 42.5391345], [1.519352, 42.5397651], [1.5194466, 42.539581], [1.519545, 42.5386138], [1.5198329, 42.5376928], [1.5202482, 42.5368171], [1.5209211, 42.5361364], [1.5210353, 42.5354743], [1.5203048, 42.5348336], [1.5196165, 42.5341473], [1.5196753, 42.5332488], [1.5196442, 42.5322966], [1.5196671, 42.5313509], [1.5198192, 42.5308718], [1.5195581, 42.5317763], [1.5196728, 42.5309483], [1.5197868, 42.5301074], [1.5204857, 42.5294711], [1.5206105, 42.5285411], [1.5200996, 42.5277229], [1.5201469, 42.5268402], [1.5205858, 42.5259948], [1.5206212, 42.5250233], [1.520932, 42.5241208], [1.5215437, 42.5233661], [1.5219221, 42.5224786], [1.5225928, 42.5217947], [1.5233131, 42.5211581], [1.5236463, 42.5202464], [1.5238209, 42.5199258], [1.5234726, 42.5208287], [1.5235985, 42.5204738], [1.5239578, 42.5195704], [1.5243617, 42.5186994], [1.5251539, 42.5181892], [1.5258497, 42.517515], [1.5266746, 42.5170729], [1.5274987, 42.516603], [1.5283941, 42.516241], [1.5290832, 42.5155707], [1.5297029, 42.5148413], [1.5304088, 42.514192], [1.530355, 42.5132545], [1.5308725, 42.5124366], [1.5305642, 42.5117005], [1.529781, 42.5112264], [1.5295812, 42.5105132], [1.5289621, 42.5097922], [1.528679, 42.5095448], [1.529376, 42.5101949], [1.5287481, 42.5095061], [1.5285673, 42.508932], [1.5294702, 42.5085875], [1.5293762, 42.5081172], [1.5298812, 42.507537], [1.5305572, 42.5068388]], "mood_vectors": [[0.0756, 0.0433, 0.0252, 0.0401, 0.0161, 0.0552, 0.7445], [0.076, 0.0237, 0.0653, 0.0634, 0.0355, 0.0147, 0.7214], [0.0857, 0.0627, 0.0639, 0.0247, 0.0808, 0.0766, 0.6055], [0.0329, 0.0238, 0.0321, 0.0576, 0.0658, 0.0284, 0.7593], [0.0146, 0.0732, 0.0796, 0.0603, 0.0513, 0.0186, 0.7024], [0.0592, 0.0602, 0.0816, 0.0211, 0.0231, 0.0349, 0.7197], [0.0269, 0.0984, 0.0726, 0.0486, 0.0498, 0.0552, 0.6485], [0.0548, 0.0255, 0.0278, 0.0474, 0.0801, 0.08, 0.6843], [0.0665, 0.0604, 0.0599, 0.0613, 0.0361, 0.0543, 0.6616], [0.0564, 0.062, 0.0205, 0.0308, 0.0182, 0.0808, 0.7314], [0.0246, 0.018, 0.0604, 0.0562, 0.0594, 0.075, 0.7063], [0.0275, 0.0466, 0.0923, 0.0445, 0.0502, 0.0656, 0.6732], [0.0617, 0.0407, 0.0557, 0.0616, 0.0176, 0.0532, 0.7096], [0.0664, 0.0467, 0.0546, 0.0785, 0.0523, 0.0643, 0.6372], [0.0678, 0.0129, 0.0573, 0.0565, 0.0526, 0.0609, 0.692], [0.0641, 0.07, 0.0163, 0.0507, 0.0539, 0.0838, 0.6613], [0.0712, 0.0416, 0.0195, 0.0666, 0.0533, 0.0661, 0.6818], [0.05, 0.0122, 0.0273, 0.0293, 0.0755, 0.0613, 0.7445], [0.045, 0.0494, 0.0211, 0.068, 0.0772, 0.0179, 0.7215], [0.0386, 0.0426, 0.0244, 0.0331, 0.0361, 0.0574, 0.7678], [0.0745, 0.0611, 0.0182, 0.0529, 0.0487, 0.0481, 0.6965], [0.0531, 0.0698, 0.0762, 0.0567, 0.0393, 0.0117, 0.6932], [0.0311, 0.0283, 0.0514, 0.0606, 0.0799, 0.03, 0.7187], [0.0465, 0.0562, 0.0636, 0.0457, 0.0442, 0.0355, 0.7083], [0.0405, 0.0445, 0.0352, 0.0757, 0.0495, 0.045, 0.7096], [0.0343, 0.0367, 0.0742, 0.0688, 0.0676, 0.0596, 0.6588], [0.0461, 0.0629, 0.028, 0.0151, 0.0783, 0.0597, 0.7098], [0.0151, 0.014, 0.0744, 0.0832, 0.0564, 0.0301, 0.7269], [0.0219, 0.0238, 0.0353, 0.0607, 0.0719, 0.0146, 0.7718], [0.0446, 0.0223, 0.0484, 0.0488, 0.018, 0.0631, 0.7549], [0.0627, 0.0398, 0.0287, 0.0113, 0.0631, 0.0176, 0.7767], [0.0267, 0.0267, 0.0217, 0.0775, 0.0512, 0.0498, 0.7464], [0.0318, 0.0388, 0.0625, 0.0372, 0.0802, 0.0747, 0.6748], [0.0168, 0.0469, 0.0133, 0.0694, 0.0568, 0.0437, 0.7532], [0.0511, 0.056, 0.0941, 0.0519, 0.081, 0.072, 0.594], [0.0344, 0.0744, 0.0506, 0.0443, 0.0856, 0.0484, 0.6624], [0.0457, 0.0467, 0.0639, 0.0668, 0.0586, 0.0701, 0.6481], [0.0768, 0.0202, 0.0552, 0.072, 0.0718, 0.0797, 0.6243], [0.0542, 0.0158, 0.0453, 0.0488, 0.0927, 0.044, 0.6992], [0.0822, 0.0204, 0.0913, 0.0877, 0.0196, 0.0475, 0.6512], [0.0459, 0.0325, 0.0717, 0.0436, 0.0805, 0.0295, 0.6962], [0.0213, 0.0341, 0.0514, 0.0665, 0.044, 0.027, 0.7558], [0.0576, 0.0406, 0.0507, 0.0473, 0.0398, 0.0808, 0.6832], [0.0834, 0.0336, 0.0226, 0.0289, 0.0645, 0.0775, 0.6895], [0.0569, 0.094, 0.0319, 0.0597, 0.0161, 0.0161, 0.7252], [0.0991, 0.0208, 0.038, 0.0234, 0.0562, 0.0782, 0.6843], [0.0635, 0.0429, 0.065, 0.0611, 0.0383, 0.0179, 0.7114], [0.0654, 0.071, 0.0567, 0.0461, 0.0739, 0.0451, 0.6418], [0.0173, 0.0787, 0.0657, 0.078, 0.0699, 0.0236, 0.6667], [0.0247, 0.0556, 0.0308, 0.0776, 0.0176, 0.0737, 0.7201], [0.0266, 0.0191, 0.0944, 0.0718, 0.0719, 0.028, 0.6881], [0.0157, 0.0665, 0.0556, 0.0652, 0.0521, 0.0561, 0.6886], [0.0561, 0.0366, 0.0701, 0.0775, 0.0531, 0.0231, 0.6835], [0.0739, 0.0734, 0.0729, 0.0331, 0.073, 0.0579, 0.6159], [0.0668, 0.0722, 0.0542, 0.0691, 0.0311, 0.0812, 0.6254], [0.0755, 0.0729, 0.0402, 0.03, 0.0231, 0.0228, 0.7356], [0.0309, 0.0649, 0.0552, 0.0404, 0.0628, 0.0496, 0.6962], [0.0318, 0.0697, 0.024, 0.0386, 0.0133, 0.0731, 0.7495], [0.0793, 0.0449, 0.0244, 0.0384, 0.0485, 0.0664, 0.6981], [0.0547, 0.0907, 0.069, 0.0509, 0.0385, 0.0339, 0.6623], [0.0711, 0.0574, 0.0602, 0.0403, 0.0699, 0.0647, 0.6362], [0.0318, 0.0651, 0.0442, 0.0687, 0.0349, 0.063, 0.6925], [0.0152, 0.0371, 0.0758, 0.036, 0.069, 0.018, 0.7488], [0.0221, 0.0421, 0.0822, 0.0904, 0.0519, 0.0814, 0.6299], [0.0401, 0.0148, 0.0322, 0.0322, 0.0755, 0.0901, 0.715], [0.0846, 0.0549, 0.0228, 0.066, 0.0508, 0.0228, 0.6981], [0.0424, 0.0847, 0.0127, 0.0373, 0.054, 0.0447, 0.7242], [0.0441, 0.0275, 0.0407, 0.0577, 0.0721, 0.075, 0.6829], [0.05, 0.051, 0.0172, 0.0403, 0.0802, 0.034, 0.7272], [0.0462, 0.0879, 0.0786, 0.0249, 0.0492, 0.054, 0.6592], [0.0886, 0.0877, 0.0152, 0.0716, 0.0477, 0.05, 0.639], [0.0442, 0.033, 0.0144, 0.0518, 0.0706, 0.048, 0.7381], [0.0542, 0.0495, 0.064, 0.0146, 0.0598, 0.0645, 0.6933], [0.0636, 0.0369, 0.027, 0.0367, 0.056, 0.0414, 0.7384], [0.0497, 0.0586, 0.0663, 0.0508, 0.0531, 0.0384, 0.6831], [0.0622, 0.0153, 0.0169, 0.013, 0.0235, 0.0334, 0.8357], [0.03, 0.0795, 0.0739, 0.0422, 0.0491, 0.0678, 0.6575], [0.0563, 0.0537, 0.0819, 0.0274, 0.0637, 0.0817, 0.6353], [0.0282, 0.03, 0.0153, 0.0519, 0.0709, 0.0696, 0.7342], [0.0228, 0.0146, 0.0276, 0.0404, 0.052, 0.0479, 0.7947]], "emotions": ["purple", "purple", "purple", "purple", "purple", "purple", "purple", "purple", "purple", "purple", "purple", "purple", "purple", "purple", "purple", "purple", "purple", "purple", "purple", "purple", "purple", "purple", "purple", "purple", "purple", "purple", "purple", "purple", "purple", "purple", "purple", "purple", "purple", "purple", "purple", "purple", "purple", "purple", "purple", "purple", "purple", "purple", "purple", "purple", "purple", "purple", "purple", "purple", "purple", "purple", "purple", "purple", "purple", "purple", "purple", "purple", "purple", "purple", "purple", "purple", "purple", "purple", "purple", "purple", "purple", "purple", "purple", "purple", "purple", "purple", "purple", "purple", "purple", "purple", "purple", "purple", "purple", "purple", "purple", "purple"], "timestamps": [0, 40, 80, 120, 160, 200, 240, 280, 320, 360, 400, 440, 480, 520, 560, 600, 640, 680, 720, 760, 800, 840, 880, 920, 960, 1000, 1040, 1080, 1120, 1160, 1200, 1240, 1280, 1320, 1360, 1400, 1440, 1480, 1520, 1560, 1600, 1640, 1680, 1720, 1760, 1800, 1840, 1880, 1920, 1960, 2000, 2040, 2080, 2120, 2160, 2200, 2240, 2280, 2320, 2360, 2400, 2440, 2480, 2520, 2560, 2600, 2640, 2680, 2720, 2760, 2800, 2840, 2880, 2920, 2960, 3000, 3040, 3080, 3120, 3160]}], "conversation": [], "conversation_timestamps": []}