{"agent_id": "agent-red-581", "type": "red", "trips": [{"trip_id": 0, "transport_method": "foot", "start_time": 0, "path": [[1.585353, 42.5378156], [1.5855686, 42.5369782], [1.5843211, 42.536646], [1.5830477, 42.5363169], [1.5820748, 42.5356782], [1.5811781, 42.5348505], [1.5804103, 42.5338169], [1.5798435, 42.5334812], [1.578611, 42.5330263], [1.5773063, 42.53286], [1.5764342, 42.5327184], [1.5777375, 42.5329059], [1.5767795, 42.5327392], [1.5754854, 42.5324923], [1.5748535, 42.5323945], [1.5760784, 42.5326035], [1.5748931, 42.5320282], [1.5737079, 42.5314528], [1.5732554, 42.5314427], [1.5742128, 42.5322948], [1.5732814, 42.5313629], [1.5723856, 42.5304022], [1.5714725, 42.529479], [1.5704164, 42.5286914], [1.5695701, 42.5280463], [1.5706709, 42.5287702], [1.5710134, 42.5291675], [1.5699169, 42.5284372], [1.5688204, 42.5277068], [1.5677239, 42.5269764], [1.5684002, 42.5273313], [1.5687308, 42.5275617], [1.5676367, 42.5268276], [1.5665486, 42.5260852], [1.5653952, 42.5254602], [1.5641418, 42.5251146], [1.5629374, 42.5246112], [1.5619935, 42.5237193], [1.5609771, 42.5228867], [1.5599076, 42.522164], [1.5588408, 42.521424], [1.55787, 42.5205338], [1.5570031, 42.5195721], [1.5565772, 42.5190955], [1.5564201, 42.5188968], [1.5560825, 42.5187942], [1.5556151, 42.5181514], [1.555053, 42.5179808], [1.5540636, 42.5171108], [1.5541925, 42.517427], [1.5540288, 42.5170789], [1.5533976, 42.5159537], [1.5527406, 42.5148245], [1.5525107, 42.5135861], [1.5513773, 42.5129266], [1.5503627, 42.5121213], [1.5491289, 42.5116739], [1.5478477, 42.511367], [1.5466109, 42.5109452], [1.5462571, 42.5097742], [1.5459367, 42.5096012], [1.5446699, 42.5093154], [1.543405, 42.5090151], [1.5421032, 42.5088958], [1.5408885, 42.5092705], [1.5397975, 42.5099486], [1.5386313, 42.510062], [1.5373145, 42.5100229], [1.5360095, 42.5099424], [1.5346943, 42.509916], [1.5334418, 42.5099782], [1.5321598, 42.5098692], [1.5309212, 42.5094214], [1.5296733, 42.5090813], [1.5284026, 42.5089444], [1.5272397, 42.5087949], [1.5259291, 42.5086897], [1.5246582, 42.5083632], [1.525527, 42.5086452], [1.5242777, 42.508574]], "mood_vectors": [[0.7142, 0.0167, 0.0748, 0.0281, 0.02, 0.0687, 0.0776], [0.7041, 0.0631, 0.0444, 0.03, 0.0681, 0.0408, 0.0496], [0.739, 0.0451, 0.0245, 0.0277, 0.0538, 0.0432, 0.0668], [0.7161, 0.0539, 0.0773, 0.03, 0.0222, 0.0511, 0.0494], [0.7148, 0.05, 0.0768, 0.0394, 0.0539, 0.025, 0.04], [0.7266, 0.0244, 0.0425, 0.0649, 0.0182, 0.042, 0.0813], [0.6749, 0.0637, 0.0637, 0.0225, 0.0802, 0.0389, 0.0559], [0.7042, 0.0134, 0.0673, 0.0353, 0.0739, 0.0202, 0.0856], [0.6842, 0.0986, 0.0712, 0.0298, 0.0298, 0.0458, 0.0406], [0.7031, 0.042, 0.0585, 0.012, 0.0425, 0.0668, 0.0751], [0.6382, 0.083, 0.0665, 0.0193, 0.0492, 0.0682, 0.0757], [0.6037, 0.0779, 0.0811, 0.0873, 0.0833, 0.0246, 0.0421], [0.7408, 0.0179, 0.042, 0.0162, 0.0403, 0.0843, 0.0584], [0.6649, 0.0413, 0.096, 0.0565, 0.0498, 0.0162, 0.0752], [0.7613, 0.0268, 0.0257, 0.0322, 0.0599, 0.0199, 0.0742], [0.7534, 0.0409, 0.0285, 0.0283, 0.0229, 0.0855, 0.0406], [0.6334, 0.0734, 0.0749, 0.0473, 0.0546, 0.0531, 0.0633], [0.695, 0.0461, 0.0441, 0.0353, 0.0813, 0.0399, 0.0583], [0.6677, 0.0523, 0.0428, 0.0699, 0.1023, 0.0223, 0.0426], [0.6783, 0.0242, 0.0493, 0.0502, 0.0469, 0.0677, 0.0835], [0.7446, 0.0337, 0.0689, 0.0229, 0.0261, 0.0275, 0.0764], [0.7254, 0.0662, 0.0388, 0.0502, 0.0163, 0.0658, 0.0372], [0.6764, 0.0161, 0.0221, 0.0818, 0.048, 0.0637, 0.0919], [0.6773, 0.0237, 0.0504, 0.0932, 0.0658, 0.0198, 0.0699], [0.7293, 0.0565, 0.069, 0.0392, 0.0155, 0.069, 0.0216], [0.7024, 0.0643, 0.0838, 0.0572, 0.0185, 0.0539, 0.0199], [0.6496, 0.0736, 0.0661, 0.0172, 0.0617, 0.0594, 0.0723], [0.7445, 0.0751, 0.0142, 0.0215, 0.0312, 0.0312, 0.0824], [0.6273, 0.048, 0.0531, 0.0634, 0.0689, 0.076, 0.0633], [0.6993, 0.0253, 0.0788, 0.023, 0.0688, 0.0759, 0.0289], [0.8035, 0.0206, 0.0576, 0.0175, 0.0484, 0.0159, 0.0364], [0.702, 0.0626, 0.0157, 0.0684, 0.0427, 0.0786, 0.0299], [0.7141, 0.0757, 0.0238, 0.0448, 0.0769, 0.0475, 0.0173], [0.6123, 0.0414, 0.03, 0.0659, 0.0846, 0.0863, 0.0795], [0.6831, 0.0717, 0.0609, 0.0451, 0.0443, 0.0644, 0.0304], [0.7373, 0.0607, 0.0705, 0.0301, 0.0603, 0.014, 0.0271], [0.7635, 0.0649, 0.068, 0.0114, 0.0363, 0.0425, 0.0134], [0.6319, 0.0502, 0.0625, 0.0298, 0.0732, 0.0861, 0.0661], [0.7528, 0.0289, 0.0498, 0.058, 0.0421, 0.033, 0.0354], [0.7126, 0.0733, 0.0309, 0.0655, 0.0427, 0.0363, 0.0386], [0.7155, 0.0822, 0.0675, 0.0188, 0.0184, 0.0494, 0.0482], [0.6959, 0.0345, 0.078, 0.0169, 0.0185, 0.0911, 0.0651], [0.6535, 0.0498, 0.0603, 0.0914, 0.0386, 0.0517, 0.0547], [0.7413, 0.0784, 0.0743, 0.0363, 0.0214, 0.0316, 0.0166], [0.8063, 0.0394, 0.0217, 0.0304, 0.0186, 0.0359, 0.0477], [0.7438, 0.0219, 0.0399, 0.0436, 0.0475, 0.0153, 0.0881], [0.681, 0.062, 0.0722, 0.0603, 0.05, 0.0439, 0.0306], [0.6503, 0.0352, 0.037, 0.0191, 0.0804, 0.0947, 0.0832], [0.7455, 0.0492, 0.0261, 0.0402, 0.071, 0.023, 0.0449], [0.7281, 0.0377, 0.0327, 0.0159, 0.0831, 0.0746, 0.0279], [0.673, 0.0821, 0.0455, 0.0833, 0.0211, 0.0592, 0.0357], [0.6424, 0.046, 0.0851, 0.034, 0.0383, 0.066, 0.0881], [0.7494, 0.0234, 0.0458, 0.0356, 0.0497, 0.0799, 0.0164], [0.6436, 0.0639, 0.0652, 0.054, 0.0682, 0.0869, 0.0181], [0.7403, 0.0381, 0.0621, 0.0432, 0.0182, 0.0743, 0.0239], [0.6387, 0.0508, 0.0975, 0.0321, 0.0932, 0.0288, 0.0588], [0.6911, 0.0341, 0.0626, 0.0315, 0.0611, 0.0542, 0.0655], [0.7136, 0.0295, 0.0419, 0.0525, 0.0444, 0.0551, 0.063], [0.6913, 0.0815, 0.0711, 0.0188, 0.0475, 0.0751, 0.0146], [0.7383, 0.0283, 0.0486, 0.0348, 0.0728, 0.0427, 0.0345], [0.6846, 0.0383, 0.0789, 0.0594, 0.0424, 0.0301, 0.0663], [0.6937, 0.0781, 0.0718, 0.0371, 0.0653, 0.0325, 0.0214], [0.7238, 0.0745, 0.0304, 0.054, 0.0277, 0.0507, 0.0389], [0.691, 0.0544, 0.0443, 0.0699, 0.0515, 0.0327, 0.056], [0.7022, 0.0655, 0.0314, 0.0414, 0.0564, 0.0513, 0.0518], [0.7252, 0.0381, 0.0141, 0.068, 0.0514, 0.068, 0.0352], [0.6839, 0.0536, 0.0627, 0.0572, 0.0357, 0.0387, 0.0682], [0.6527, 0.0774, 0.081, 0.0276, 0.0512, 0.0287, 0.0814], [0.6689, 0.0976, 0.0765, 0.0491, 0.022, 0.0626, 0.0233], [0.7317, 0.0468, 0.0667, 0.0932, 0.0213, 0.0201, 0.0203], [0.6735, 0.0395, 0.0574, 0.0554, 0.0658, 0.052, 0.0565], [0.7415, 0.0483, 0.0578, 0.0305, 0.0384, 0.0576, 0.0259], [0.6464, 0.0941, 0.0545, 0.0638, 0.0442, 0.0372, 0.0596], [0.7282, 0.074, 0.0389, 0.064, 0.0292, 0.0371, 0.0285], [0.7206, 0.0628, 0.0374, 0.0285, 0.0684, 0.0481, 0.0343], [0.6194, 0.0694, 0.0647, 0.0803, 0.0245, 0.0863, 0.0553], [0.6516, 0.0857, 0.0185, 0.0438, 0.0518, 0.0617, 0.0869], [0.6694, 0.062, 0.0671, 0.0619, 0.0235, 0.068, 0.048], [0.7354, 0.0283, 0.0286, 0.0441, 0.0747, 0.0672, 0.0217], [0.7496, 0.0287, 0.05, 0.0569, 0.0288, 0.0474, 0.0386]], "emotions": ["red", "red", "red", "red", "red", "red", "red", "red", "red", "red", "red", "red", "red", "red", "red", "red", "red", "red", "red", "red", "red", "red", "red", "red", "red", "red", "red", "red", "red", "red", "red", "red", "red", "red", "red", "red", "red", "red", "red", "red", "red", "red", "red", "red", "red", "red", "red", "red", "red", "red", "red", "red", "red", "red", "red", "red", "red", "red", "red", "red", "red", "red", "red", "red", "red", "red", "red", "red", "red", "red", "red", "red", "red", "red", "red", "red", "red", "red", "red", "red"], "timestamps": [0, 40, 80, 120, 160, 200, 240, 280, 320, 360, 400, 440, 480, 520, 560, 600, 640, 680, 720, 760, 800, 840, 880, 920, 960, 1000, 1040, 1080, 1120, 1160, 1200, 1240, 1280, 1320, 1360, 1400, 1440, 1480, 1520, 1560, 1600, 1640, 1680, 1720, 1760, 1800, 1840, 1880, 1920, 1960, 2000, 2040, 2080, 2120, 2160, 2200, 2240, 2280, 2320, 2360, 2400, 2440, 2480, 2520, 2560, 2600, 2640, 2680, 2720, 2760, 2800, 2840, 2880, 2920, 2960, 3000, 3040, 3080, 3120, 3160]}], "conversation": [], "conversation_timestamps": []}