{"agent_id": "agent-orange-488", "type": "orange", "trips": [{"trip_id": 0, "transport_method": "foot", "start_time": 0, "path": [[1.5213177, 42.5048922], [1.5220948, 42.504922], [1.5219615, 42.5058052], [1.5216215, 42.5066409], [1.5223417, 42.5069399], [1.5227656, 42.5076538], [1.5236507, 42.5077926], [1.5245514, 42.5078304], [1.5254238, 42.5080745], [1.5262079, 42.5084253], [1.5271054, 42.5085211], [1.5279332, 42.508844], [1.528598, 42.5094572], [1.5292241, 42.5100889], [1.529485, 42.5107923], [1.5299285, 42.5114399], [1.5307333, 42.5117939], [1.5308003, 42.5125416], [1.5303432, 42.5133146], [1.5304091, 42.5141872], [1.5297677, 42.5148127], [1.5291623, 42.5154595], [1.5284756, 42.516025], [1.5276909, 42.5164782], [1.5269062, 42.5169314], [1.5264073, 42.5171663], [1.5272209, 42.5168174], [1.5280155, 42.5164218], [1.5287786, 42.5159482], [1.5283441, 42.5161423], [1.5275843, 42.516636], [1.5268245, 42.5171298], [1.5260646, 42.5176236], [1.5253048, 42.5181173], [1.5247223, 42.518527], [1.5254304, 42.5179703], [1.5260969, 42.5173804], [1.5257106, 42.5177182], [1.5249735, 42.5182453], [1.5242481, 42.5187872], [1.5238767, 42.5195188], [1.5236727, 42.5203958], [1.5232798, 42.5212112], [1.5225957, 42.521793], [1.5219555, 42.5224177], [1.5216214, 42.5232552], [1.5210477, 42.5239556], [1.5206412, 42.5247567], [1.5207878, 42.5256316], [1.5206259, 42.5265062], [1.5205998, 42.5273898], [1.5210406, 42.5281538], [1.5214528, 42.5288931], [1.5219787, 42.5294867], [1.5213499, 42.5301262], [1.5212541, 42.5308472], [1.5208808, 42.5316583], [1.521308, 42.5324546], [1.5210528, 42.5332479], [1.5209207, 42.5339073], [1.521432, 42.5345962], [1.5221964, 42.5350506], [1.5227308, 42.5357811], [1.5233101, 42.5363648], [1.5241564, 42.5366504], [1.5250451, 42.5368184], [1.5251976, 42.537452], [1.5243898, 42.537573], [1.5235797, 42.5379653], [1.5231237, 42.5386319], [1.5231639, 42.5395329], [1.5233362, 42.5404035], [1.523421, 42.5406419], [1.523019, 42.5414282], [1.5229123, 42.5422837], [1.5230895, 42.5431551], [1.5228342, 42.5438246], [1.52307, 42.5444657], [1.5235076, 42.5452329], [1.5235017, 42.5455217]], "mood_vectors": [[0.0294, 0.0554, 0.0575, 0.0627, 0.6384, 0.082, 0.0747], [0.0515, 0.02, 0.0594, 0.0357, 0.7177, 0.0722, 0.0435], [0.0727, 0.0289, 0.0233, 0.0349, 0.7273, 0.0833, 0.0295], [0.0321, 0.0536, 0.0261, 0.065, 0.7079, 0.0711, 0.0443], [0.0395, 0.0693, 0.0286, 0.0669, 0.6653, 0.0719, 0.0585], [0.0589, 0.0218, 0.0661, 0.0568, 0.7187, 0.0633, 0.0144], [0.0696, 0.0798, 0.0502, 0.0471, 0.6338, 0.0717, 0.0478], [0.0336, 0.069, 0.0764, 0.0429, 0.6585, 0.0894, 0.0304], [0.0848, 0.015, 0.0138, 0.0501, 0.73, 0.033, 0.0733], [0.0178, 0.0665, 0.0887, 0.0278, 0.6667, 0.0517, 0.0807], [0.0727, 0.0474, 0.021, 0.0539, 0.6694, 0.0883, 0.0473], [0.0341, 0.0498, 0.0439, 0.0591, 0.7403, 0.0125, 0.0604], [0.0368, 0.0593, 0.0161, 0.0314, 0.7669, 0.015, 0.0745], [0.0753, 0.0354, 0.0319, 0.0638, 0.693, 0.0729, 0.0275], [0.0208, 0.0326, 0.0447, 0.0487, 0.7457, 0.0752, 0.0323], [0.0683, 0.0176, 0.0652, 0.0849, 0.73, 0.0188, 0.0152], [0.0428, 0.0299, 0.0597, 0.0188, 0.7437, 0.0758, 0.0293], [0.0431, 0.0342, 0.0579, 0.042, 0.6969, 0.081, 0.0449], [0.016, 0.043, 0.0362, 0.0236, 0.764, 0.0445, 0.0727], [0.0524, 0.0358, 0.0751, 0.014, 0.6878, 0.0462, 0.0887], [0.0301, 0.0459, 0.0546, 0.0909, 0.6188, 0.0914, 0.0683], [0.0691, 0.0534, 0.0559, 0.0458, 0.6619, 0.0329, 0.0811], [0.0569, 0.026, 0.0453, 0.0565, 0.722, 0.0551, 0.0382], [0.0783, 0.056, 0.0372, 0.0433, 0.7176, 0.0363, 0.0313], [0.0853, 0.0878, 0.0288, 0.0394, 0.6968, 0.0187, 0.0432], [0.0411, 0.0751, 0.0704, 0.0335, 0.7104, 0.0245, 0.045], [0.0186, 0.0154, 0.0939, 0.0189, 0.7656, 0.0391, 0.0484], [0.047, 0.0607, 0.0729, 0.0763, 0.6281, 0.043, 0.072], [0.0251, 0.0722, 0.0146, 0.0129, 0.7931, 0.0356, 0.0465], [0.0136, 0.0648, 0.049, 0.0247, 0.7711, 0.0199, 0.0569], [0.0149, 0.0415, 0.0687, 0.0808, 0.7203, 0.0429, 0.031], [0.0802, 0.016, 0.0323, 0.0274, 0.7033, 0.067, 0.0738], [0.0594, 0.0537, 0.0495, 0.0686, 0.7023, 0.0204, 0.046], [0.0665, 0.0633, 0.061, 0.0321, 0.6822, 0.0684, 0.0265], [0.07, 0.0383, 0.0717, 0.027, 0.6961, 0.0639, 0.033], [0.0671, 0.0455, 0.0624, 0.0241, 0.688, 0.0754, 0.0375], [0.0655, 0.0807, 0.0776, 0.0701, 0.6096, 0.0699, 0.0266], [0.0342, 0.0718, 0.0307, 0.07, 0.6968, 0.0339, 0.0626], [0.0193, 0.0548, 0.0516, 0.0561, 0.6999, 0.0325, 0.0859], [0.0213, 0.0169, 0.0523, 0.0582, 0.7301, 0.0691, 0.0522], [0.0654, 0.0437, 0.0355, 0.073, 0.7267, 0.0419, 0.0139], [0.0607, 0.0277, 0.0531, 0.0266, 0.7083, 0.0451, 0.0785], [0.0426, 0.0536, 0.0181, 0.08, 0.7244, 0.0303, 0.0509], [0.0191, 0.0472, 0.0315, 0.0209, 0.7385, 0.0503, 0.0924], [0.0727, 0.0698, 0.0166, 0.0167, 0.7301, 0.0258, 0.0684], [0.0668, 0.0644, 0.0398, 0.0535, 0.6253, 0.0721, 0.078], [0.056, 0.0217, 0.0221, 0.0367, 0.751, 0.0358, 0.0765], [0.0643, 0.0358, 0.0321, 0.0199, 0.764, 0.0688, 0.0152], [0.0173, 0.0622, 0.0271, 0.0468, 0.6891, 0.0953, 0.0622], [0.0632, 0.0447, 0.0527, 0.0409, 0.676, 0.019, 0.1036], [0.0285, 0.0684, 0.0741, 0.0488, 0.7155, 0.0342, 0.0304], [0.037, 0.0499, 0.0733, 0.0525, 0.6901, 0.0295, 0.0678], [0.0773, 0.0642, 0.0152, 0.0739, 0.6415, 0.0853, 0.0426], [0.0519, 0.0656, 0.0629, 0.0358, 0.6804, 0.021, 0.0825], [0.0609, 0.0631, 0.0804, 0.0132, 0.6844, 0.0642, 0.0338], [0.0329, 0.0733, 0.0223, 0.0789, 0.7268, 0.0192, 0.0466], [0.0338, 0.0512, 0.0803, 0.0251, 0.679, 0.0614, 0.0692], [0.0432, 0.0207, 0.0489, 0.0374, 0.7975, 0.0238, 0.0284], [0.0679, 0.0477, 0.0488, 0.0734, 0.6936, 0.0217, 0.047], [0.0652, 0.0369, 0.0717, 0.0513, 0.709, 0.0395, 0.0265], [0.0247, 0.0799, 0.0157, 0.056, 0.761, 0.0326, 0.03], [0.0769, 0.0525, 0.0671, 0.0802, 0.6113, 0.0713, 0.0406], [0.0202, 0.0688, 0.0329, 0.0366, 0.6977, 0.0775, 0.0663], [0.0729, 0.0424, 0.0332, 0.0664, 0.676, 0.0606, 0.0485], [0.0168, 0.029, 0.0871, 0.0252, 0.7355, 0.048, 0.0584], [0.0155, 0.0769, 0.0674, 0.018, 0.7634, 0.0351, 0.0237], [0.0301, 0.08, 0.0145, 0.0293, 0.7759, 0.0403, 0.0298], [0.0646, 0.0475, 0.0871, 0.013, 0.6632, 0.0495, 0.0751], [0.0499, 0.0426, 0.0857, 0.0795, 0.6417, 0.0324, 0.0683], [0.0364, 0.0705, 0.0697, 0.0232, 0.6501, 0.0726, 0.0776], [0.0781, 0.0905, 0.047, 0.0249, 0.6755, 0.0387, 0.0453], [0.0507, 0.0669, 0.0419, 0.0186, 0.7235, 0.0814, 0.0169], [0.0694, 0.0173, 0.0734, 0.0225, 0.7266, 0.0287, 0.0622], [0.0296, 0.0142, 0.0367, 0.0398, 0.7511, 0.0571, 0.0714], [0.0259, 0.0869, 0.0792, 0.0221, 0.7434, 0.0212, 0.0214], [0.0163, 0.06, 0.0417, 0.0386, 0.8021, 0.0149, 0.0265], [0.0199, 0.0787, 0.0535, 0.0345, 0.6851, 0.0627, 0.0657], [0.0291, 0.1089, 0.0221, 0.0285, 0.7104, 0.0742, 0.0268], [0.0814, 0.0168, 0.0227, 0.0129, 0.823, 0.0167, 0.0264], [0.0451, 0.0156, 0.0614, 0.0757, 0.6763, 0.0543, 0.0715]], "emotions": ["red", "red", "red", "red", "red", "red", "red", "red", "red", "red", "red", "red", "red", "red", "red", "red", "red", "red", "red", "red", "red", "red", "red", "red", "red", "red", "red", "red", "red", "red", "red", "red", "red", "red", "red", "red", "red", "red", "red", "red", "red", "red", "red", "red", "red", "red", "red", "red", "red", "red", "red", "red", "red", "red", "red", "red", "red", "red", "red", "red", "red", "red", "red", "red", "red", "red", "red", "red", "red", "red", "red", "red", "red", "red", "red", "red", "red", "red", "red", "red"], "timestamps": [0, 40, 80, 120, 160, 200, 240, 280, 320, 360, 400, 440, 480, 520, 560, 600, 640, 680, 720, 760, 800, 840, 880, 920, 960, 1000, 1040, 1080, 1120, 1160, 1200, 1240, 1280, 1320, 1360, 1400, 1440, 1480, 1520, 1560, 1600, 1640, 1680, 1720, 1760, 1800, 1840, 1880, 1920, 1960, 2000, 2040, 2080, 2120, 2160, 2200, 2240, 2280, 2320, 2360, 2400, 2440, 2480, 2520, 2560, 2600, 2640, 2680, 2720, 2760, 2800, 2840, 2880, 2920, 2960, 3000, 3040, 3080, 3120, 3160]}], "conversation": [], "conversation_timestamps": []}