{"agent_id": "agent-blue-890", "type": "blue", "trips": [{"trip_id": 0, "transport_method": "bus", "start_time": 0, "path": [[1.4823891, 42.5739912], [1.4837409, 42.5730477], [1.484529, 42.571832], [1.4860222, 42.5711731], [1.4873413, 42.570154], [1.4884721, 42.5688964], [1.4893668, 42.5675021], [1.4904729, 42.5662299], [1.4913721, 42.5653328], [1.4927116, 42.564306], [1.49409, 42.5633255], [1.4954684, 42.5623449], [1.4943563, 42.5634341], [1.4927573, 42.5639604], [1.4917369, 42.5649982], [1.493107, 42.5640061], [1.4944771, 42.5630139], [1.49585, 42.562026], [1.4973407, 42.5614924], [1.4978242, 42.56148], [1.4988992, 42.561623], [1.5001999, 42.561203], [1.5016584, 42.560346], [1.5027666, 42.5597519], [1.501441, 42.5607983], [1.5000311, 42.5613084], [1.5015442, 42.560552], [1.5030572, 42.5597956], [1.5044869, 42.5589063], [1.5048716, 42.5573536], [1.5059324, 42.5560521], [1.50665, 42.5545653], [1.5075261, 42.5532373], [1.5087884, 42.5521122], [1.5101046, 42.5510656], [1.5114816, 42.550096], [1.5122529, 42.5492672], [1.5133689, 42.5480269], [1.5135763, 42.5471186], [1.5140067, 42.5465561], [1.5150461, 42.5454637], [1.5154378, 42.5447393], [1.516612, 42.5435365], [1.5175673, 42.5421746], [1.5189749, 42.5413253], [1.5194118, 42.5398886], [1.5193433, 42.5397284], [1.5195156, 42.538903], [1.5200035, 42.5372999], [1.5210608, 42.5360308], [1.5203603, 42.5348874], [1.5195308, 42.5335457], [1.5195679, 42.5319239], [1.5198029, 42.5310069], [1.5196591, 42.5310642], [1.5202793, 42.5297775], [1.5204711, 42.528222], [1.5202096, 42.5267665], [1.5206165, 42.5251794], [1.5212768, 42.523676], [1.522089, 42.522218], [1.5233435, 42.5211096], [1.5238487, 42.5197321], [1.5234327, 42.5208907], [1.5240579, 42.5193188], [1.525168, 42.5181783], [1.5264523, 42.5171398], [1.5279562, 42.5164553], [1.5292107, 42.5153785], [1.5303986, 42.5142111], [1.5307168, 42.5126628], [1.5301368, 42.5115788], [1.52952, 42.5103365], [1.5286375, 42.5094999], [1.5289303, 42.5097673], [1.5276525, 42.508668], [1.5260033, 42.508374], [1.5244632, 42.5078134], [1.5227946, 42.5076632], [1.5223067, 42.5075415]], "mood_vectors": [[0.0341, 0.0367, 0.0677, 0.7084, 0.03, 0.0946, 0.0285], [0.0366, 0.0221, 0.076, 0.687, 0.0653, 0.0536, 0.0593], [0.0536, 0.0243, 0.0258, 0.6549, 0.0895, 0.0946, 0.0573], [0.0361, 0.0656, 0.0513, 0.7368, 0.0215, 0.0523, 0.0364], [0.0713, 0.033, 0.0398, 0.7085, 0.0464, 0.0377, 0.0634], [0.0244, 0.0769, 0.0658, 0.6755, 0.0166, 0.0852, 0.0554], [0.0653, 0.0184, 0.0343, 0.676, 0.0683, 0.0619, 0.0758], [0.0492, 0.017, 0.0812, 0.6341, 0.0788, 0.0688, 0.071], [0.0561, 0.0671, 0.0281, 0.6933, 0.0859, 0.0353, 0.0342], [0.0384, 0.0186, 0.0384, 0.7295, 0.0722, 0.0421, 0.0609], [0.0805, 0.0241, 0.0239, 0.6806, 0.0511, 0.0578, 0.082], [0.0622, 0.0148, 0.0421, 0.7303, 0.0736, 0.0449, 0.0322], [0.0404, 0.03, 0.0824, 0.7468, 0.0198, 0.0234, 0.0572], [0.0603, 0.0471, 0.044, 0.7111, 0.0652, 0.0273, 0.045], [0.0197, 0.0646, 0.0551, 0.7033, 0.0505, 0.0856, 0.021], [0.0425, 0.0363, 0.0532, 0.7221, 0.0729, 0.0471, 0.0259], [0.0618, 0.0159, 0.0674, 0.6724, 0.035, 0.0752, 0.0724], [0.0658, 0.088, 0.0434, 0.6871, 0.0464, 0.0348, 0.0344], [0.014, 0.0552, 0.045, 0.7522, 0.045, 0.0746, 0.014], [0.053, 0.0774, 0.0389, 0.7018, 0.0229, 0.0652, 0.041], [0.0417, 0.0569, 0.0709, 0.6591, 0.0631, 0.0368, 0.0716], [0.0236, 0.0524, 0.0918, 0.6775, 0.019, 0.0793, 0.0564], [0.0818, 0.0392, 0.0847, 0.636, 0.0734, 0.0315, 0.0534], [0.07, 0.0467, 0.0314, 0.6919, 0.0551, 0.0411, 0.0638], [0.0627, 0.0404, 0.0558, 0.6999, 0.0527, 0.0322, 0.0562], [0.0653, 0.0309, 0.0698, 0.6403, 0.0571, 0.0762, 0.0604], [0.0464, 0.0276, 0.072, 0.7388, 0.0219, 0.0773, 0.016], [0.0347, 0.0834, 0.0297, 0.7431, 0.0237, 0.0343, 0.0511], [0.0566, 0.0243, 0.0407, 0.7053, 0.0411, 0.0684, 0.0636], [0.0744, 0.0397, 0.0594, 0.6563, 0.0865, 0.0384, 0.0453], [0.0601, 0.0225, 0.042, 0.7523, 0.0303, 0.0405, 0.0523], [0.0337, 0.0482, 0.0848, 0.7173, 0.0389, 0.0323, 0.0449], [0.063, 0.0458, 0.0754, 0.6511, 0.0909, 0.0569, 0.0169], [0.0186, 0.0853, 0.106, 0.7183, 0.0169, 0.0337, 0.0213], [0.0159, 0.0536, 0.0418, 0.7051, 0.0811, 0.0599, 0.0426], [0.0358, 0.0479, 0.0402, 0.7019, 0.0613, 0.0294, 0.0837], [0.0855, 0.0141, 0.065, 0.6617, 0.0204, 0.077, 0.0762], [0.0608, 0.056, 0.0709, 0.6345, 0.0248, 0.0585, 0.0944], [0.0249, 0.0669, 0.0284, 0.7167, 0.0703, 0.0524, 0.0405], [0.069, 0.0612, 0.0458, 0.6537, 0.0606, 0.067, 0.0428], [0.0753, 0.0691, 0.0464, 0.7013, 0.0489, 0.0335, 0.0255], [0.0288, 0.0489, 0.036, 0.7648, 0.0463, 0.0543, 0.021], [0.0524, 0.0541, 0.039, 0.7733, 0.0457, 0.0226, 0.0128], [0.0357, 0.016, 0.0726, 0.7327, 0.0411, 0.0723, 0.0297], [0.0626, 0.0354, 0.0144, 0.6839, 0.0476, 0.0745, 0.0816], [0.0224, 0.079, 0.0432, 0.741, 0.0263, 0.0472, 0.0408], [0.0858, 0.0189, 0.091, 0.6423, 0.0528, 0.0871, 0.0221], [0.0728, 0.0224, 0.0342, 0.7346, 0.0244, 0.0166, 0.095], [0.0851, 0.0808, 0.0421, 0.6436, 0.0488, 0.0273, 0.0723], [0.0401, 0.0649, 0.0816, 0.6095, 0.0779, 0.0873, 0.0388], [0.0388, 0.026, 0.018, 0.7572, 0.0457, 0.0535, 0.0609], [0.043, 0.0505, 0.091, 0.65, 0.0724, 0.0768, 0.0164], [0.02, 0.0794, 0.0637, 0.609, 0.0777, 0.056, 0.0941], [0.0647, 0.0275, 0.0692, 0.6852, 0.0595, 0.0466, 0.0473], [0.0194, 0.091, 0.0945, 0.6536, 0.0551, 0.0282, 0.0583], [0.044, 0.0339, 0.0664, 0.7269, 0.0421, 0.0233, 0.0634], [0.0853, 0.0406, 0.0258, 0.73, 0.0595, 0.0427, 0.0161], [0.0489, 0.0806, 0.0727, 0.6645, 0.0463, 0.0399, 0.047], [0.0477, 0.0534, 0.0224, 0.7086, 0.0631, 0.0609, 0.0438], [0.0691, 0.0747, 0.0776, 0.601, 0.0823, 0.0801, 0.0151], [0.0722, 0.0188, 0.0465, 0.6986, 0.0529, 0.0458, 0.0652], [0.0602, 0.0254, 0.037, 0.7975, 0.0233, 0.0261, 0.0306], [0.0322, 0.0285, 0.0774, 0.7288, 0.0179, 0.0564, 0.0588], [0.0745, 0.0423, 0.0823, 0.7005, 0.0379, 0.0195, 0.043], [0.0321, 0.0269, 0.0352, 0.7633, 0.0556, 0.059, 0.0279], [0.0178, 0.0288, 0.073, 0.6632, 0.0529, 0.0866, 0.0778], [0.0546, 0.0281, 0.0555, 0.7383, 0.0556, 0.0376, 0.0303], [0.0755, 0.05, 0.062, 0.7302, 0.0222, 0.0413, 0.0189], [0.0387, 0.0449, 0.0318, 0.7206, 0.0655, 0.0358, 0.0627], [0.0167, 0.0531, 0.0538, 0.6933, 0.0945, 0.0721, 0.0166], [0.0474, 0.0833, 0.0447, 0.6966, 0.0488, 0.0205, 0.0588], [0.0722, 0.0416, 0.0715, 0.666, 0.0612, 0.0381, 0.0492], [0.0566, 0.0405, 0.0901, 0.7223, 0.0203, 0.0233, 0.0471], [0.0569, 0.0334, 0.0151, 0.6961, 0.0622, 0.0617, 0.0746], [0.0481, 0.0157, 0.0624, 0.7195, 0.0115, 0.0706, 0.0721], [0.0142, 0.0566, 0.0415, 0.745, 0.02, 0.0597, 0.063], [0.0713, 0.0336, 0.0333, 0.7054, 0.0754, 0.0692, 0.0118], [0.0758, 0.0615, 0.0489, 0.7034, 0.0457, 0.0438, 0.0209], [0.0394, 0.0808, 0.072, 0.6934, 0.0711, 0.0184, 0.0248], [0.0529, 0.0159, 0.0456, 0.6547, 0.038, 0.095, 0.098]], "emotions": ["green", "green", "green", "green", "green", "green", "green", "green", "green", "green", "green", "green", "green", "green", "green", "green", "green", "green", "green", "green", "green", "green", "green", "green", "green", "green", "green", "green", "green", "green", "green", "green", "green", "green", "green", "green", "green", "green", "green", "green", "green", "green", "green", "green", "green", "green", "green", "green", "green", "green", "green", "green", "green", "green", "green", "green", "green", "green", "green", "green", "green", "green", "green", "green", "green", "green", "green", "green", "green", "green", "green", "green", "green", "green", "green", "green", "green", "green", "green", "green"], "timestamps": [0, 40, 80, 120, 160, 200, 240, 280, 320, 360, 400, 440, 480, 520, 560, 600, 640, 680, 720, 760, 800, 840, 880, 920, 960, 1000, 1040, 1080, 1120, 1160, 1200, 1240, 1280, 1320, 1360, 1400, 1440, 1480, 1520, 1560, 1600, 1640, 1680, 1720, 1760, 1800, 1840, 1880, 1920, 1960, 2000, 2040, 2080, 2120, 2160, 2200, 2240, 2280, 2320, 2360, 2400, 2440, 2480, 2520, 2560, 2600, 2640, 2680, 2720, 2760, 2800, 2840, 2880, 2920, 2960, 3000, 3040, 3080, 3120, 3160]}], "conversation": [], "conversation_timestamps": []}