{"agent_id": "agent-purple-124", "type": "purple", "trips": [{"trip_id": 0, "transport_method": "car", "start_time": 0, "path": [[1.5361133, 42.5108868], [1.5361333, 42.5108742], [1.5361533, 42.5108617], [1.5361734, 42.5108491], [1.5361934, 42.5108366], [1.5362134, 42.510824], [1.5362334, 42.5108114], [1.5362534, 42.5107989], [1.5362735, 42.5107863], [1.5362935, 42.5107738], [1.5363135, 42.5107612], [1.5363335, 42.5107486], [1.5363535, 42.5107361], [1.5363736, 42.5107235], [1.5363936, 42.510711], [1.5364136, 42.5106984], [1.5364336, 42.5106858], [1.5364537, 42.5106733], [1.5364737, 42.5106607], [1.5364937, 42.5106482], [1.5365137, 42.5106356], [1.5365337, 42.510623], [1.5365379, 42.5105998], [1.536542, 42.5105765], [1.5365462, 42.5105532], [1.5365503, 42.5105299], [1.5365544, 42.5105067], [1.5365586, 42.5104834], [1.5365627, 42.5104601], [1.5365669, 42.5104369], [1.536571, 42.5104136], [1.5365752, 42.5103903], [1.5365793, 42.5103671], [1.5365835, 42.5103438], [1.5365876, 42.5103205], [1.5365918, 42.5102973], [1.5365959, 42.510274], [1.5366, 42.5102507], [1.5366042, 42.5102275], [1.5366083, 42.5102042], [1.5366125, 42.5101809], [1.5366166, 42.5101577], [1.5366208, 42.5101344], [1.5366249, 42.5101111], [1.5366291, 42.5100879], [1.5366332, 42.5100646], [1.5366333, 42.5100451], [1.5366098, 42.5100477], [1.5365863, 42.5100502], [1.5365628, 42.5100527], [1.5365393, 42.5100553], [1.5365158, 42.5100578], [1.5364923, 42.5100604], [1.5364688, 42.5100629], [1.5364453, 42.5100655], [1.5364218, 42.510068], [1.5363992, 42.5100721], [1.5363842, 42.5100904], [1.5363657, 42.5101045], [1.5363444, 42.5101143], [1.5363215, 42.5101202], [1.5362987, 42.5101262], [1.5362758, 42.5101322], [1.5362529, 42.5101381], [1.5362301, 42.5101441], [1.5362072, 42.51015], [1.5361843, 42.510156], [1.5361614, 42.510162], [1.5361478, 42.5101803], [1.5361357, 42.5102005], [1.5361235, 42.5102208], [1.5361113, 42.5102411], [1.5360992, 42.5102613], [1.536087, 42.5102816], [1.5360748, 42.5103019], [1.5360627, 42.5103221], [1.5360505, 42.5103424], [1.5360384, 42.5103627], [1.5360262, 42.5103829], [1.536014, 42.5104032]], "mood_vectors": [[0.0458, 0.0187, 0.0596, 0.0797, 0.0542, 0.715, 0.0271], [0.0324, 0.0674, 0.0659, 0.0906, 0.0253, 0.6872, 0.0312], [0.0814, 0.0633, 0.0244, 0.0501, 0.0535, 0.7042, 0.023], [0.0468, 0.0846, 0.0643, 0.0282, 0.0509, 0.6814, 0.0438], [0.0457, 0.0789, 0.0161, 0.0796, 0.0469, 0.7013, 0.0314], [0.0444, 0.0178, 0.0726, 0.0511, 0.0381, 0.7058, 0.0701], [0.081, 0.0936, 0.0373, 0.0393, 0.0359, 0.6579, 0.0551], [0.0542, 0.0626, 0.0425, 0.015, 0.0406, 0.7149, 0.0701], [0.0158, 0.0891, 0.0641, 0.0531, 0.0411, 0.6814, 0.0553], [0.0373, 0.0569, 0.0716, 0.0706, 0.0446, 0.6466, 0.0724], [0.0323, 0.0269, 0.0709, 0.0133, 0.0687, 0.719, 0.069], [0.0726, 0.0609, 0.0529, 0.0381, 0.0687, 0.6751, 0.0318], [0.0199, 0.0303, 0.0345, 0.0664, 0.0781, 0.7539, 0.0169], [0.048, 0.0728, 0.0316, 0.0436, 0.0263, 0.7453, 0.0323], [0.0499, 0.0431, 0.0202, 0.0624, 0.0404, 0.7576, 0.0264], [0.0247, 0.0651, 0.0576, 0.033, 0.046, 0.7344, 0.0391], [0.0574, 0.0666, 0.0309, 0.025, 0.0735, 0.6734, 0.0732], [0.0724, 0.0325, 0.0712, 0.0379, 0.0468, 0.6501, 0.0892], [0.0714, 0.0812, 0.0351, 0.0262, 0.0879, 0.6759, 0.0222], [0.0183, 0.0486, 0.0739, 0.0684, 0.0639, 0.6797, 0.0473], [0.0479, 0.0654, 0.0673, 0.0909, 0.0417, 0.6568, 0.03], [0.0792, 0.0198, 0.0801, 0.018, 0.0316, 0.7033, 0.068], [0.0552, 0.0678, 0.0719, 0.0471, 0.0772, 0.6094, 0.0713], [0.0572, 0.0279, 0.0327, 0.0668, 0.0768, 0.6717, 0.0669], [0.0633, 0.0282, 0.0463, 0.0533, 0.0648, 0.6962, 0.0479], [0.0627, 0.0499, 0.0243, 0.0511, 0.0518, 0.7376, 0.0226], [0.0385, 0.0328, 0.0782, 0.0364, 0.0283, 0.729, 0.0568], [0.0244, 0.0877, 0.0312, 0.0433, 0.033, 0.741, 0.0394], [0.0215, 0.0682, 0.0647, 0.1078, 0.031, 0.6861, 0.0206], [0.0248, 0.0752, 0.0513, 0.0236, 0.0613, 0.7316, 0.0322], [0.0428, 0.0786, 0.0369, 0.0704, 0.0351, 0.6962, 0.04], [0.0317, 0.0664, 0.0309, 0.0597, 0.0596, 0.6982, 0.0536], [0.0498, 0.0733, 0.0736, 0.0353, 0.0689, 0.6709, 0.0281], [0.0161, 0.0273, 0.0533, 0.0818, 0.0141, 0.7309, 0.0765], [0.0636, 0.0693, 0.069, 0.0454, 0.0289, 0.694, 0.0298], [0.0797, 0.0501, 0.0198, 0.0706, 0.0824, 0.6428, 0.0547], [0.0732, 0.0228, 0.0459, 0.0269, 0.0173, 0.7833, 0.0306], [0.0277, 0.0353, 0.0134, 0.0305, 0.02, 0.7915, 0.0817], [0.0673, 0.0502, 0.0281, 0.06, 0.074, 0.67, 0.0505], [0.0725, 0.0497, 0.0258, 0.04, 0.0684, 0.7129, 0.0308], [0.0431, 0.013, 0.0282, 0.0381, 0.0566, 0.7619, 0.0591], [0.0552, 0.0432, 0.0624, 0.0256, 0.0398, 0.7136, 0.0603], [0.0454, 0.0426, 0.078, 0.0487, 0.025, 0.7046, 0.0557], [0.0369, 0.0639, 0.0213, 0.0251, 0.0386, 0.7212, 0.093], [0.0738, 0.0693, 0.0251, 0.0697, 0.0152, 0.7223, 0.0245], [0.0629, 0.0884, 0.0657, 0.0678, 0.042, 0.6185, 0.0548], [0.0624, 0.0704, 0.0165, 0.0482, 0.0354, 0.7059, 0.0611], [0.0255, 0.0508, 0.0702, 0.0429, 0.0251, 0.724, 0.0614], [0.0826, 0.0258, 0.0561, 0.0761, 0.0452, 0.6426, 0.0716], [0.0492, 0.0272, 0.0541, 0.061, 0.068, 0.7173, 0.0232], [0.0193, 0.0197, 0.0681, 0.0698, 0.0286, 0.7461, 0.0484], [0.0459, 0.0268, 0.0505, 0.044, 0.0264, 0.7704, 0.0359], [0.0343, 0.0713, 0.0576, 0.0161, 0.0868, 0.6563, 0.0776], [0.0484, 0.0796, 0.0504, 0.0794, 0.0703, 0.6251, 0.0467], [0.0544, 0.0205, 0.0255, 0.0535, 0.0687, 0.7411, 0.0363], [0.0473, 0.0588, 0.0204, 0.0543, 0.0722, 0.6723, 0.0747], [0.0473, 0.072, 0.0323, 0.0379, 0.0394, 0.7151, 0.056], [0.0389, 0.0655, 0.0574, 0.0327, 0.0468, 0.6937, 0.0648], [0.0603, 0.016, 0.0376, 0.071, 0.0578, 0.7287, 0.0287], [0.0884, 0.0231, 0.0554, 0.0742, 0.054, 0.6555, 0.0494], [0.0681, 0.0537, 0.0617, 0.0176, 0.0601, 0.7221, 0.0167], [0.0229, 0.0722, 0.0395, 0.0647, 0.0538, 0.735, 0.012], [0.0251, 0.0853, 0.0718, 0.0474, 0.0354, 0.6877, 0.0474], [0.021, 0.0225, 0.0357, 0.0318, 0.0551, 0.7474, 0.0865], [0.0753, 0.0741, 0.0406, 0.0817, 0.0347, 0.6362, 0.0573], [0.0376, 0.0305, 0.0759, 0.0153, 0.0137, 0.7497, 0.0773], [0.0328, 0.0616, 0.0229, 0.0134, 0.0582, 0.7971, 0.0142], [0.0233, 0.058, 0.0887, 0.0429, 0.0496, 0.7021, 0.0355], [0.0394, 0.0743, 0.0373, 0.0482, 0.041, 0.6997, 0.0601], [0.0775, 0.0529, 0.0197, 0.0284, 0.0838, 0.6657, 0.0719], [0.0684, 0.0484, 0.0851, 0.0281, 0.0673, 0.6536, 0.0491], [0.0625, 0.0218, 0.0688, 0.0513, 0.0501, 0.6928, 0.0527], [0.0414, 0.0385, 0.0166, 0.0709, 0.0477, 0.7333, 0.0516], [0.0216, 0.0831, 0.0526, 0.0405, 0.0384, 0.7401, 0.0237], [0.0179, 0.0677, 0.0613, 0.0337, 0.0414, 0.6919, 0.0861], [0.0683, 0.044, 0.0378, 0.0673, 0.0812, 0.6224, 0.079], [0.0281, 0.0419, 0.0293, 0.0668, 0.035, 0.7682, 0.0307], [0.0598, 0.0202, 0.0335, 0.0698, 0.0563, 0.7148, 0.0457], [0.057, 0.0653, 0.0244, 0.0188, 0.0291, 0.7436, 0.0619], [0.0512, 0.0213, 0.0587, 0.0643, 0.0549, 0.7338, 0.0158]], "emotions": ["purple", "purple", "purple", "purple", "purple", "purple", "purple", "purple", "purple", "purple", "purple", "purple", "purple", "purple", "purple", "purple", "purple", "purple", "purple", "purple", "purple", "purple", "purple", "purple", "purple", "purple", "purple", "purple", "purple", "purple", "purple", "purple", "purple", "purple", "purple", "purple", "purple", "purple", "purple", "purple", "purple", "purple", "purple", "purple", "purple", "purple", "purple", "purple", "purple", "purple", "purple", "purple", "purple", "purple", "purple", "purple", "purple", "purple", "purple", "purple", "purple", "purple", "purple", "purple", "purple", "purple", "purple", "purple", "purple", "purple", "purple", "purple", "purple", "purple", "purple", "purple", "purple", "purple", "purple", "purple"], "timestamps": [0, 40, 80, 120, 160, 200, 240, 280, 320, 360, 400, 440, 480, 520, 560, 600, 640, 680, 720, 760, 800, 840, 880, 920, 960, 1000, 1040, 1080, 1120, 1160, 1200, 1240, 1280, 1320, 1360, 1400, 1440, 1480, 1520, 1560, 1600, 1640, 1680, 1720, 1760, 1800, 1840, 1880, 1920, 1960, 2000, 2040, 2080, 2120, 2160, 2200, 2240, 2280, 2320, 2360, 2400, 2440, 2480, 2520, 2560, 2600, 2640, 2680, 2720, 2760, 2800, 2840, 2880, 2920, 2960, 3000, 3040, 3080, 3120, 3160]}], "conversation": [], "conversation_timestamps": []}