{"agent_id": "agent-red-1886", "type": "red", "trips": [{"trip_id": 0, "transport_method": "car", "start_time": 0, "path": [[1.5826063, 42.5365905], [1.5819983, 42.5355751], [1.5808921, 42.5344326], [1.5802198, 42.5336948], [1.5786604, 42.5330494], [1.5769865, 42.5328099], [1.5771299, 42.5328117], [1.5770128, 42.5327837], [1.5753471, 42.5324659], [1.5753573, 42.5325036], [1.5752713, 42.5322118], [1.5737458, 42.5314713], [1.573483, 42.5316895], [1.5737079, 42.5317897], [1.5725092, 42.5305904], [1.5713477, 42.5293904], [1.5699915, 42.5283725], [1.5703299, 42.528546], [1.5710383, 42.5291841], [1.569627, 42.5282441], [1.5682158, 42.527304], [1.5682062, 42.5272439], [1.5685935, 42.5274696], [1.5671854, 42.5265248], [1.56576, 42.5256138], [1.5641564, 42.5251244], [1.5626244, 42.524434], [1.5614481, 42.5232229], [1.5600242, 42.5223266], [1.5587057, 42.5213086], [1.5574782, 42.5201396], [1.5568362, 42.5193782], [1.5564167, 42.5188927], [1.5557982, 42.5185529], [1.5549126, 42.5178854], [1.554205, 42.5172351], [1.5543378, 42.5175491], [1.5536639, 42.5166435], [1.5529128, 42.5151506], [1.5525054, 42.5135815], [1.5510965, 42.5126634], [1.5496609, 42.5118267], [1.548019, 42.5114069], [1.5464821, 42.5107901], [1.5462368, 42.5101544], [1.5450282, 42.5093356], [1.543386, 42.5090114], [1.5417149, 42.5088232], [1.5403241, 42.5084986], [1.5386628, 42.5082289], [1.537561, 42.5080139], [1.5365219, 42.5078647], [1.5349086, 42.5073771], [1.5351951, 42.5076053], [1.5345593, 42.5072225], [1.5329535, 42.5067114], [1.5313702, 42.5064245], [1.5299509, 42.5055545], [1.5282791, 42.5052754], [1.5265917, 42.5053053], [1.5249192, 42.5050949], [1.5232521, 42.5047975], [1.5216282, 42.5046209], [1.5200872, 42.5039132], [1.5211789, 42.5043463], [1.5215049, 42.5046165], [1.5199151, 42.5040266], [1.5183598, 42.5036272], [1.5166759, 42.5036923], [1.5152155, 42.502861], [1.5137023, 42.502175], [1.5123163, 42.5018172], [1.5107514, 42.5012139], [1.5092191, 42.5005217], [1.5077144, 42.4997539], [1.5061809, 42.4990303], [1.5046539, 42.4982958], [1.5031447, 42.4976509], [1.5019154, 42.4981834], [1.5006231, 42.4978504]], "mood_vectors": [[0.7672, 0.0261, 0.0139, 0.0215, 0.0829, 0.0428, 0.0456], [0.6921, 0.0625, 0.0203, 0.0509, 0.062, 0.0492, 0.063], [0.7284, 0.0319, 0.0187, 0.0633, 0.0665, 0.0177, 0.0734], [0.6565, 0.0551, 0.0518, 0.0717, 0.0731, 0.0224, 0.0694], [0.6519, 0.0619, 0.049, 0.026, 0.0824, 0.0423, 0.0864], [0.7622, 0.0709, 0.0361, 0.0397, 0.0191, 0.0177, 0.0542], [0.7907, 0.016, 0.0164, 0.0426, 0.0222, 0.0226, 0.0895], [0.6647, 0.0507, 0.0818, 0.0766, 0.0235, 0.043, 0.0599], [0.6964, 0.0689, 0.0543, 0.0299, 0.0678, 0.0385, 0.0442], [0.7516, 0.0329, 0.0777, 0.0564, 0.049, 0.0181, 0.0144], [0.7593, 0.0184, 0.0734, 0.0154, 0.0179, 0.0395, 0.0762], [0.6912, 0.0583, 0.0513, 0.0677, 0.0622, 0.0308, 0.0385], [0.7213, 0.0348, 0.0927, 0.0366, 0.0574, 0.042, 0.0153], [0.647, 0.0822, 0.0875, 0.049, 0.0659, 0.0404, 0.028], [0.6621, 0.056, 0.0226, 0.0364, 0.0723, 0.0851, 0.0655], [0.7052, 0.0443, 0.0404, 0.0313, 0.0134, 0.0809, 0.0844], [0.681, 0.0382, 0.0864, 0.0481, 0.0805, 0.0513, 0.0145], [0.779, 0.029, 0.0688, 0.016, 0.018, 0.0218, 0.0674], [0.6453, 0.0663, 0.0459, 0.0612, 0.0635, 0.0737, 0.044], [0.6356, 0.07, 0.0585, 0.0482, 0.0356, 0.0815, 0.0706], [0.672, 0.0633, 0.0575, 0.0447, 0.0502, 0.0607, 0.0515], [0.7343, 0.0427, 0.067, 0.0451, 0.0479, 0.0159, 0.0471], [0.7162, 0.0324, 0.0491, 0.0327, 0.0477, 0.0611, 0.0608], [0.7548, 0.0274, 0.0653, 0.0304, 0.035, 0.0711, 0.016], [0.7176, 0.0229, 0.098, 0.0615, 0.0417, 0.0208, 0.0374], [0.7168, 0.0286, 0.0495, 0.058, 0.0643, 0.0479, 0.035], [0.7635, 0.0203, 0.0298, 0.0524, 0.0211, 0.061, 0.052], [0.6258, 0.0632, 0.0701, 0.062, 0.0341, 0.0679, 0.0769], [0.6635, 0.0306, 0.0697, 0.0233, 0.104, 0.0584, 0.0506], [0.7338, 0.0435, 0.0738, 0.0894, 0.0186, 0.0212, 0.0197], [0.7291, 0.0776, 0.0314, 0.0523, 0.0142, 0.0495, 0.0459], [0.7097, 0.0797, 0.0796, 0.0344, 0.0458, 0.0173, 0.0334], [0.6862, 0.0596, 0.0317, 0.0558, 0.049, 0.0776, 0.0401], [0.6743, 0.0833, 0.073, 0.038, 0.033, 0.0192, 0.0791], [0.6735, 0.0899, 0.0586, 0.0229, 0.0817, 0.0367, 0.0367], [0.636, 0.062, 0.032, 0.0771, 0.0333, 0.0883, 0.0713], [0.7787, 0.0196, 0.0191, 0.0329, 0.0467, 0.0328, 0.0703], [0.721, 0.0407, 0.0689, 0.0693, 0.0469, 0.0234, 0.0298], [0.7037, 0.0959, 0.0313, 0.0317, 0.0787, 0.0268, 0.0319], [0.6584, 0.077, 0.0339, 0.0729, 0.0724, 0.054, 0.0313], [0.7488, 0.0224, 0.0396, 0.0785, 0.0647, 0.0276, 0.0184], [0.7566, 0.0722, 0.0182, 0.0771, 0.034, 0.0278, 0.0141], [0.6512, 0.0629, 0.0414, 0.0576, 0.0227, 0.0773, 0.087], [0.7445, 0.0541, 0.0124, 0.0193, 0.0748, 0.0695, 0.0255], [0.6378, 0.0664, 0.0765, 0.0518, 0.0348, 0.0767, 0.056], [0.6312, 0.0849, 0.0504, 0.0279, 0.0563, 0.0786, 0.0707], [0.7236, 0.0432, 0.0187, 0.0407, 0.0603, 0.0807, 0.0329], [0.7299, 0.0251, 0.0455, 0.0368, 0.0635, 0.0204, 0.0787], [0.75, 0.081, 0.0618, 0.0181, 0.0173, 0.0201, 0.0518], [0.6754, 0.0478, 0.0569, 0.0551, 0.0687, 0.0394, 0.0567], [0.7339, 0.0334, 0.0215, 0.0523, 0.0694, 0.0216, 0.0678], [0.7226, 0.0167, 0.0414, 0.0755, 0.0439, 0.0383, 0.0616], [0.6379, 0.0837, 0.07, 0.0659, 0.0738, 0.0564, 0.0124], [0.7465, 0.0206, 0.0269, 0.0598, 0.0522, 0.063, 0.0311], [0.7443, 0.0545, 0.0479, 0.0301, 0.0817, 0.0259, 0.0156], [0.7086, 0.088, 0.0483, 0.0186, 0.0926, 0.0203, 0.0236], [0.6903, 0.0251, 0.064, 0.0681, 0.0629, 0.0664, 0.0232], [0.7527, 0.0216, 0.0164, 0.0574, 0.0281, 0.0405, 0.0833], [0.7659, 0.0191, 0.0257, 0.0237, 0.0511, 0.07, 0.0447], [0.7321, 0.0811, 0.047, 0.0656, 0.0181, 0.0381, 0.0179], [0.7248, 0.026, 0.0322, 0.0388, 0.0636, 0.0403, 0.0743], [0.6997, 0.032, 0.0722, 0.0695, 0.0231, 0.0539, 0.0497], [0.6529, 0.0187, 0.0989, 0.0635, 0.0332, 0.0784, 0.0544], [0.7081, 0.0263, 0.0727, 0.0161, 0.0361, 0.0581, 0.0825], [0.7797, 0.0725, 0.033, 0.0324, 0.0165, 0.0339, 0.032], [0.7138, 0.0356, 0.0544, 0.0143, 0.0682, 0.0433, 0.0704], [0.6992, 0.0456, 0.0265, 0.0873, 0.0331, 0.0619, 0.0463], [0.6513, 0.072, 0.0713, 0.0457, 0.0721, 0.0539, 0.0336], [0.7394, 0.0208, 0.0452, 0.0864, 0.0495, 0.0439, 0.0147], [0.6697, 0.0521, 0.0474, 0.0537, 0.0779, 0.043, 0.0562], [0.7358, 0.041, 0.0254, 0.0186, 0.0449, 0.0658, 0.0685], [0.7621, 0.0263, 0.0529, 0.0328, 0.0372, 0.0453, 0.0433], [0.6354, 0.0593, 0.0704, 0.0361, 0.07, 0.0495, 0.0792], [0.7693, 0.0304, 0.0632, 0.0417, 0.0463, 0.0148, 0.0343], [0.7149, 0.053, 0.0667, 0.0708, 0.0441, 0.0155, 0.035], [0.7401, 0.0418, 0.0288, 0.044, 0.02, 0.0396, 0.0857], [0.7098, 0.0216, 0.0601, 0.065, 0.0631, 0.0236, 0.0567], [0.6537, 0.0696, 0.0752, 0.0184, 0.0574, 0.0531, 0.0726], [0.6594, 0.0713, 0.0266, 0.0373, 0.0287, 0.0883, 0.0884], [0.699, 0.0172, 0.0413, 0.081, 0.0593, 0.0635, 0.0388]], "emotions": ["red", "red", "red", "red", "red", "red", "red", "red", "red", "red", "red", "red", "red", "red", "red", "red", "red", "red", "red", "red", "red", "red", "red", "red", "red", "red", "red", "red", "red", "red", "red", "red", "red", "red", "red", "red", "red", "red", "red", "red", "red", "red", "red", "red", "red", "red", "red", "red", "red", "red", "red", "red", "red", "red", "red", "red", "red", "red", "red", "red", "red", "red", "red", "red", "red", "red", "red", "red", "red", "red", "red", "red", "red", "red", "red", "red", "red", "red", "red", "red"], "timestamps": [0, 40, 80, 120, 160, 200, 240, 280, 320, 360, 400, 440, 480, 520, 560, 600, 640, 680, 720, 760, 800, 840, 880, 920, 960, 1000, 1040, 1080, 1120, 1160, 1200, 1240, 1280, 1320, 1360, 1400, 1440, 1480, 1520, 1560, 1600, 1640, 1680, 1720, 1760, 1800, 1840, 1880, 1920, 1960, 2000, 2040, 2080, 2120, 2160, 2200, 2240, 2280, 2320, 2360, 2400, 2440, 2480, 2520, 2560, 2600, 2640, 2680, 2720, 2760, 2800, 2840, 2880, 2920, 2960, 3000, 3040, 3080, 3120, 3160]}], "conversation": [], "conversation_timestamps": []}