{"agent_id": "agent-orange-298", "type": "orange", "trips": [{"trip_id": 0, "transport_method": "foot", "start_time": 0, "path": [[1.5296334, 42.5086124], [1.5295855, 42.5084792], [1.5294387, 42.508399], [1.5292952, 42.508313], [1.5293101, 42.5081923], [1.5294423, 42.5082949], [1.5295745, 42.5083975], [1.5297067, 42.5085002], [1.5298389, 42.5086028], [1.5299811, 42.5086897], [1.5301295, 42.508767], [1.5302797, 42.5088409], [1.5304306, 42.5089125], [1.530594, 42.5088761], [1.5307574, 42.5088398], [1.5307904, 42.5089543], [1.5308975, 42.5090461], [1.5310532, 42.5091073], [1.531209, 42.5091685], [1.5313648, 42.5092297], [1.5315224, 42.5092853], [1.5316823, 42.5093345], [1.5318375, 42.5093971], [1.5319927, 42.5094598], [1.5321479, 42.5095224], [1.5323031, 42.5095851], [1.5324617, 42.5096348], [1.5326275, 42.5096577], [1.5327936, 42.5096781], [1.53296, 42.5096954], [1.5331259, 42.5097165], [1.5332887, 42.5097548], [1.5334481, 42.5098058], [1.5336097, 42.5098477], [1.5337744, 42.5098776], [1.5339391, 42.5099074], [1.5341047, 42.5099311], [1.5342716, 42.5099219], [1.5344388, 42.5099166], [1.534606, 42.5099198], [1.5347732, 42.5099127], [1.5349404, 42.5099056], [1.5351076, 42.5098984], [1.5352747, 42.5098943], [1.5354413, 42.5099099], [1.5356084, 42.5099194], [1.5357754, 42.509929], [1.5359425, 42.5099385], [1.5361096, 42.5099481], [1.5362767, 42.5099576], [1.5364401, 42.5099888], [1.5366011, 42.5100346], [1.536767, 42.5100405], [1.5369342, 42.5100352], [1.5371015, 42.5100298], [1.5372688, 42.5100244], [1.5374359, 42.5100281], [1.5376031, 42.5100352], [1.5377704, 42.5100392], [1.5379377, 42.5100433], [1.538105, 42.5100478], [1.5382723, 42.5100523], [1.5384396, 42.5100569], [1.5386069, 42.5100614], [1.538771, 42.5100763], [1.5389125, 42.5101657], [1.539054, 42.5102551], [1.5391029, 42.5103968], [1.5391066, 42.5105642], [1.5391746, 42.5106935], [1.5393193, 42.5107776], [1.539464, 42.5108616], [1.5396176, 42.510923], [1.5397809, 42.5109594], [1.5399443, 42.5109958], [1.5400792, 42.5110307], [1.5402369, 42.5109748], [1.5403962, 42.5109245], [1.5405606, 42.5108929], [1.5407249, 42.5108613]], "mood_vectors": [[0.0268, 0.0566, 0.0576, 0.0265, 0.7399, 0.0709, 0.0218], [0.0682, 0.0818, 0.0497, 0.0152, 0.7187, 0.0326, 0.0337], [0.0301, 0.0599, 0.0795, 0.0238, 0.6863, 0.0889, 0.0316], [0.0409, 0.0626, 0.0212, 0.0455, 0.7569, 0.0611, 0.0118], [0.0665, 0.0707, 0.0411, 0.0441, 0.638, 0.0711, 0.0685], [0.0693, 0.0175, 0.094, 0.0655, 0.6425, 0.0418, 0.0695], [0.0133, 0.0619, 0.0506, 0.039, 0.7301, 0.0682, 0.037], [0.0153, 0.0422, 0.0677, 0.0647, 0.7061, 0.0412, 0.0628], [0.0292, 0.0274, 0.1033, 0.1022, 0.6824, 0.0278, 0.0277], [0.055, 0.059, 0.0678, 0.0261, 0.694, 0.0318, 0.0662], [0.0211, 0.0733, 0.0649, 0.0313, 0.6974, 0.0749, 0.0371], [0.0166, 0.0571, 0.0618, 0.0219, 0.6843, 0.084, 0.0742], [0.0712, 0.0459, 0.0545, 0.0514, 0.6858, 0.0361, 0.055], [0.0726, 0.0364, 0.0508, 0.0623, 0.6613, 0.0755, 0.0412], [0.0179, 0.0211, 0.0847, 0.042, 0.7967, 0.0178, 0.0197], [0.0706, 0.0228, 0.0973, 0.0308, 0.6688, 0.0499, 0.0599], [0.0627, 0.0819, 0.0427, 0.0894, 0.6203, 0.0723, 0.0306], [0.0705, 0.0377, 0.0356, 0.013, 0.7001, 0.0678, 0.0753], [0.0563, 0.0512, 0.0577, 0.0221, 0.7145, 0.019, 0.0792], [0.026, 0.0139, 0.0526, 0.0791, 0.7308, 0.076, 0.0216], [0.0474, 0.0223, 0.0869, 0.0886, 0.655, 0.037, 0.0627], [0.0925, 0.0215, 0.0453, 0.0614, 0.6941, 0.0145, 0.0707], [0.0838, 0.0432, 0.0851, 0.0752, 0.6074, 0.0877, 0.0175], [0.0532, 0.0479, 0.0337, 0.0608, 0.7011, 0.0692, 0.0341], [0.0478, 0.0262, 0.0301, 0.0711, 0.7228, 0.0769, 0.025], [0.0707, 0.0405, 0.0652, 0.0515, 0.6644, 0.0563, 0.0515], [0.0801, 0.0816, 0.0299, 0.0264, 0.7327, 0.0161, 0.0332], [0.0448, 0.062, 0.0562, 0.046, 0.7134, 0.0425, 0.0351], [0.0607, 0.0845, 0.0776, 0.0268, 0.6049, 0.0624, 0.0832], [0.0721, 0.0607, 0.0927, 0.0772, 0.6214, 0.0421, 0.0338], [0.0193, 0.0871, 0.0245, 0.0427, 0.7947, 0.0148, 0.0169], [0.0433, 0.0744, 0.0405, 0.039, 0.6811, 0.0628, 0.059], [0.0398, 0.0282, 0.0403, 0.0516, 0.7886, 0.0319, 0.0196], [0.0464, 0.0361, 0.0352, 0.0857, 0.6953, 0.0574, 0.0439], [0.0602, 0.073, 0.044, 0.0267, 0.7651, 0.014, 0.0169], [0.027, 0.0332, 0.0457, 0.0372, 0.7032, 0.0706, 0.0832], [0.0572, 0.0482, 0.0183, 0.0302, 0.7775, 0.0405, 0.028], [0.0291, 0.0192, 0.0479, 0.0347, 0.7083, 0.1068, 0.054], [0.0636, 0.0443, 0.0593, 0.0216, 0.7338, 0.0549, 0.0227], [0.0669, 0.0872, 0.0638, 0.0746, 0.5586, 0.074, 0.0749], [0.0234, 0.0206, 0.0509, 0.0676, 0.7411, 0.0684, 0.028], [0.0364, 0.0339, 0.0771, 0.0753, 0.6637, 0.0773, 0.0363], [0.0854, 0.0801, 0.0136, 0.0668, 0.6495, 0.0837, 0.0209], [0.0603, 0.0689, 0.0604, 0.0515, 0.7, 0.0355, 0.0235], [0.0568, 0.026, 0.0797, 0.0291, 0.7206, 0.0283, 0.0595], [0.0385, 0.0774, 0.0559, 0.0907, 0.6373, 0.0562, 0.044], [0.0211, 0.0576, 0.0845, 0.0791, 0.6611, 0.0595, 0.0371], [0.0731, 0.0515, 0.0815, 0.0788, 0.6537, 0.0257, 0.0358], [0.0134, 0.0677, 0.0497, 0.0503, 0.7498, 0.0407, 0.0284], [0.0335, 0.0499, 0.0171, 0.0699, 0.7168, 0.0343, 0.0786], [0.0734, 0.0825, 0.0439, 0.0579, 0.6264, 0.0779, 0.038], [0.0704, 0.0607, 0.0305, 0.0816, 0.6371, 0.0824, 0.0374], [0.0251, 0.0712, 0.0335, 0.0963, 0.6789, 0.0376, 0.0574], [0.0547, 0.0709, 0.0293, 0.0653, 0.6961, 0.0424, 0.0411], [0.059, 0.0422, 0.0793, 0.0585, 0.6517, 0.0718, 0.0375], [0.0496, 0.0604, 0.02, 0.0261, 0.7435, 0.018, 0.0824], [0.0512, 0.0358, 0.0842, 0.031, 0.7412, 0.0226, 0.0339], [0.0575, 0.0722, 0.0666, 0.0202, 0.6923, 0.0371, 0.0541], [0.0543, 0.0612, 0.0705, 0.0436, 0.7031, 0.021, 0.0463], [0.0142, 0.0707, 0.0743, 0.0437, 0.6509, 0.0806, 0.0657], [0.0452, 0.0769, 0.0352, 0.0537, 0.6973, 0.0427, 0.0489], [0.0408, 0.069, 0.0752, 0.0564, 0.6451, 0.0695, 0.044], [0.0618, 0.0593, 0.0405, 0.0401, 0.7336, 0.0508, 0.0139], [0.04, 0.0144, 0.0444, 0.034, 0.7283, 0.0733, 0.0656], [0.0644, 0.0387, 0.0254, 0.0554, 0.6999, 0.0842, 0.0321], [0.0412, 0.0808, 0.0309, 0.0887, 0.6642, 0.063, 0.0312], [0.0515, 0.0499, 0.0554, 0.0229, 0.6806, 0.0719, 0.0677], [0.0688, 0.0817, 0.0216, 0.0609, 0.6605, 0.0254, 0.0813], [0.02, 0.069, 0.0382, 0.0947, 0.6305, 0.0848, 0.0628], [0.0293, 0.0699, 0.037, 0.0236, 0.7837, 0.0365, 0.02], [0.0462, 0.0603, 0.0227, 0.0419, 0.704, 0.0621, 0.0628], [0.0814, 0.0487, 0.0336, 0.0364, 0.6602, 0.0715, 0.0681], [0.0701, 0.075, 0.0575, 0.0606, 0.6362, 0.0646, 0.0361], [0.0959, 0.0427, 0.0575, 0.0877, 0.6118, 0.0455, 0.0589], [0.054, 0.0468, 0.0484, 0.0661, 0.7078, 0.0619, 0.0149], [0.0394, 0.0164, 0.0337, 0.0397, 0.7553, 0.0542, 0.0614], [0.0673, 0.0281, 0.0517, 0.1028, 0.6737, 0.0597, 0.0167], [0.0466, 0.0408, 0.0713, 0.0694, 0.6718, 0.0333, 0.0667], [0.0403, 0.065, 0.0368, 0.0508, 0.7093, 0.0509, 0.0469], [0.0558, 0.0859, 0.0486, 0.0867, 0.6404, 0.0646, 0.0181]], "emotions": ["red", "red", "red", "red", "red", "red", "red", "red", "red", "red", "red", "red", "red", "red", "red", "red", "red", "red", "red", "red", "red", "red", "red", "red", "red", "red", "red", "red", "red", "red", "red", "red", "red", "red", "red", "red", "red", "red", "red", "red", "red", "red", "red", "red", "red", "red", "red", "red", "red", "red", "red", "red", "red", "red", "red", "red", "red", "red", "red", "red", "red", "red", "red", "red", "red", "red", "red", "red", "red", "red", "red", "red", "red", "red", "red", "red", "red", "red", "red", "red"], "timestamps": [0, 40, 80, 120, 160, 200, 240, 280, 320, 360, 400, 440, 480, 520, 560, 600, 640, 680, 720, 760, 800, 840, 880, 920, 960, 1000, 1040, 1080, 1120, 1160, 1200, 1240, 1280, 1320, 1360, 1400, 1440, 1480, 1520, 1560, 1600, 1640, 1680, 1720, 1760, 1800, 1840, 1880, 1920, 1960, 2000, 2040, 2080, 2120, 2160, 2200, 2240, 2280, 2320, 2360, 2400, 2440, 2480, 2520, 2560, 2600, 2640, 2680, 2720, 2760, 2800, 2840, 2880, 2920, 2960, 3000, 3040, 3080, 3120, 3160]}], "conversation": [], "conversation_timestamps": []}