{"agent_id": "agent-blue-1720", "type": "blue", "trips": [{"trip_id": 0, "transport_method": "foot", "start_time": 0, "path": [[1.5003179, 42.4415299], [1.5005717, 42.441275], [1.4996877, 42.4405586], [1.4991711, 42.4395643], [1.4983421, 42.4399433], [1.4973316, 42.4402815], [1.4963807, 42.440935], [1.4954298, 42.4415885], [1.494479, 42.442242], [1.4937195, 42.4427876], [1.4946612, 42.4421332], [1.4952332, 42.4411373], [1.4961226, 42.4405026], [1.4972536, 42.4404772], [1.4976242, 42.4400781], [1.4966686, 42.4407247], [1.495713, 42.4413712], [1.4947574, 42.4420178], [1.4938018, 42.4426644], [1.4931364, 42.4433866], [1.4937248, 42.444212], [1.4935367, 42.4444531], [1.4934574, 42.4446493], [1.4938573, 42.4448804], [1.4947257, 42.44564], [1.4956058, 42.4463856], [1.4966457, 42.4468391], [1.4975817, 42.4474656], [1.4986258, 42.4479566], [1.4982679, 42.4488433], [1.4977341, 42.4498327], [1.4986784, 42.4504904], [1.4982514, 42.4506851], [1.4993726, 42.4507993], [1.5005194, 42.4506786], [1.5016505, 42.4506034], [1.502693, 42.4510299], [1.5028576, 42.4513057], [1.5039977, 42.4514337], [1.5049448, 42.4519569], [1.5058829, 42.4523165], [1.5069165, 42.4527433], [1.506285, 42.4534023], [1.5054599, 42.4542088], [1.5046348, 42.4550153], [1.5038096, 42.4558217], [1.5029845, 42.4566282], [1.5021594, 42.4574347], [1.5013343, 42.4582411], [1.5006228, 42.4588819], [1.5011401, 42.4579036], [1.5008455, 42.4570871], [1.5012675, 42.4564588], [1.5018276, 42.4555065], [1.5023996, 42.4545399], [1.5034691, 42.4543989], [1.5041788, 42.4536321], [1.5052495, 42.4532409], [1.5063813, 42.4530765], [1.5061918, 42.4535101], [1.5053793, 42.4543293], [1.5045667, 42.4551484], [1.5037542, 42.4559676], [1.5029417, 42.4567867], [1.5021292, 42.4576059], [1.5013166, 42.458425], [1.500792, 42.4592435], [1.5017857, 42.4597352], [1.5027375, 42.4602541], [1.5024214, 42.4609615], [1.5025894, 42.4619396], [1.5025636, 42.4628219], [1.501499, 42.4625604], [1.5004398, 42.4621123], [1.4993033, 42.4619133], [1.4981668, 42.4617144], [1.4971606, 42.4615302], [1.4982873, 42.4615937], [1.4994, 42.4618148], [1.5004641, 42.4621166]], "mood_vectors": [[0.0171, 0.0143, 0.0795, 0.7837, 0.0346, 0.0582, 0.0125], [0.0636, 0.0613, 0.0379, 0.6735, 0.0145, 0.0718, 0.0773], [0.0904, 0.0313, 0.0948, 0.5963, 0.0615, 0.0754, 0.0502], [0.0747, 0.0771, 0.0448, 0.6735, 0.0691, 0.0454, 0.0154], [0.056, 0.0649, 0.0441, 0.7201, 0.0358, 0.0654, 0.0136], [0.0139, 0.0786, 0.0471, 0.6749, 0.0323, 0.0916, 0.0616], [0.0394, 0.0215, 0.0192, 0.755, 0.0157, 0.0538, 0.0954], [0.0612, 0.0572, 0.0137, 0.7259, 0.0384, 0.06, 0.0436], [0.0914, 0.0144, 0.094, 0.6987, 0.0631, 0.0159, 0.0225], [0.0813, 0.0257, 0.079, 0.6887, 0.0224, 0.0488, 0.0541], [0.0566, 0.0363, 0.0342, 0.7394, 0.0316, 0.034, 0.0679], [0.0205, 0.0267, 0.0852, 0.7012, 0.0366, 0.0559, 0.074], [0.0177, 0.0667, 0.0357, 0.7884, 0.051, 0.0245, 0.016], [0.0469, 0.0788, 0.0219, 0.7121, 0.0165, 0.0547, 0.0692], [0.0607, 0.0605, 0.0628, 0.7356, 0.0141, 0.032, 0.0342], [0.0217, 0.0724, 0.0796, 0.7455, 0.0151, 0.0469, 0.0188], [0.0809, 0.0638, 0.05, 0.6564, 0.0134, 0.0615, 0.0739], [0.0738, 0.0209, 0.0829, 0.7, 0.0249, 0.0638, 0.0337], [0.0829, 0.0502, 0.041, 0.6827, 0.0414, 0.0822, 0.0197], [0.0548, 0.0673, 0.0652, 0.6273, 0.055, 0.0897, 0.0408], [0.0673, 0.0624, 0.0358, 0.6895, 0.0357, 0.0447, 0.0646], [0.0284, 0.0817, 0.0387, 0.7413, 0.0136, 0.0794, 0.0169], [0.0148, 0.0376, 0.0341, 0.7658, 0.0365, 0.043, 0.0682], [0.0285, 0.0566, 0.0868, 0.7394, 0.043, 0.0293, 0.0163], [0.04, 0.0255, 0.0501, 0.711, 0.0642, 0.064, 0.0452], [0.0921, 0.0205, 0.0441, 0.6068, 0.0714, 0.0816, 0.0834], [0.0964, 0.0224, 0.0293, 0.7085, 0.0848, 0.0198, 0.0388], [0.0512, 0.0195, 0.0719, 0.759, 0.0413, 0.0178, 0.0393], [0.0138, 0.0777, 0.0522, 0.7197, 0.0439, 0.0358, 0.0569], [0.0519, 0.0748, 0.0554, 0.6243, 0.0594, 0.0624, 0.0719], [0.0173, 0.0321, 0.079, 0.6486, 0.0668, 0.1083, 0.0479], [0.0657, 0.0488, 0.0664, 0.6802, 0.0389, 0.0456, 0.0544], [0.0626, 0.0776, 0.0183, 0.7067, 0.0284, 0.0255, 0.0808], [0.0555, 0.0115, 0.0707, 0.7066, 0.0259, 0.0656, 0.0642], [0.0634, 0.0382, 0.0582, 0.7131, 0.0413, 0.0369, 0.0489], [0.0538, 0.0231, 0.0198, 0.7747, 0.0498, 0.0405, 0.0383], [0.0618, 0.0277, 0.0304, 0.7807, 0.0344, 0.0222, 0.0428], [0.041, 0.0506, 0.0334, 0.6929, 0.0821, 0.0519, 0.0482], [0.0855, 0.0312, 0.064, 0.6149, 0.0743, 0.0394, 0.0908], [0.0362, 0.0607, 0.0355, 0.7545, 0.0132, 0.0404, 0.0595], [0.0638, 0.0349, 0.0584, 0.7134, 0.0606, 0.0257, 0.0432], [0.0574, 0.0529, 0.0547, 0.7301, 0.0174, 0.0724, 0.015], [0.064, 0.0139, 0.0267, 0.7235, 0.0543, 0.0687, 0.0489], [0.0853, 0.0295, 0.0782, 0.6328, 0.0622, 0.0586, 0.0534], [0.0802, 0.0803, 0.0507, 0.6723, 0.0538, 0.0436, 0.019], [0.0978, 0.0317, 0.0386, 0.6358, 0.0447, 0.0742, 0.0773], [0.0197, 0.0547, 0.0563, 0.6475, 0.0786, 0.0749, 0.0684], [0.0394, 0.0308, 0.0329, 0.7645, 0.04, 0.0733, 0.0191], [0.0544, 0.0499, 0.049, 0.6727, 0.0652, 0.0821, 0.0267], [0.0542, 0.0421, 0.0439, 0.6917, 0.0256, 0.0832, 0.0592], [0.0848, 0.0692, 0.0321, 0.678, 0.0533, 0.0662, 0.0164], [0.0638, 0.0456, 0.0128, 0.7433, 0.045, 0.0216, 0.0678], [0.0215, 0.0191, 0.0645, 0.6916, 0.0696, 0.0783, 0.0553], [0.0538, 0.0671, 0.0945, 0.6589, 0.0675, 0.043, 0.0152], [0.0747, 0.0868, 0.0609, 0.6337, 0.069, 0.0164, 0.0586], [0.0249, 0.0175, 0.0562, 0.7222, 0.0175, 0.0822, 0.0795], [0.0461, 0.0277, 0.0388, 0.7447, 0.073, 0.0425, 0.0273], [0.0547, 0.0206, 0.0798, 0.673, 0.0842, 0.0501, 0.0375], [0.0391, 0.0474, 0.0552, 0.7285, 0.0479, 0.026, 0.0559], [0.0423, 0.0382, 0.0187, 0.7715, 0.0429, 0.0458, 0.0408], [0.066, 0.0144, 0.0252, 0.6664, 0.0718, 0.0962, 0.06], [0.0578, 0.0688, 0.0156, 0.7448, 0.0184, 0.0787, 0.016], [0.0602, 0.043, 0.0544, 0.6658, 0.0455, 0.0597, 0.0714], [0.0518, 0.0339, 0.0841, 0.7733, 0.0204, 0.0183, 0.0183], [0.05, 0.085, 0.0439, 0.6923, 0.0314, 0.0798, 0.0176], [0.0569, 0.0506, 0.0555, 0.7095, 0.0762, 0.0145, 0.0369], [0.0598, 0.0181, 0.035, 0.7245, 0.0701, 0.0233, 0.0692], [0.0344, 0.018, 0.0666, 0.735, 0.0372, 0.0235, 0.0853], [0.0587, 0.0519, 0.0419, 0.7042, 0.0491, 0.052, 0.0422], [0.058, 0.0294, 0.0636, 0.6826, 0.0608, 0.0838, 0.0218], [0.0818, 0.0843, 0.018, 0.7052, 0.0364, 0.0388, 0.0355], [0.0735, 0.0491, 0.042, 0.6874, 0.048, 0.026, 0.0741], [0.028, 0.0803, 0.0464, 0.7767, 0.0205, 0.0135, 0.0346], [0.0477, 0.0526, 0.0397, 0.693, 0.0508, 0.0729, 0.0433], [0.0525, 0.0263, 0.0633, 0.6803, 0.0267, 0.065, 0.0859], [0.0372, 0.0675, 0.085, 0.6554, 0.0644, 0.0309, 0.0595], [0.0946, 0.0833, 0.0522, 0.6453, 0.0315, 0.0629, 0.0302], [0.0256, 0.0703, 0.037, 0.724, 0.0532, 0.0566, 0.0332], [0.0932, 0.0831, 0.0363, 0.6356, 0.071, 0.0477, 0.0331], [0.0685, 0.0823, 0.0703, 0.6757, 0.0581, 0.0163, 0.0289]], "emotions": ["green", "green", "green", "green", "green", "green", "green", "green", "green", "green", "green", "green", "green", "green", "green", "green", "green", "green", "green", "green", "green", "green", "green", "green", "green", "green", "green", "green", "green", "green", "green", "green", "green", "green", "green", "green", "green", "green", "green", "green", "green", "green", "green", "green", "green", "green", "green", "green", "green", "green", "green", "green", "green", "green", "green", "green", "green", "green", "green", "green", "green", "green", "green", "green", "green", "green", "green", "green", "green", "green", "green", "green", "green", "green", "green", "green", "green", "green", "green", "green"], "timestamps": [0, 40, 80, 120, 160, 200, 240, 280, 320, 360, 400, 440, 480, 520, 560, 600, 640, 680, 720, 760, 800, 840, 880, 920, 960, 1000, 1040, 1080, 1120, 1160, 1200, 1240, 1280, 1320, 1360, 1400, 1440, 1480, 1520, 1560, 1600, 1640, 1680, 1720, 1760, 1800, 1840, 1880, 1920, 1960, 2000, 2040, 2080, 2120, 2160, 2200, 2240, 2280, 2320, 2360, 2400, 2440, 2480, 2520, 2560, 2600, 2640, 2680, 2720, 2760, 2800, 2840, 2880, 2920, 2960, 3000, 3040, 3080, 3120, 3160]}], "conversation": [], "conversation_timestamps": []}