{"agent_id": "agent-blue-730", "type": "blue", "trips": [{"trip_id": 0, "transport_method": "bus", "start_time": 0, "path": [[1.5002552, 42.4968831], [1.4997034, 42.4967699], [1.5005791, 42.4968124], [1.5014453, 42.4967686], [1.5022418, 42.4971455], [1.5030331, 42.4975493], [1.5038422, 42.4979201], [1.5046496, 42.4982939], [1.5054628, 42.4986555], [1.5062528, 42.4990656], [1.5070569, 42.4994474], [1.5078637, 42.4998235], [1.5086432, 42.5002405], [1.5094441, 42.5006291], [1.5092468, 42.5005349], [1.5096848, 42.5007347], [1.5104928, 42.5011083], [1.511249, 42.5014559], [1.5104298, 42.5011177], [1.5106541, 42.5012226], [1.5114919, 42.5015233], [1.5122467, 42.5018001], [1.5117293, 42.5016503], [1.5126193, 42.5016679], [1.5134179, 42.5020012], [1.513948, 42.5023481], [1.5133291, 42.5017197], [1.5132214, 42.5018405], [1.5140228, 42.5022282], [1.5148139, 42.5026098], [1.5152091, 42.5028675], [1.5157643, 42.5032266], [1.5151938, 42.5028519], [1.5159302, 42.503352], [1.5167369, 42.5037055], [1.5176228, 42.5037224], [1.5185056, 42.5036084], [1.5192983, 42.5037957], [1.5201553, 42.5039236], [1.5209781, 42.5042633], [1.5218113, 42.5045746], [1.5225783, 42.5047191], [1.5234615, 42.5048172], [1.524336, 42.5049815], [1.5252097, 42.5051519], [1.5260832, 42.5053234], [1.5269712, 42.5052955], [1.5277951, 42.505298], [1.527926, 42.5053113], [1.5288091, 42.5053545], [1.529686, 42.5055078], [1.5305578, 42.5056853], [1.5314311, 42.5058558], [1.5322643, 42.5060585], [1.533101, 42.5063352], [1.5339723, 42.5065176], [1.5348492, 42.5066111], [1.5357212, 42.5067903], [1.5365844, 42.5070013], [1.5373781, 42.5072008], [1.5382579, 42.5073366], [1.5391376, 42.5074725], [1.5400174, 42.5076083], [1.5393457, 42.507493], [1.5384718, 42.507324], [1.5375955, 42.5071671], [1.5371401, 42.5071635], [1.5380201, 42.5072973], [1.5389002, 42.5074311], [1.5397803, 42.5075649], [1.5406603, 42.5076987], [1.5415347, 42.5078632], [1.5424054, 42.5080479], [1.5432838, 42.5081916], [1.5441236, 42.5084799], [1.5449963, 42.5084035], [1.5458602, 42.5082569], [1.5467365, 42.5081573], [1.5474822, 42.5084993], [1.5479732, 42.5092412]], "mood_vectors": [[0.0719, 0.0288, 0.0263, 0.7046, 0.0716, 0.0438, 0.053], [0.0932, 0.0838, 0.0542, 0.5987, 0.0798, 0.0294, 0.061], [0.0338, 0.0715, 0.0608, 0.6185, 0.0589, 0.0698, 0.0867], [0.038, 0.0122, 0.0725, 0.7289, 0.0596, 0.0545, 0.0344], [0.0708, 0.0147, 0.0941, 0.6679, 0.0209, 0.0997, 0.0319], [0.0787, 0.0218, 0.0123, 0.745, 0.0537, 0.0195, 0.069], [0.0639, 0.0683, 0.0286, 0.7445, 0.0146, 0.0398, 0.0403], [0.0732, 0.0709, 0.0403, 0.6706, 0.023, 0.0587, 0.0633], [0.0669, 0.0574, 0.0806, 0.6377, 0.0726, 0.0495, 0.0353], [0.0221, 0.0649, 0.0746, 0.7062, 0.0205, 0.075, 0.0367], [0.0446, 0.0699, 0.0685, 0.709, 0.0342, 0.0245, 0.0493], [0.0629, 0.0289, 0.0311, 0.7559, 0.0257, 0.0801, 0.0155], [0.0565, 0.0362, 0.0263, 0.7191, 0.0666, 0.0633, 0.0321], [0.0688, 0.0478, 0.0648, 0.6667, 0.0656, 0.0339, 0.0523], [0.0354, 0.0741, 0.0347, 0.7343, 0.0372, 0.0719, 0.0123], [0.0176, 0.0604, 0.0577, 0.6585, 0.0872, 0.0562, 0.0624], [0.0756, 0.0485, 0.0192, 0.7093, 0.0737, 0.0223, 0.0514], [0.0213, 0.0598, 0.0313, 0.6805, 0.063, 0.062, 0.0821], [0.0556, 0.0747, 0.0673, 0.6614, 0.0723, 0.0574, 0.0113], [0.0404, 0.0497, 0.0533, 0.7506, 0.0478, 0.0226, 0.0355], [0.0347, 0.0642, 0.0496, 0.7977, 0.0118, 0.0249, 0.017], [0.0198, 0.0759, 0.0366, 0.6832, 0.0684, 0.0588, 0.0573], [0.0358, 0.0541, 0.0663, 0.6833, 0.0481, 0.0701, 0.0424], [0.0465, 0.026, 0.042, 0.6851, 0.0177, 0.0901, 0.0924], [0.0429, 0.0944, 0.0311, 0.7301, 0.0609, 0.0184, 0.0221], [0.0554, 0.067, 0.0755, 0.6613, 0.0622, 0.0464, 0.0321], [0.0746, 0.0442, 0.0282, 0.6576, 0.0822, 0.0727, 0.0406], [0.0531, 0.0428, 0.023, 0.7088, 0.0657, 0.0346, 0.0719], [0.0363, 0.0218, 0.0878, 0.7234, 0.0166, 0.0801, 0.034], [0.0662, 0.0687, 0.0641, 0.6925, 0.0323, 0.0551, 0.0211], [0.0707, 0.076, 0.0569, 0.6576, 0.0131, 0.0484, 0.0772], [0.0186, 0.0804, 0.0614, 0.6318, 0.0442, 0.0733, 0.0903], [0.0532, 0.0411, 0.0256, 0.752, 0.0148, 0.0732, 0.0402], [0.0343, 0.0294, 0.0351, 0.732, 0.0578, 0.0712, 0.0402], [0.07, 0.0547, 0.0247, 0.6889, 0.0666, 0.0437, 0.0514], [0.0575, 0.0705, 0.0186, 0.7438, 0.0336, 0.0609, 0.015], [0.0152, 0.0711, 0.0824, 0.6783, 0.0479, 0.0328, 0.0722], [0.0399, 0.0482, 0.0711, 0.7196, 0.0546, 0.0162, 0.0504], [0.0139, 0.0541, 0.0664, 0.671, 0.0764, 0.0535, 0.0647], [0.0859, 0.0412, 0.0687, 0.6207, 0.0683, 0.081, 0.0342], [0.0778, 0.0826, 0.0866, 0.6296, 0.034, 0.0755, 0.0139], [0.0271, 0.0589, 0.0309, 0.7245, 0.0683, 0.0756, 0.0146], [0.0588, 0.0572, 0.0514, 0.7029, 0.0367, 0.0668, 0.0261], [0.0676, 0.0655, 0.05, 0.6276, 0.0421, 0.0801, 0.0672], [0.0157, 0.0153, 0.0257, 0.766, 0.0775, 0.0436, 0.0561], [0.0201, 0.0505, 0.0298, 0.7954, 0.0291, 0.0304, 0.0446], [0.0178, 0.0385, 0.0693, 0.6926, 0.0663, 0.0541, 0.0613], [0.0888, 0.033, 0.0696, 0.6211, 0.0905, 0.0804, 0.0166], [0.0539, 0.0225, 0.0454, 0.7287, 0.077, 0.0356, 0.0369], [0.0634, 0.0193, 0.07, 0.6761, 0.0673, 0.0641, 0.0397], [0.0556, 0.0213, 0.0645, 0.7647, 0.0246, 0.0437, 0.0256], [0.0408, 0.0223, 0.0139, 0.7382, 0.0648, 0.0673, 0.0528], [0.0467, 0.0135, 0.0193, 0.7326, 0.0238, 0.0809, 0.0831], [0.0669, 0.0549, 0.0297, 0.7568, 0.0177, 0.0511, 0.0229], [0.0236, 0.0177, 0.07, 0.7613, 0.0557, 0.0209, 0.0509], [0.0534, 0.0761, 0.0717, 0.5966, 0.0405, 0.0727, 0.089], [0.0403, 0.0129, 0.0168, 0.7295, 0.0649, 0.0728, 0.0628], [0.0425, 0.0426, 0.0294, 0.7754, 0.0401, 0.0304, 0.0396], [0.0184, 0.0704, 0.027, 0.7185, 0.0485, 0.0439, 0.0732], [0.0519, 0.0592, 0.0644, 0.6429, 0.0586, 0.0563, 0.0666], [0.0628, 0.031, 0.0345, 0.6734, 0.0721, 0.0504, 0.0758], [0.0905, 0.066, 0.0231, 0.657, 0.0356, 0.0361, 0.0916], [0.0644, 0.0264, 0.0647, 0.7151, 0.0267, 0.0369, 0.0658], [0.0348, 0.0239, 0.0298, 0.7528, 0.0709, 0.0533, 0.0345], [0.0533, 0.0337, 0.0543, 0.6659, 0.0643, 0.0718, 0.0568], [0.0351, 0.0752, 0.0443, 0.6723, 0.0285, 0.0547, 0.09], [0.0416, 0.0393, 0.0753, 0.7307, 0.0332, 0.0408, 0.0391], [0.0502, 0.0727, 0.0738, 0.712, 0.0262, 0.0473, 0.0178], [0.0639, 0.0688, 0.0358, 0.6648, 0.0588, 0.0535, 0.0545], [0.0352, 0.021, 0.0376, 0.7124, 0.0683, 0.0737, 0.0518], [0.0849, 0.0522, 0.0413, 0.7243, 0.0362, 0.0206, 0.0405], [0.0235, 0.023, 0.0715, 0.7435, 0.0172, 0.0668, 0.0545], [0.0542, 0.0161, 0.0498, 0.7336, 0.0702, 0.0378, 0.0383], [0.0608, 0.0545, 0.0265, 0.6992, 0.0568, 0.0615, 0.0406], [0.0168, 0.0317, 0.0278, 0.8152, 0.0199, 0.0646, 0.0241], [0.0401, 0.0474, 0.016, 0.7698, 0.0758, 0.0247, 0.026], [0.037, 0.0151, 0.0555, 0.7533, 0.067, 0.0179, 0.0543], [0.0847, 0.0428, 0.0509, 0.6961, 0.0196, 0.0575, 0.0485], [0.07, 0.0431, 0.0438, 0.7002, 0.0342, 0.0352, 0.0735], [0.0155, 0.0174, 0.0341, 0.7951, 0.0382, 0.0679, 0.0319]], "emotions": ["green", "green", "green", "green", "green", "green", "green", "green", "green", "green", "green", "green", "green", "green", "green", "green", "green", "green", "green", "green", "green", "green", "green", "green", "green", "green", "green", "green", "green", "green", "green", "green", "green", "green", "green", "green", "green", "green", "green", "green", "green", "green", "green", "green", "green", "green", "green", "green", "green", "green", "green", "green", "green", "green", "green", "green", "green", "green", "green", "green", "green", "green", "green", "green", "green", "green", "green", "green", "green", "green", "green", "green", "green", "green", "green", "green", "green", "green", "green", "green"], "timestamps": [0, 40, 80, 120, 160, 200, 240, 280, 320, 360, 400, 440, 480, 520, 560, 600, 640, 680, 720, 760, 800, 840, 880, 920, 960, 1000, 1040, 1080, 1120, 1160, 1200, 1240, 1280, 1320, 1360, 1400, 1440, 1480, 1520, 1560, 1600, 1640, 1680, 1720, 1760, 1800, 1840, 1880, 1920, 1960, 2000, 2040, 2080, 2120, 2160, 2200, 2240, 2280, 2320, 2360, 2400, 2440, 2480, 2520, 2560, 2600, 2640, 2680, 2720, 2760, 2800, 2840, 2880, 2920, 2960, 3000, 3040, 3080, 3120, 3160]}], "conversation": [], "conversation_timestamps": []}