{"agent_id": "agent-blue-1540", "type": "blue", "trips": [{"trip_id": 0, "transport_method": "foot", "start_time": 0, "path": [[1.5888219, 42.5354871], [1.5878817, 42.5351537], [1.5875067, 42.5348064], [1.5875659, 42.5349641], [1.5865286, 42.5342954], [1.585494, 42.5336309], [1.5854275, 42.5335509], [1.5844556, 42.5327937], [1.5834814, 42.5320428], [1.5823133, 42.5316915], [1.5810792, 42.5317246], [1.5798453, 42.5317674], [1.5786112, 42.5318041], [1.5773782, 42.5317434], [1.5761544, 42.5315817], [1.5749498, 42.5313144], [1.5740195, 42.5305154], [1.5731141, 42.5296757], [1.5738015, 42.5306635], [1.5748147, 42.5312531], [1.5739063, 42.5304167], [1.5729961, 42.5295824], [1.5718133, 42.529358], [1.5707831, 42.5289666], [1.5697955, 42.5282253], [1.5701497, 42.5284274], [1.5711321, 42.529165], [1.5705737, 42.5288746], [1.569546, 42.5281901], [1.5685183, 42.5275055], [1.5674989, 42.5268268], [1.5685778, 42.5274181], [1.5686352, 42.5274976], [1.5676099, 42.5268096], [1.5665888, 42.5261154], [1.5655178, 42.5255118], [1.5643382, 42.5251936], [1.5632155, 42.5247191], [1.562225, 42.5240218], [1.5613557, 42.5231544], [1.5603205, 42.5224901], [1.5593279, 42.5218218], [1.5583869, 42.5210227], [1.5575008, 42.5201632], [1.5568529, 42.5195091], [1.5563354, 42.5188316], [1.5565884, 42.5191144], [1.5559357, 42.5186696], [1.5554993, 42.5182087], [1.5550459, 42.5180984], [1.5541617, 42.5185704], [1.5530823, 42.5191702], [1.5519561, 42.5196766], [1.5508109, 42.5201385], [1.5496488, 42.5205555], [1.5484719, 42.5209287], [1.5472912, 42.5212903], [1.546095, 42.5215967], [1.5448944, 42.5218853], [1.5436906, 42.5221604], [1.542484, 42.5224227], [1.5412719, 42.5226571], [1.5400542, 42.5228621], [1.5388356, 42.5230618], [1.5376191, 42.5232736], [1.5364031, 42.5234886], [1.5351881, 42.5237083], [1.5339795, 42.5239616], [1.5327732, 42.5242258], [1.5315763, 42.5245289], [1.5303816, 42.5248412], [1.5292066, 42.5252161], [1.5280483, 42.5256441], [1.5269175, 42.5261402], [1.5258037, 42.5266721], [1.524713, 42.5272508], [1.5236568, 42.5278898], [1.5226358, 42.5285842], [1.521665, 42.529346], [1.5207093, 42.5300875]], "mood_vectors": [[0.0372, 0.0649, 0.0408, 0.7417, 0.0142, 0.0286, 0.0727], [0.0656, 0.0362, 0.038, 0.6944, 0.0482, 0.0412, 0.0764], [0.0453, 0.0593, 0.0423, 0.7239, 0.0637, 0.0414, 0.0242], [0.0323, 0.0218, 0.0807, 0.7087, 0.0495, 0.0305, 0.0764], [0.0553, 0.0674, 0.0666, 0.6779, 0.0608, 0.0113, 0.0607], [0.086, 0.0748, 0.0473, 0.667, 0.0218, 0.063, 0.0401], [0.0641, 0.0506, 0.0223, 0.7379, 0.0401, 0.0496, 0.0354], [0.0445, 0.0374, 0.0556, 0.6548, 0.084, 0.0615, 0.0622], [0.0493, 0.0677, 0.0549, 0.6739, 0.0247, 0.0647, 0.0648], [0.0184, 0.0405, 0.0782, 0.6702, 0.0715, 0.0639, 0.0572], [0.0851, 0.0203, 0.0627, 0.6859, 0.0393, 0.0678, 0.039], [0.0246, 0.0605, 0.0615, 0.7447, 0.0145, 0.0605, 0.0337], [0.0416, 0.0716, 0.017, 0.7658, 0.0297, 0.0438, 0.0306], [0.0704, 0.0555, 0.067, 0.6229, 0.0297, 0.0604, 0.0941], [0.0577, 0.0658, 0.0409, 0.7246, 0.0434, 0.0442, 0.0234], [0.0308, 0.0569, 0.0674, 0.7683, 0.0151, 0.0124, 0.0492], [0.0231, 0.0695, 0.0804, 0.6561, 0.0634, 0.0334, 0.0741], [0.0693, 0.0433, 0.0708, 0.6743, 0.0184, 0.055, 0.0689], [0.0802, 0.0186, 0.0751, 0.6454, 0.0466, 0.068, 0.0661], [0.0498, 0.0206, 0.0255, 0.7261, 0.0581, 0.0706, 0.0494], [0.0134, 0.0442, 0.0274, 0.7549, 0.0501, 0.0523, 0.0576], [0.0738, 0.071, 0.0564, 0.7062, 0.0281, 0.0329, 0.0315], [0.0282, 0.05, 0.0589, 0.7165, 0.0484, 0.0424, 0.0556], [0.0419, 0.0267, 0.056, 0.6957, 0.0301, 0.0777, 0.0719], [0.0898, 0.0248, 0.0406, 0.6378, 0.0375, 0.0747, 0.0949], [0.0615, 0.0467, 0.0362, 0.6808, 0.0287, 0.0844, 0.0616], [0.0706, 0.0672, 0.0266, 0.6942, 0.0601, 0.0428, 0.0385], [0.0653, 0.0177, 0.0448, 0.7172, 0.0335, 0.0915, 0.03], [0.0497, 0.0184, 0.0575, 0.7151, 0.0655, 0.0709, 0.0229], [0.0652, 0.0495, 0.0173, 0.7296, 0.033, 0.0553, 0.05], [0.0367, 0.0385, 0.0136, 0.7906, 0.0243, 0.0609, 0.0353], [0.018, 0.0243, 0.0339, 0.767, 0.027, 0.0982, 0.0316], [0.0382, 0.0466, 0.0917, 0.6871, 0.0387, 0.0231, 0.0747], [0.033, 0.0155, 0.0316, 0.8156, 0.0271, 0.0352, 0.0421], [0.0529, 0.0836, 0.026, 0.6825, 0.0354, 0.0685, 0.0511], [0.0571, 0.0315, 0.0237, 0.7438, 0.0627, 0.0367, 0.0444], [0.0859, 0.0629, 0.0564, 0.6353, 0.0164, 0.0704, 0.0728], [0.0211, 0.0218, 0.0171, 0.7687, 0.0764, 0.0525, 0.0424], [0.0292, 0.0396, 0.0623, 0.6841, 0.0484, 0.0779, 0.0586], [0.0338, 0.0771, 0.0713, 0.6014, 0.0607, 0.0817, 0.074], [0.0353, 0.0139, 0.0762, 0.7429, 0.0371, 0.0702, 0.0245], [0.0574, 0.0545, 0.0523, 0.6052, 0.081, 0.0729, 0.0767], [0.0664, 0.0532, 0.0548, 0.5997, 0.0927, 0.059, 0.0741], [0.0814, 0.0786, 0.0622, 0.6365, 0.0416, 0.0828, 0.017], [0.0316, 0.0253, 0.0601, 0.6713, 0.0868, 0.0841, 0.0408], [0.0359, 0.0533, 0.0253, 0.7707, 0.0602, 0.0155, 0.0392], [0.0387, 0.0666, 0.0397, 0.7187, 0.0628, 0.0597, 0.0138], [0.0608, 0.0142, 0.059, 0.716, 0.0701, 0.0182, 0.0618], [0.023, 0.0303, 0.0653, 0.7702, 0.0474, 0.0218, 0.0421], [0.0642, 0.0309, 0.056, 0.6862, 0.0595, 0.0587, 0.0445], [0.0468, 0.0236, 0.0159, 0.7801, 0.0602, 0.0311, 0.0423], [0.0589, 0.0593, 0.0422, 0.7143, 0.0591, 0.0119, 0.0544], [0.0523, 0.032, 0.0734, 0.7251, 0.0315, 0.035, 0.0506], [0.0845, 0.0242, 0.0159, 0.695, 0.0963, 0.018, 0.066], [0.0779, 0.0516, 0.0411, 0.6627, 0.0695, 0.0675, 0.0297], [0.0225, 0.0747, 0.0199, 0.6963, 0.0593, 0.0457, 0.0817], [0.0251, 0.0255, 0.0315, 0.7255, 0.0705, 0.0434, 0.0784], [0.0834, 0.0419, 0.058, 0.6821, 0.08, 0.0273, 0.0274], [0.0727, 0.0271, 0.0406, 0.6539, 0.0472, 0.0746, 0.0839], [0.0401, 0.0427, 0.018, 0.7105, 0.067, 0.0313, 0.0904], [0.0488, 0.0518, 0.0702, 0.6676, 0.0718, 0.0468, 0.043], [0.0571, 0.0538, 0.081, 0.6345, 0.0746, 0.0742, 0.0248], [0.0631, 0.051, 0.0462, 0.726, 0.0784, 0.0183, 0.017], [0.0338, 0.0582, 0.0474, 0.6643, 0.0783, 0.0962, 0.0219], [0.0488, 0.0307, 0.0324, 0.6953, 0.0962, 0.0746, 0.0219], [0.0748, 0.0458, 0.0388, 0.6933, 0.0437, 0.0544, 0.0492], [0.0414, 0.0133, 0.0303, 0.7208, 0.0719, 0.0499, 0.0723], [0.0326, 0.0435, 0.0733, 0.7272, 0.0651, 0.0436, 0.0148], [0.0619, 0.0525, 0.0534, 0.7124, 0.0195, 0.0431, 0.0572], [0.0643, 0.0543, 0.047, 0.6572, 0.0616, 0.0585, 0.0571], [0.0248, 0.0178, 0.0379, 0.7829, 0.0724, 0.015, 0.0492], [0.0145, 0.0207, 0.0784, 0.7504, 0.0627, 0.029, 0.0443], [0.0292, 0.0773, 0.0311, 0.7543, 0.0314, 0.0338, 0.0429], [0.0227, 0.0323, 0.018, 0.8384, 0.0182, 0.0179, 0.0525], [0.034, 0.0711, 0.062, 0.7574, 0.0262, 0.0249, 0.0244], [0.0237, 0.0598, 0.042, 0.7333, 0.0612, 0.0152, 0.0648], [0.0784, 0.0167, 0.0208, 0.7272, 0.0518, 0.0294, 0.0757], [0.0528, 0.0718, 0.0685, 0.6366, 0.0375, 0.059, 0.0737], [0.0261, 0.0904, 0.0781, 0.7078, 0.0329, 0.0218, 0.043], [0.0162, 0.0947, 0.0216, 0.6194, 0.0823, 0.0894, 0.0762]], "emotions": ["green", "green", "green", "green", "green", "green", "green", "green", "green", "green", "green", "green", "green", "green", "green", "green", "green", "green", "green", "green", "green", "green", "green", "green", "green", "green", "green", "green", "green", "green", "green", "green", "green", "green", "green", "green", "green", "green", "green", "green", "green", "green", "green", "green", "green", "green", "green", "green", "green", "green", "green", "green", "green", "green", "green", "green", "green", "green", "green", "green", "green", "green", "green", "green", "green", "green", "green", "green", "green", "green", "green", "green", "green", "green", "green", "green", "green", "green", "green", "green"], "timestamps": [0, 40, 80, 120, 160, 200, 240, 280, 320, 360, 400, 440, 480, 520, 560, 600, 640, 680, 720, 760, 800, 840, 880, 920, 960, 1000, 1040, 1080, 1120, 1160, 1200, 1240, 1280, 1320, 1360, 1400, 1440, 1480, 1520, 1560, 1600, 1640, 1680, 1720, 1760, 1800, 1840, 1880, 1920, 1960, 2000, 2040, 2080, 2120, 2160, 2200, 2240, 2280, 2320, 2360, 2400, 2440, 2480, 2520, 2560, 2600, 2640, 2680, 2720, 2760, 2800, 2840, 2880, 2920, 2960, 3000, 3040, 3080, 3120, 3160]}], "conversation": [], "conversation_timestamps": []}