{"agent_id": "agent-purple-1499", "type": "purple", "trips": [{"trip_id": 0, "transport_method": "bicycle", "start_time": 0, "path": [[1.5875539, 42.5379029], [1.5874175, 42.5383156], [1.5865026, 42.5375872], [1.5855116, 42.5369618], [1.5844014, 42.5366427], [1.5832638, 42.536359], [1.582263, 42.5359818], [1.5814527, 42.5352582], [1.5807878, 42.5342963], [1.580521, 42.5338657], [1.579472, 42.5333392], [1.5783557, 42.5329933], [1.5771884, 42.5328416], [1.576414, 42.5327157], [1.5775813, 42.5328722], [1.5770741, 42.5327954], [1.5759172, 42.5325747], [1.5747603, 42.5323539], [1.5754349, 42.5325209], [1.5756657, 42.5324032], [1.5746061, 42.5318889], [1.5735466, 42.5313746], [1.5732815, 42.5314725], [1.5741777, 42.5322138], [1.573451, 42.5315326], [1.5726184, 42.5306996], [1.5718918, 42.5297799], [1.5709435, 42.529087], [1.5700015, 42.52838], [1.5698867, 42.5282545], [1.5708708, 42.5289016], [1.5709306, 42.5291124], [1.5699504, 42.5284594], [1.5689701, 42.5278065], [1.5679899, 42.5271536], [1.5679816, 42.5271426], [1.568998, 42.5277183], [1.5682502, 42.5272393], [1.5672722, 42.526583], [1.5663092, 42.5259056], [1.5652467, 42.5254022], [1.5641254, 42.5251036], [1.5630491, 42.5246548], [1.5621513, 42.5239255], [1.5613032, 42.5231173], [1.5603139, 42.5224874], [1.559374, 42.5218391], [1.5584665, 42.5210941], [1.5576142, 42.5202816], [1.556823, 42.5194466], [1.5565233, 42.5190367], [1.556382, 42.5188504], [1.5562347, 42.5189234], [1.5554799, 42.5182084], [1.5548726, 42.5178714], [1.5545284, 42.5175195], [1.553725, 42.5168325], [1.5545212, 42.5176865], [1.5538493, 42.5168647], [1.5533545, 42.5158211], [1.5527406, 42.5148245], [1.552603, 42.5136903], [1.5516128, 42.5130761], [1.550722, 42.5123131], [1.5496654, 42.5118284], [1.5485281, 42.5115257], [1.5473848, 42.5112435], [1.5464121, 42.5106721], [1.5463948, 42.5098898], [1.5458815, 42.5095776], [1.5447496, 42.5093187], [1.5436186, 42.5090652], [1.5424613, 42.5088841], [1.5413721, 42.5091517], [1.5403218, 42.5096015], [1.5392982, 42.5101384], [1.538232, 42.5100512], [1.5370549, 42.5100313], [1.5360264, 42.5103826], [1.5360866, 42.5100959]], "mood_vectors": [[0.0371, 0.0361, 0.0129, 0.066, 0.072, 0.7289, 0.0469], [0.0241, 0.0653, 0.056, 0.0512, 0.0407, 0.6734, 0.0893], [0.066, 0.0464, 0.091, 0.0263, 0.0423, 0.6669, 0.061], [0.0318, 0.0855, 0.0491, 0.1091, 0.035, 0.6725, 0.0171], [0.0856, 0.0256, 0.0761, 0.0423, 0.0333, 0.6891, 0.0481], [0.0599, 0.0232, 0.0839, 0.0528, 0.0775, 0.6794, 0.0232], [0.0476, 0.0328, 0.054, 0.0829, 0.0542, 0.7153, 0.0133], [0.0634, 0.0373, 0.0704, 0.0312, 0.0342, 0.7294, 0.0342], [0.02, 0.032, 0.0175, 0.0544, 0.0618, 0.7648, 0.0495], [0.0502, 0.0553, 0.0742, 0.0144, 0.0385, 0.7011, 0.0663], [0.0637, 0.0803, 0.0553, 0.0482, 0.0676, 0.6401, 0.0448], [0.0125, 0.038, 0.0243, 0.0217, 0.0291, 0.8248, 0.0497], [0.0732, 0.0707, 0.0344, 0.0706, 0.0386, 0.6975, 0.015], [0.0377, 0.0284, 0.0782, 0.0305, 0.0734, 0.701, 0.0508], [0.0613, 0.0191, 0.0365, 0.0172, 0.0546, 0.7679, 0.0434], [0.0598, 0.074, 0.0872, 0.0375, 0.0447, 0.6572, 0.0395], [0.0392, 0.0293, 0.0228, 0.0839, 0.0798, 0.6862, 0.0588], [0.0651, 0.0162, 0.0535, 0.0125, 0.0545, 0.7323, 0.0658], [0.0416, 0.0635, 0.019, 0.0161, 0.0325, 0.7617, 0.0657], [0.0367, 0.0507, 0.0711, 0.016, 0.0372, 0.7478, 0.0405], [0.0418, 0.0757, 0.0252, 0.0625, 0.083, 0.6602, 0.0516], [0.0692, 0.0594, 0.0568, 0.0517, 0.0303, 0.6776, 0.055], [0.024, 0.067, 0.0727, 0.0607, 0.023, 0.6884, 0.064], [0.0884, 0.0362, 0.0157, 0.0145, 0.0712, 0.714, 0.0601], [0.0411, 0.0497, 0.0732, 0.066, 0.0595, 0.6792, 0.0313], [0.0545, 0.0656, 0.0324, 0.0174, 0.0542, 0.7432, 0.0327], [0.053, 0.0311, 0.0213, 0.0675, 0.034, 0.7265, 0.0667], [0.0958, 0.0363, 0.0226, 0.0164, 0.0544, 0.718, 0.0564], [0.0235, 0.0675, 0.0777, 0.073, 0.0813, 0.6017, 0.0754], [0.086, 0.0172, 0.0199, 0.0558, 0.0251, 0.7698, 0.0262], [0.0152, 0.0428, 0.0647, 0.0164, 0.0904, 0.739, 0.0316], [0.0202, 0.0461, 0.0822, 0.0641, 0.0962, 0.6614, 0.0297], [0.0403, 0.0539, 0.0687, 0.0367, 0.0681, 0.6952, 0.037], [0.0744, 0.0353, 0.1, 0.0318, 0.0165, 0.7123, 0.0297], [0.0744, 0.0573, 0.0254, 0.0778, 0.0431, 0.7037, 0.0182], [0.0444, 0.053, 0.0665, 0.0444, 0.0553, 0.7157, 0.0207], [0.0283, 0.0154, 0.0822, 0.0699, 0.0265, 0.7516, 0.0261], [0.0596, 0.0192, 0.0756, 0.0402, 0.0743, 0.6637, 0.0674], [0.0286, 0.0272, 0.0734, 0.052, 0.0608, 0.6959, 0.0621], [0.0394, 0.0366, 0.1026, 0.0602, 0.0457, 0.6858, 0.0297], [0.0269, 0.0253, 0.0284, 0.0287, 0.069, 0.7688, 0.053], [0.0634, 0.051, 0.0582, 0.0224, 0.0417, 0.6993, 0.0639], [0.057, 0.0823, 0.0453, 0.058, 0.0166, 0.6984, 0.0424], [0.063, 0.0307, 0.0497, 0.0424, 0.0513, 0.6706, 0.0923], [0.0388, 0.0231, 0.0617, 0.0348, 0.0479, 0.7811, 0.0127], [0.0709, 0.0641, 0.0249, 0.0492, 0.0742, 0.7021, 0.0145], [0.0227, 0.0678, 0.018, 0.0411, 0.0188, 0.7569, 0.0746], [0.0179, 0.0513, 0.0595, 0.0189, 0.0776, 0.7549, 0.0199], [0.0598, 0.0328, 0.0211, 0.0772, 0.07, 0.7045, 0.0347], [0.0449, 0.0695, 0.0482, 0.0124, 0.0627, 0.6904, 0.0719], [0.0572, 0.0623, 0.0166, 0.0483, 0.0857, 0.6552, 0.0747], [0.0294, 0.0633, 0.0655, 0.041, 0.0181, 0.7368, 0.0459], [0.0177, 0.0347, 0.0579, 0.0575, 0.0454, 0.7674, 0.0193], [0.054, 0.0505, 0.0338, 0.0139, 0.0657, 0.7262, 0.0558], [0.0209, 0.0167, 0.0381, 0.0476, 0.0806, 0.7468, 0.0493], [0.014, 0.0566, 0.0396, 0.0736, 0.0783, 0.7143, 0.0235], [0.0781, 0.0268, 0.0382, 0.0307, 0.0259, 0.7758, 0.0245], [0.0311, 0.0217, 0.0963, 0.0315, 0.0658, 0.705, 0.0487], [0.0798, 0.0163, 0.0648, 0.0463, 0.0203, 0.7568, 0.0157], [0.0804, 0.0433, 0.0751, 0.0486, 0.0196, 0.6703, 0.0628], [0.0415, 0.0271, 0.0697, 0.0809, 0.0556, 0.6822, 0.0431], [0.0145, 0.0274, 0.0298, 0.0797, 0.0691, 0.7604, 0.0191], [0.0183, 0.1083, 0.0443, 0.0285, 0.0353, 0.7184, 0.047], [0.0576, 0.0754, 0.085, 0.0343, 0.0294, 0.6573, 0.061], [0.0289, 0.0517, 0.0511, 0.0185, 0.0374, 0.7435, 0.0689], [0.0814, 0.0335, 0.0811, 0.0592, 0.0386, 0.6134, 0.0929], [0.0542, 0.0747, 0.0521, 0.0524, 0.0755, 0.6466, 0.0445], [0.0345, 0.0802, 0.0351, 0.0449, 0.0242, 0.7334, 0.0478], [0.0449, 0.0573, 0.0368, 0.0734, 0.0758, 0.6248, 0.0871], [0.0702, 0.0737, 0.0198, 0.0209, 0.0127, 0.7793, 0.0235], [0.0829, 0.0499, 0.035, 0.0867, 0.0721, 0.6109, 0.0625], [0.0804, 0.0246, 0.0737, 0.0317, 0.0782, 0.6544, 0.0571], [0.0954, 0.0327, 0.0328, 0.055, 0.0637, 0.6385, 0.0819], [0.0739, 0.0413, 0.0868, 0.0777, 0.0606, 0.5862, 0.0735], [0.0295, 0.0625, 0.0467, 0.0177, 0.0223, 0.7729, 0.0485], [0.0185, 0.0281, 0.0488, 0.1068, 0.0351, 0.6956, 0.0671], [0.0641, 0.0826, 0.0497, 0.0758, 0.0825, 0.595, 0.0503], [0.0592, 0.0551, 0.0497, 0.0159, 0.0731, 0.6882, 0.0589], [0.0553, 0.0291, 0.0393, 0.0237, 0.0386, 0.7934, 0.0207], [0.0579, 0.0801, 0.0715, 0.0734, 0.057, 0.6194, 0.0408]], "emotions": ["purple", "purple", "purple", "purple", "purple", "purple", "purple", "purple", "purple", "purple", "purple", "purple", "purple", "purple", "purple", "purple", "purple", "purple", "purple", "purple", "purple", "purple", "purple", "purple", "purple", "purple", "purple", "purple", "purple", "purple", "purple", "purple", "purple", "purple", "purple", "purple", "purple", "purple", "purple", "purple", "purple", "purple", "purple", "purple", "purple", "purple", "purple", "purple", "purple", "purple", "purple", "purple", "purple", "purple", "purple", "purple", "purple", "purple", "purple", "purple", "purple", "purple", "purple", "purple", "purple", "purple", "purple", "purple", "purple", "purple", "purple", "purple", "purple", "purple", "purple", "purple", "purple", "purple", "purple", "purple"], "timestamps": [0, 40, 80, 120, 160, 200, 240, 280, 320, 360, 400, 440, 480, 520, 560, 600, 640, 680, 720, 760, 800, 840, 880, 920, 960, 1000, 1040, 1080, 1120, 1160, 1200, 1240, 1280, 1320, 1360, 1400, 1440, 1480, 1520, 1560, 1600, 1640, 1680, 1720, 1760, 1800, 1840, 1880, 1920, 1960, 2000, 2040, 2080, 2120, 2160, 2200, 2240, 2280, 2320, 2360, 2400, 2440, 2480, 2520, 2560, 2600, 2640, 2680, 2720, 2760, 2800, 2840, 2880, 2920, 2960, 3000, 3040, 3080, 3120, 3160]}], "conversation": [], "conversation_timestamps": []}