{"agent_id": "agent-red-1341", "type": "red", "trips": [{"trip_id": 0, "transport_method": "bus", "start_time": 0, "path": [[1.5250982, 42.5079672], [1.5249296, 42.5079234], [1.524761, 42.5078796], [1.524665, 42.5078557], [1.5248324, 42.507904], [1.5249997, 42.5079522], [1.5251671, 42.5080005], [1.5253345, 42.5080487], [1.5255019, 42.5080968], [1.525664, 42.5081599], [1.5258299, 42.5082077], [1.5260026, 42.5082307], [1.5261721, 42.5082698], [1.5263431, 42.5083033], [1.526515, 42.5083312], [1.5266883, 42.5083482], [1.5268623, 42.5083556], [1.5270365, 42.5083592], [1.5272106, 42.508361], [1.5273847, 42.5083654], [1.5275558, 42.5083926], [1.5277178, 42.5084559], [1.527878, 42.5085244], [1.5280381, 42.5085929], [1.528198, 42.508662], [1.5283544, 42.5087387], [1.5285151, 42.5088032], [1.5286846, 42.5088433], [1.5288542, 42.508883], [1.5290248, 42.5089181], [1.5291844, 42.5089485], [1.5290295, 42.5088914], [1.5288557, 42.5088808], [1.5289916, 42.5089175], [1.5291608, 42.5089591], [1.5293299, 42.5090008], [1.529499, 42.5090425], [1.5296681, 42.5090842], [1.5298366, 42.5091285], [1.5300019, 42.5091832], [1.5301664, 42.5092403], [1.530331, 42.5092975], [1.530496, 42.5093531], [1.5306607, 42.5093474], [1.5308249, 42.5093864], [1.5309884, 42.5094464], [1.5311516, 42.5095073], [1.531314, 42.5095702], [1.5314767, 42.5096325], [1.5316401, 42.5096926], [1.5318044, 42.5097505], [1.5319686, 42.5098084], [1.5321346, 42.5098612], [1.5322999, 42.5098734], [1.5324594, 42.5099407], [1.5326318, 42.5099636], [1.5328055, 42.5099752], [1.532979, 42.50999], [1.5331524, 42.5100069], [1.5333258, 42.5100238], [1.5334857, 42.5100927], [1.5336456, 42.5101617], [1.533801, 42.5102402], [1.5339555, 42.5103208], [1.5341099, 42.5104013], [1.5342644, 42.5104819], [1.5344188, 42.5105624], [1.5345732, 42.510643], [1.5347277, 42.5107235], [1.5348821, 42.5108041], [1.5350097, 42.510917], [1.5351285, 42.5110426], [1.5352657, 42.5111496], [1.5354099, 42.5112451], [1.5355639, 42.5113263], [1.5357217, 42.5113998], [1.5357999, 42.5114943], [1.535748, 42.51163], [1.5358682, 42.5117548], [1.5359529, 42.5119069]], "mood_vectors": [[0.69, 0.0499, 0.0248, 0.0735, 0.0246, 0.0721, 0.0651], [0.7266, 0.0462, 0.0742, 0.0664, 0.0131, 0.0178, 0.0557], [0.7351, 0.062, 0.0123, 0.0663, 0.0818, 0.0192, 0.0233], [0.7343, 0.0478, 0.0312, 0.0241, 0.0701, 0.0379, 0.0545], [0.6459, 0.0881, 0.0651, 0.0611, 0.0146, 0.0756, 0.0497], [0.7238, 0.0631, 0.048, 0.0443, 0.0462, 0.0242, 0.0504], [0.6938, 0.0779, 0.0228, 0.0326, 0.0208, 0.1048, 0.0473], [0.7615, 0.0608, 0.0272, 0.031, 0.0242, 0.0304, 0.0648], [0.6629, 0.0785, 0.022, 0.0871, 0.0701, 0.0602, 0.0193], [0.6982, 0.0668, 0.076, 0.0196, 0.0201, 0.0622, 0.057], [0.7044, 0.0499, 0.0601, 0.0271, 0.075, 0.0166, 0.0667], [0.7345, 0.0352, 0.0244, 0.0615, 0.059, 0.022, 0.0634], [0.7011, 0.0255, 0.0695, 0.0628, 0.0787, 0.0212, 0.0412], [0.6742, 0.0701, 0.0569, 0.0546, 0.0289, 0.0501, 0.0652], [0.7123, 0.0665, 0.0305, 0.0799, 0.0272, 0.0378, 0.0458], [0.7416, 0.0388, 0.0149, 0.0845, 0.0475, 0.0565, 0.0161], [0.7188, 0.0508, 0.0661, 0.0291, 0.0483, 0.0169, 0.0701], [0.6316, 0.0418, 0.0656, 0.0375, 0.0707, 0.0753, 0.0776], [0.7235, 0.0363, 0.0869, 0.0292, 0.0416, 0.0533, 0.0293], [0.6775, 0.037, 0.0863, 0.058, 0.0425, 0.0286, 0.0701], [0.7585, 0.0464, 0.0263, 0.0573, 0.0654, 0.0304, 0.0157], [0.7483, 0.0488, 0.0268, 0.0466, 0.0251, 0.0709, 0.0336], [0.6877, 0.0383, 0.0483, 0.0674, 0.0327, 0.0652, 0.0604], [0.778, 0.0444, 0.0702, 0.0154, 0.0189, 0.0312, 0.042], [0.71, 0.0141, 0.0874, 0.0424, 0.0434, 0.0347, 0.0679], [0.656, 0.0479, 0.0559, 0.0353, 0.0657, 0.0697, 0.0694], [0.7085, 0.0147, 0.0695, 0.0186, 0.0714, 0.0556, 0.0618], [0.6821, 0.0251, 0.0865, 0.041, 0.0848, 0.0452, 0.0353], [0.6448, 0.0605, 0.0686, 0.0637, 0.0414, 0.0732, 0.0479], [0.6873, 0.0486, 0.0495, 0.0494, 0.0729, 0.0571, 0.0352], [0.7008, 0.0494, 0.0752, 0.0765, 0.0393, 0.0125, 0.0461], [0.7135, 0.0449, 0.083, 0.0342, 0.0503, 0.0307, 0.0434], [0.7144, 0.0555, 0.0426, 0.0568, 0.0378, 0.0284, 0.0645], [0.6827, 0.0717, 0.036, 0.0274, 0.0651, 0.0669, 0.0502], [0.7178, 0.0329, 0.0602, 0.0771, 0.0361, 0.0572, 0.0186], [0.693, 0.0683, 0.0593, 0.0689, 0.0238, 0.0316, 0.055], [0.6691, 0.0537, 0.0504, 0.0675, 0.0802, 0.0628, 0.0163], [0.7213, 0.0506, 0.0502, 0.0675, 0.0335, 0.0299, 0.047], [0.7483, 0.0628, 0.0494, 0.04, 0.0127, 0.0396, 0.0473], [0.6803, 0.0561, 0.049, 0.0417, 0.0716, 0.0772, 0.0241], [0.7303, 0.0244, 0.1077, 0.0495, 0.0313, 0.016, 0.0407], [0.769, 0.0711, 0.0601, 0.0229, 0.0307, 0.017, 0.0293], [0.6994, 0.0546, 0.0629, 0.0358, 0.0624, 0.058, 0.0269], [0.758, 0.0459, 0.019, 0.037, 0.0667, 0.043, 0.0304], [0.6859, 0.0826, 0.0456, 0.0679, 0.0126, 0.0538, 0.0516], [0.7037, 0.0223, 0.0247, 0.0431, 0.0598, 0.0533, 0.0931], [0.7852, 0.0423, 0.0315, 0.0344, 0.0547, 0.0386, 0.0133], [0.7413, 0.02, 0.0713, 0.0454, 0.0719, 0.0155, 0.0346], [0.6711, 0.0865, 0.0691, 0.0332, 0.0191, 0.0464, 0.0747], [0.7361, 0.0437, 0.056, 0.0487, 0.0425, 0.0494, 0.0236], [0.7456, 0.0436, 0.0591, 0.029, 0.03, 0.0502, 0.0426], [0.7301, 0.0371, 0.0719, 0.0223, 0.0285, 0.0314, 0.0787], [0.705, 0.07, 0.0443, 0.0397, 0.0694, 0.0419, 0.0297], [0.6443, 0.0683, 0.0502, 0.0507, 0.031, 0.0736, 0.0819], [0.7745, 0.0189, 0.0343, 0.0511, 0.0203, 0.0492, 0.0516], [0.7786, 0.0327, 0.0326, 0.0339, 0.0783, 0.029, 0.015], [0.7043, 0.0217, 0.0479, 0.0716, 0.0921, 0.019, 0.0434], [0.7182, 0.0689, 0.0162, 0.0626, 0.0427, 0.0174, 0.0739], [0.6635, 0.0221, 0.0625, 0.0749, 0.0405, 0.0781, 0.0583], [0.7432, 0.0158, 0.0318, 0.0554, 0.0488, 0.0468, 0.0582], [0.6997, 0.043, 0.042, 0.0757, 0.057, 0.0176, 0.065], [0.7274, 0.033, 0.0659, 0.0449, 0.0522, 0.0511, 0.0255], [0.6963, 0.0263, 0.0561, 0.0344, 0.0775, 0.0777, 0.0316], [0.6704, 0.0669, 0.0184, 0.0759, 0.035, 0.0838, 0.0496], [0.6983, 0.0561, 0.0464, 0.0297, 0.071, 0.0751, 0.0233], [0.6455, 0.0495, 0.0406, 0.0817, 0.0461, 0.0676, 0.069], [0.7016, 0.0276, 0.093, 0.0373, 0.0193, 0.0277, 0.0936], [0.7048, 0.0335, 0.0452, 0.0769, 0.0673, 0.034, 0.0383], [0.6764, 0.061, 0.067, 0.0454, 0.0725, 0.0498, 0.0279], [0.7099, 0.0638, 0.0243, 0.0787, 0.0184, 0.0211, 0.0838], [0.7261, 0.0487, 0.0632, 0.027, 0.0268, 0.0382, 0.07], [0.7468, 0.0216, 0.0197, 0.0612, 0.0542, 0.0697, 0.0268], [0.65, 0.0384, 0.0638, 0.0593, 0.073, 0.047, 0.0686], [0.7314, 0.0266, 0.0285, 0.0842, 0.0336, 0.0619, 0.0338], [0.7903, 0.0399, 0.0604, 0.0184, 0.0346, 0.0374, 0.019], [0.682, 0.0875, 0.0513, 0.0187, 0.0478, 0.0464, 0.0662], [0.681, 0.0544, 0.0644, 0.0518, 0.0338, 0.0828, 0.0317], [0.7333, 0.0898, 0.0339, 0.0895, 0.017, 0.0165, 0.02], [0.711, 0.0618, 0.0628, 0.0267, 0.0467, 0.0315, 0.0594], [0.6903, 0.0709, 0.0179, 0.0481, 0.0239, 0.0827, 0.0662]], "emotions": ["red", "red", "red", "red", "red", "red", "red", "red", "red", "red", "red", "red", "red", "red", "red", "red", "red", "red", "red", "red", "red", "red", "red", "red", "red", "red", "red", "red", "red", "red", "red", "red", "red", "red", "red", "red", "red", "red", "red", "red", "red", "red", "red", "red", "red", "red", "red", "red", "red", "red", "red", "red", "red", "red", "red", "red", "red", "red", "red", "red", "red", "red", "red", "red", "red", "red", "red", "red", "red", "red", "red", "red", "red", "red", "red", "red", "red", "red", "red", "red"], "timestamps": [0, 40, 80, 120, 160, 200, 240, 280, 320, 360, 400, 440, 480, 520, 560, 600, 640, 680, 720, 760, 800, 840, 880, 920, 960, 1000, 1040, 1080, 1120, 1160, 1200, 1240, 1280, 1320, 1360, 1400, 1440, 1480, 1520, 1560, 1600, 1640, 1680, 1720, 1760, 1800, 1840, 1880, 1920, 1960, 2000, 2040, 2080, 2120, 2160, 2200, 2240, 2280, 2320, 2360, 2400, 2440, 2480, 2520, 2560, 2600, 2640, 2680, 2720, 2760, 2800, 2840, 2880, 2920, 2960, 3000, 3040, 3080, 3120, 3160]}], "conversation": [], "conversation_timestamps": []}