{
  "agent_id": "agent-type-orange-4",
  "type": "orange",
  "trips": [
    {
      "trip_id": 0,
      "transport_method": "foot",
      "start_time": 0,
      "path": [
        [
          1.5211020999999998,
          42.508253900000014
        ],
        [
          1.5216820179547206,
          42.50831692914268
        ],
        [
          1.522353379787422,
          42.50844629300833
        ],
        [
          1.5224075445289174,
          42.508038722205754
        ],
        [
          1.5223670298129237,
          42.50802718174978
        ],
        [
          1.523026555081327,
          42.50811082807041
        ],
        [
          1.5231992683027402,
          42.508335847474
        ],
        [
          1.5232489584510849,
          42.50783832316689
        ],
        [
          1.5226169888876209,
          42.50762592301802
        ],
        [
          1.5228138164030303,
          42.50727648821005
        ],
        [
          1.5233489993706586,
          42.50724555015814
        ],
        [
          1.5226460151443475,
          42.50728618852633
        ],
        [
          1.522110215919704,
          42.50690109423895
        ],
        [
          1.5216849488215831,
          42.506395101226694
        ],
        [
          1.5223501686628795,
          42.506400101474924
        ],
        [
          1.5230351388862002,
          42.506563362286435
        ],
        [
          1.5237202760951072,
          42.50672591873538
        ],
        [
          1.5243779837709743,
          42.506724239647035
        ],
        [
          1.5248679214662575,
          42.506932460435785
        ],
        [
          1.525564636030567,
          42.50702965486243
        ],
        [
          1.5261774735611913,
          42.506983804814894
        ],
        [
          1.5263156020128759,
          42.50709798813088
        ],
        [
          1.5270174790826756,
          42.5071546174369
        ],
        [
          1.5277193561524753,
          42.507211246742926
        ],
        [
          1.5276242878723607,
          42.506835550972816
        ],
        [
          1.5273078615010411,
          42.50621912158759
        ],
        [
          1.5267599076645242,
          42.50580216731745
        ],
        [
          1.5268476659488293,
          42.50635494338848
        ],
        [
          1.5268667309429726,
          42.50637881738359
        ],
        [
          1.5267545656104284,
          42.50581000213091
        ],
        [
          1.527288096977226,
          42.50619582340649
        ],
        [
          1.5276226221417448,
          42.50673209374722
        ],
        [
          1.5281999425529023,
          42.506651618931464
        ],
        [
          1.528160319099045,
          42.50653269430427
        ],
        [
          1.5286332363591442,
          42.50693406743803
        ],
        [
          1.5286298139129886,
          42.50635012387044
        ],
        [
          1.5290994938406266,
          42.50591963137559
        ],
        [
          1.5284248650611514,
          42.505717853504365
        ],
        [
          1.528109666416562,
          42.50537048597902
        ],
        [
          1.5284060999999998,
          42.50522999999999
        ]
      ],
      "emotions": [
        "green",
        "green",
        "green",
        "green",
        "green",
        "purple",
        "purple",
        "purple",
        "purple",
        "purple",
        "green",
        "green",
        "green",
        "green",
        "green",
        "purple",
        "purple",
        "purple",
        "purple",
        "purple",
        "green",
        "green",
        "green",
        "green",
        "green",
        "red",
        "red",
        "red",
        "red",
        "red",
        "purple",
        "purple",
        "purple",
        "purple",
        "purple",
        "green",
        "green",
        "green",
        "green",
        "green"
      ],
      "mood_vectors": [
        [
          0.0430889457472875,
          0.19101605600339008,
          0.1823724611169789,
          0.2740589381059243,
          0.0414495218137457,
          0.13165829630839376,
          0.13635578090427977
        ],
        [
          0.02370521430939984,
          0.2138514089076372,
          0.19711123148847212,
          0.11576573516394058,
          0.08108057093546597,
          0.16753880579418656,
          0.20094703340089767
        ],
        [
          0.07947416602174587,
          0.04187265131595561,
          0.17542698896463246,
          0.07756575920049653,
          0.1572582827150097,
          0.15253023305476845,
          0.3158719187273914
        ],
        [
          0.04670061309030778,
          0.31226720472403124,
          0.054464178282326574,
          0.23871256713609937,
          0.09546466272782743,
          0.06314622810397572,
          0.18924454593543194
        ],
        [
          0.20383212174672005,
          0.18270818776625913,
          0.17600902948740008,
          0.1259310883637823,
          0.03685631041420875,
          0.020938154313573386,
          0.25372510790805625
        ],
        [
          0.17403923026440274,
          0.14894530984213628,
          0.12336557550855416,
          0.025468137920579725,
          0.2975566447605699,
          0.21832831015734583,
          0.012296791546411326
        ],
        [
          0.1317523583194763,
          0.04140370896552505,
          0.11207034655539296,
          0.126639893531059,
          0.1707403028221271,
          0.18855189912721532,
          0.22884149067920428
        ],
        [
          0.23872992422560455,
          0.23312644882034125,
          0.014649926970500026,
          0.26876830642635247,
          0.16038517435426702,
          0.01715335106471961,
          0.06718686813821506
        ],
        [
          0.19715304136876424,
          0.1998084318324081,
          0.14748723371835057,
          0.22694556526317278,
          0.015825239017946663,
          0.09749190073149756,
          0.11528858806786002
        ],
        [
          0.1832540605452326,
          0.33603655753307504,
          0.1039204504464402,
          0.021005446872922516,
          0.11155753952016557,
          0.003142457404733178,
          0.24108348767743082
        ],
        [
          0.24832389692179718,
          0.011573239677141264,
          0.23548353874907466,
          0.026413021108910868,
          0.12251240797279014,
          0.163894911754768,
          0.19179898381551796
        ],
        [
          0.039287390576875095,
          0.18671155152115465,
          0.12573411194782774,
          0.2779724205627506,
          0.02976965001934113,
          0.13007243159043455,
          0.2104524437816162
        ],
        [
          0.0037931702831914267,
          0.19936123068286724,
          0.2002442836022275,
          0.056307550777374614,
          0.14869549867131598,
          0.23880350089404456,
          0.1527947650889786
        ],
        [
          0.11524851501583039,
          0.0911044182948539,
          0.14664342470080652,
          0.20863936230390132,
          0.22593822404055497,
          0.04106801747731114,
          0.1713580381667418
        ],
        [
          0.14224572077076625,
          0.1467771572292469,
          0.04539806536652115,
          0.21266524650862703,
          0.16966006977850723,
          0.11776484904488797,
          0.16548889130144354
        ],
        [
          0.2273360790924888,
          0.13730671282532173,
          0.14754292280515213,
          0.08536149646208684,
          0.2103110032232025,
          0.12114571225423136,
          0.07099607333751669
        ],
        [
          0.15820132137221735,
          0.10220288105662809,
          0.1990612982157703,
          0.05319226286011189,
          0.10803685786989117,
          0.21963117208165414,
          0.15967420654372713
        ],
        [
          0.24140437059291842,
          0.14772263784139952,
          0.1918588655311885,
          0.050415082795237175,
          0.22276128984642524,
          0.07528485536061551,
          0.07055289803221555
        ],
        [
          0.10399058240225635,
          0.2761074415390229,
          0.005013558241825875,
          0.24732985915457223,
          0.04181400036115658,
          0.24670715434550028,
          0.07903740395566572
        ],
        [
          0.16014247656333136,
          0.2504291869639849,
          0.12110485034169241,
          0.16693619236906518,
          0.019340369575714587,
          0.0320900313279514,
          0.24995689285826017
        ],
        [
          0.06699028757304147,
          0.10994772240247924,
          0.30663351528879157,
          0.03215527508273162,
          0.4505593832581459,
          0.025270302572750748,
          0.008443513822059543
        ],
        [
          0.29186858743904315,
          0.13119049084651704,
          0.24986339810753636,
          0.11490549505746002,
          0.12243647684932697,
          0.034504428963421735,
          0.05523112273669475
        ],
        [
          0.23225283740695013,
          0.18995589119116965,
          0.10070558712050053,
          0.0589454744060494,
          0.19316419464590864,
          0.07329790118704194,
          0.15167811404237969
        ],
        [
          0.25344199808200757,
          0.1692476281606784,
          0.2475568947876522,
          0.1471288955171957,
          0.09733974327797595,
          0.0651863247986698,
          0.020098515375820438
        ],
        [
          0.18823629203966252,
          0.12094414793635146,
          0.11054259098647168,
          0.10436734178733598,
          0.06935214690681961,
          0.20443457709147794,
          0.20212290325188073
        ],
        [
          0.1942075236100184,
          0.31160182967656025,
          0.10787239916366442,
          0.2464117189584969,
          0.001163149708443977,
          0.09360916691705334,
          0.04513421196576274
        ],
        [
          0.2922026722463843,
          0.05841036914402571,
          0.09749729948654696,
          0.00452998914858924,
          0.20038586087203764,
          0.3402947938828984,
          0.00667901521951773
        ],
        [
          0.16826757881898835,
          0.054512591527955415,
          0.17049676080083356,
          0.16667719651590068,
          0.1490525633403183,
          0.17135477180353723,
          0.11963853719246638
        ],
        [
          0.26166862858108836,
          0.08725146293243184,
          0.14400967630051795,
          0.2549331689909668,
          0.13159932653876563,
          0.09834014805597678,
          0.02219758860025264
        ],
        [
          0.04451622729034914,
          0.17508395774612284,
          0.043488855611430434,
          0.13019584839589032,
          0.29901587590620043,
          0.12057572467147022,
          0.18712351037853653
        ],
        [
          0.2696780797249957,
          0.05907693342001695,
          0.01915805381398425,
          0.10219073493398895,
          0.233123058877263,
          0.0671769435381963,
          0.2495961956915549
        ],
        [
          0.19766301397407227,
          0.34851793747622273,
          0.14515796211552717,
          0.031808634247787695,
          0.16017166429703592,
          0.007758578794393695,
          0.10892220909496061
        ],
        [
          0.12523424139131392,
          0.1778235607272631,
          0.009689250001015672,
          0.1803399035536547,
          0.17693186843754607,
          0.20367931555184118,
          0.1263018603373654
        ],
        [
          0.03172843773989816,
          0.17524023637444316,
          0.1228382482275812,
          0.020200635386631766,
          0.13800601354266262,
          0.2722555566865227,
          0.2397308720422604
        ],
        [
          0.12602291050808417,
          0.19074472107896412,
          0.1386411878021585,
          0.06777634303523178,
          0.1332364376671037,
          0.14738501697715703,
          0.19619338293130067
        ],
        [
          0.28382642472585157,
          0.031127478058007675,
          0.15584138720371715,
          0.016641015972182926,
          0.12915244889918567,
          0.13015199409048767,
          0.2532592510505674
        ],
        [
          0.20631788200189208,
          0.04315423930694396,
          0.06677149237454422,
          0.3039223132420254,
          0.16403710629663582,
          0.18293992599769285,
          0.032857040780265794
        ],
        [
          0.013047888162767616,
          0.13408886707297632,
          0.013896153183986473,
          0.22480476695974985,
          0.2837767221650198,
          0.06620583882969866,
          0.2641797636258013
        ],
        [
          0.03817314037945991,
          0.2500872759533361,
          0.18865292790021315,
          0.13577046859254646,
          0.06122994680692699,
          0.062405272716230455,
          0.26368096765128696
        ],
        [
          0.1633714279163402,
          0.21509438430143776,
          0.06312610855962807,
          0.1539513696430277,
          0.11694785842710602,
          0.07651250381753578,
          0.21099634733492448
        ]
      ],
      "timestamps": [
        0,
        1,
        2,
        3,
        4,
        5,
        6,
        7,
        8,
        9,
        10,
        11,
        12,
        13,
        14,
        15,
        16,
        17,
        18,
        19,
        20,
        21,
        22,
        23,
        24,
        25,
        26,
        27,
        28,
        29,
        30,
        31,
        32,
        33,
        34,
        35,
        36,
        37,
        38,
        39
      ],
      "distance": 1129.4
    },
    {
      "trip_id": 1,
      "transport_method": "bicycle",
      "start_time": 40,
      "path": [
        [
          1.5284060999999998,
          42.50522999999999
        ],
        [
          1.5282893945552842,
          42.50541385578795
        ],
        [
          1.5287791353559184,
          42.50582381386077
        ],
        [
          1.5287370412171237,
          42.50626440482496
        ],
        [
          1.5286117280175489,
          42.50693200086916
        ],
        [
          1.5278677748372598,
          42.5069361617678
        ],
        [
          1.527571623364736,
          42.50719932726927
        ],
        [
          1.5266854566500432,
          42.50712782898526
        ],
        [
          1.526332751535495,
          42.50687295269946
        ],
        [
          1.5272187100708474,
          42.50694698596551
        ],
        [
          1.5264623313938006,
          42.50688378076843
        ],
        [
          1.5257711925466524,
          42.50704899206819
        ],
        [
          1.5248900998882442,
          42.50693665278786
        ],
        [
          1.5244000105203745,
          42.50668408915102
        ],
        [
          1.5235849269917827,
          42.50669406041249
        ],
        [
          1.522720029351178,
          42.50648825677578
        ],
        [
          1.5218534755475117,
          42.50631124116718
        ],
        [
          1.5221029853957435,
          42.506893557395514
        ],
        [
          1.5223241952700515,
          42.507547699584215
        ],
        [
          1.521448349039451,
          42.50747182698145
        ],
        [
          1.5205594160808054,
          42.507457626774446
        ],
        [
          1.5200096525948112,
          42.507111620619305
        ],
        [
          1.519538921458242,
          42.50672320998334
        ],
        [
          1.5202689871190238,
          42.50641600936827
        ],
        [
          1.5196641542498492,
          42.50655294763438
        ],
        [
          1.519060268132554,
          42.50691286039706
        ],
        [
          1.5182084733730024,
          42.50672415994109
        ],
        [
          1.5173376628353632,
          42.506577007787335
        ],
        [
          1.516451398211236,
          42.506506733561146
        ],
        [
          1.515623301365942,
          42.506755047512684
        ],
        [
          1.5153982252013725,
          42.50707376326523
        ],
        [
          1.5162632215822804,
          42.50727915243696
        ],
        [
          1.5168035820368115,
          42.507407458391334
        ],
        [
          1.5159385856559036,
          42.50720206921961
        ],
        [
          1.5151208893840562,
          42.50699176261404
        ],
        [
          1.5159251387372643,
          42.506612834614664
        ],
        [
          1.5161759982091745,
          42.50636004030639
        ],
        [
          1.516789945575511,
          42.50639680974776
        ],
        [
          1.5159102084996599,
          42.50634544594858
        ],
        [
          1.516777937482084,
          42.50650579997054
        ],
        [
          1.5176617915049027,
          42.50660046596774
        ],
        [
          1.5185145759791332,
          42.50683335807047
        ],
        [
          1.5193851322940204,
          42.506922150904856
        ],
        [
          1.51997288474381,
          42.506451416757116
        ],
        [
          1.5199487104529363,
          42.50645936685277
        ],
        [
          1.5198470407135547,
          42.50682658097272
        ],
        [
          1.5203136289918664,
          42.50722600416625
        ],
        [
          1.5208843716018208,
          42.50746281775721
        ],
        [
          1.5217730032944485,
          42.50748180630825
        ],
        [
          1.522488095715191,
          42.50730261913641
        ],
        [
          1.5218779931240007,
          42.50665903337842
        ],
        [
          1.5221713497769256,
          42.50635748047412
        ],
        [
          1.52303617046787,
          42.50656360816115
        ],
        [
          1.5239013026527004,
          42.50676842062281
        ],
        [
          1.5246763976199325,
          42.506640059670396
        ],
        [
          1.5252097000000002,
          42.5069956
        ]
      ],
      "emotions": [
        "purple",
        "purple",
        "purple",
        "purple",
        "purple",
        "purple",
        "purple",
        "purple",
        "purple",
        "purple",
        "purple",
        "purple",
        "purple",
        "purple",
        "purple",
        "green",
        "green",
        "green",
        "green",
        "green",
        "purple",
        "purple",
        "purple",
        "purple",
        "purple",
        "purple",
        "purple",
        "purple",
        "purple",
        "purple",
        "purple",
        "purple",
        "purple",
        "purple",
        "purple",
        "green",
        "green",
        "green",
        "green",
        "green",
        "red",
        "red",
        "red",
        "red",
        "red",
        "red",
        "red",
        "red",
        "red",
        "red",
        "red",
        "red",
        "red",
        "red",
        "red",
        "purple"
      ],
      "mood_vectors": [
        [
          0.07620473063132463,
          0.05773987556940772,
          0.2290298333756833,
          0.04169389424289388,
          0.31503444528816094,
          0.11679068705199029,
          0.16350653384053926
        ],
        [
          0.12575924513823794,
          0.13094568929194306,
          0.11080555842146411,
          0.06981410935454632,
          0.18247617047654585,
          0.18408027123316517,
          0.1961189560840976
        ],
        [
          0.0640463758276038,
          0.2144651583149308,
          0.04973473362481026,
          0.06224430904865236,
          0.08708544096175691,
          0.3084038234285237,
          0.21402015879372233
        ],
        [
          0.1841983335416237,
          0.05105163048983596,
          0.08231626087808344,
          0.12257089914409702,
          0.2605313008484164,
          0.09764498834558392,
          0.2016865867523595
        ],
        [
          0.17065365107497507,
          0.19384622778569374,
          0.16598814854101016,
          0.19847615478662048,
          0.06093578938544296,
          0.17411406655724587,
          0.03598596186901168
        ],
        [
          0.06247290530949008,
          0.24720913399267863,
          0.1293944725143692,
          0.14987846430144322,
          0.24030498857610302,
          0.12748002017248244,
          0.04326001513343332
        ],
        [
          0.1295416858907839,
          0.1521793032309512,
          0.10499014452051236,
          0.1401438805350018,
          0.20883153501444035,
          0.19983875437693951,
          0.06447469643137084
        ],
        [
          0.22813607796891708,
          0.08828058540411506,
          0.04592769848593689,
          0.2472110302099404,
          0.006536453631558976,
          0.1339741096809787,
          0.24993404461855281
        ],
        [
          0.038679643883709376,
          0.23452763127306475,
          0.05291910360563534,
          0.28498726994336065,
          0.07730761627282438,
          0.038139114542088945,
          0.2734396204793165
        ],
        [
          0.16906731723806537,
          0.0384642631785657,
          0.19620510883929423,
          0.12546581885785563,
          0.14714505803571878,
          0.17224566749070738,
          0.15140676635979292
        ],
        [
          0.2513107776282832,
          0.06416974952580899,
          0.2174416209408154,
          0.1974398061435502,
          0.2047093788905422,
          0.056346111124884905,
          0.008582555746115078
        ],
        [
          0.12313759476854583,
          0.21958127375679756,
          0.10953467951141077,
          0.10186564764691583,
          0.0801106519591908,
          0.23247503368958763,
          0.13329511866755153
        ],
        [
          0.008675640833793465,
          0.06968998351059463,
          0.23637080617344908,
          0.20731059824659326,
          0.1932550972692464,
          0.004106514863468301,
          0.2805913591028548
        ],
        [
          0.10508425129105634,
          0.19867573853972106,
          0.1075631356476408,
          0.16326269537470714,
          0.0022418485112931197,
          0.22269653623525099,
          0.20047579440033053
        ],
        [
          0.13597864580700134,
          0.1806015122713223,
          0.24637331686822828,
          0.22509161548381565,
          0.08042013348524932,
          0.0552966252095301,
          0.07623815087485307
        ],
        [
          0.2325349849006586,
          0.09522058012460427,
          0.12087511813657963,
          0.02767844442399564,
          0.18900285703871972,
          0.14580378297530266,
          0.18888423240013946
        ],
        [
          0.1711604213934129,
          0.16526537148757364,
          0.05469411621437814,
          0.2321602706149483,
          0.028497892466374485,
          0.20224902834206418,
          0.14597289948124845
        ],
        [
          0.0815095324883922,
          0.004725431816008689,
          0.12411747187254783,
          0.14918366763390817,
          0.2866817200986444,
          0.2990716045003542,
          0.054710571590144516
        ],
        [
          0.046314440919039745,
          0.12865930415671123,
          0.18540654038646093,
          0.1771086536525577,
          0.18342413699165486,
          0.1578786825418617,
          0.12120824135171393
        ],
        [
          0.001246363728503398,
          0.20820897251289294,
          0.23568498374133098,
          0.07091738853895771,
          0.15686072211806762,
          0.05932369456850602,
          0.26775787479174135
        ],
        [
          0.22112589190963258,
          0.14532980651838914,
          0.06545562358070572,
          0.2968946118107944,
          0.17939786010303999,
          0.06833572716936151,
          0.0234604789080766
        ],
        [
          0.08315629816184487,
          0.23673499972365808,
          0.25861795601882326,
          0.04841150053759126,
          0.06394139786448419,
          0.20808544243251426,
          0.10105240526108411
        ],
        [
          0.2509789979691029,
          0.20584697038478922,
          0.1011286822028473,
          0.15676699492740298,
          0.0982528400880864,
          0.04241787260271681,
          0.14460764182505442
        ],
        [
          0.2497330379542843,
          0.06321978190650052,
          0.12235332235137604,
          0.19001571435570125,
          0.15401420940565566,
          0.1130417410464082,
          0.10762219298007403
        ],
        [
          0.1546407085398895,
          0.07628543807796209,
          0.02232225856473957,
          0.026049874232588404,
          0.2474055352700762,
          0.13575691203967402,
          0.3375392732750702
        ],
        [
          0.12661411815273726,
          0.22047688299504864,
          0.12384976956068404,
          0.2090350194890094,
          0.24766118279757873,
          0.009433654428165622,
          0.06292937257677626
        ],
        [
          0.1824908859267892,
          0.17837104903922374,
          0.11224774931501863,
          0.17187579698469987,
          0.07248433678535794,
          0.152526636330704,
          0.13000354561820668
        ],
        [
          0.01687073257167836,
          0.1008102153166434,
          0.05137975705384394,
          0.24190456609713604,
          0.13530311309906842,
          0.16256427134170642,
          0.2911673445199235
        ],
        [
          0.05145186319840946,
          0.1702768451361755,
          0.21028504667198553,
          0.2112080810492254,
          0.1356081276803682,
          0.022170646004257055,
          0.19899939025957883
        ],
        [
          0.08942004581669069,
          0.023982841888955952,
          0.19212384575469366,
          0.16107398812129614,
          0.036953872916260753,
          0.23649866582356002,
          0.25994673967854287
        ],
        [
          0.008060361016102198,
          0.08288831750401449,
          0.08159901314898929,
          0.32782152814732457,
          0.011948550393078896,
          0.32621212948084394,
          0.16147010030964662
        ],
        [
          0.10005275929429801,
          0.14783590989577886,
          0.265648972153284,
          0.08539279491206683,
          0.16581047210881814,
          0.08805312838177899,
          0.14720596325397525
        ],
        [
          0.017145300578868625,
          0.1996933631036768,
          0.01614243666470873,
          0.0312289863322738,
          0.23086394281041261,
          0.23554725853854974,
          0.26937871197150964
        ],
        [
          0.19855153587378532,
          0.16622680446604995,
          0.0740616254738039,
          0.15605669975268346,
          0.04319650222531615,
          0.20465445222915907,
          0.15725237997920205
        ],
        [
          0.08625073816748242,
          0.2517525128154888,
          0.2704826452246291,
          0.0905877049219262,
          0.09040663249238667,
          0.0973940793213985,
          0.11312568705668823
        ],
        [
          0.02785136061173949,
          0.05599038787423076,
          0.33583153408213284,
          0.03674809000807418,
          0.28648357738577446,
          0.24112205802550385,
          0.01597299201254442
        ],
        [
          0.15360040077237097,
          0.03227761766639351,
          0.16204518606683843,
          0.11991112380672289,
          0.15424033541916188,
          0.20046674600173695,
          0.17745859026677535
        ],
        [
          0.07911511276948145,
          0.021205128092838248,
          0.08488581725653462,
          0.19393542747853199,
          0.43233532767926186,
          0.014381299128884297,
          0.17414188759446755
        ],
        [
          0.25448081583247273,
          0.1659351495111932,
          0.008953409852928872,
          0.0009538411690326213,
          0.3122607423035333,
          0.19568980453418808,
          0.06172623679665116
        ],
        [
          0.14782779408143026,
          0.12539726089334782,
          0.21858335189463332,
          0.12678562027009152,
          0.18866385584172154,
          0.06900934733892747,
          0.12373276967984807
        ],
        [
          0.17376063437517947,
          0.11983050492692278,
          0.15233829070882504,
          0.03572357830293844,
          0.06382073097569857,
          0.2752334273506168,
          0.1792928333598189
        ],
        [
          0.10169755048486422,
          0.07337703096632914,
          0.08109740010317358,
          0.23013021295141944,
          0.23901489439126183,
          0.18063248375297128,
          0.09405042734998051
        ],
        [
          0.21218377105076158,
          0.05181868634192043,
          0.29752769958634817,
          0.26008422486488114,
          0.03163911447784797,
          0.10750095013024394,
          0.039245553547996796
        ],
        [
          0.2355882102023004,
          0.21897748537152284,
          0.017067795835159806,
          0.1221764414203051,
          0.11703534990073995,
          0.034230170186596715,
          0.2549245470833752
        ],
        [
          0.3425222913168148,
          0.07686392466536265,
          0.044756013680801565,
          0.25239434722312554,
          0.16774008313095598,
          0.05794091407903062,
          0.05778242590390892
        ],
        [
          0.20405271629866129,
          0.19284134016995208,
          0.0817370531147048,
          0.17338680065928624,
          0.1044353529569592,
          0.1853341033667389,
          0.0582126334336975
        ],
        [
          0.1655744128560388,
          0.2281470500256346,
          0.187054427303763,
          0.021953405168318625,
          0.24158848037495173,
          0.12839167400681942,
          0.027290550264473797
        ],
        [
          0.14385965726221175,
          0.09642812856837951,
          0.2357076370474033,
          0.006402612524080465,
          0.1407406842953233,
          0.1694010442172812,
          0.20746023608532052
        ],
        [
          0.10061764878613805,
          0.20999875747007896,
          0.0751497402702175,
          0.17745780851519974,
          0.1905172929258202,
          0.05994872921879411,
          0.18631002281375142
        ],
        [
          0.13806678799240454,
          0.1935168269129911,
          0.19232255755110367,
          0.19252286861725912,
          0.042197520848451936,
          0.186903142112002,
          0.054470295965787556
        ],
        [
          0.1087240855030468,
          0.1271295373795501,
          0.12077933172395479,
          0.17208514443518497,
          0.03795154720064923,
          0.2542247839150165,
          0.17910556984259762
        ],
        [
          0.13145548137673907,
          0.27590786583984656,
          0.26354647192407693,
          0.1067101751048605,
          0.05887048393983469,
          0.11000324140795516,
          0.053506280406687055
        ],
        [
          0.06049472474517757,
          0.06323487664874358,
          0.2093724491119842,
          0.00940935978465455,
          0.12081727114257829,
          0.37444879261648273,
          0.16222252595037912
        ],
        [
          0.2145477247804363,
          0.2375777929118611,
          0.12349388171948887,
          0.19646452105207074,
          0.022895846835335968,
          0.1686717072186842,
          0.03634852548212277
        ],
        [
          0.10009430500198103,
          0.18828728314302326,
          0.16492109169218813,
          0.14591921042043046,
          0.19298646999455923,
          0.06112094911630837,
          0.14667069063150948
        ],
        [
          0.003665380906550453,
          0.18532053595710857,
          0.20397971631353226,
          0.1566099035557617,
          0.11456290377665873,
          0.13801621343498965,
          0.19784534605539858
        ]
      ],
      "timestamps": [
        40,
        41,
        42,
        43,
        44,
        45,
        46,
        47,
        48,
        49,
        50,
        51,
        52,
        53,
        54,
        55,
        56,
        57,
        58,
        59,
        60,
        61,
        62,
        63,
        64,
        65,
        66,
        67,
        68,
        69,
        70,
        71,
        72,
        73,
        74,
        75,
        76,
        77,
        78,
        79,
        80,
        81,
        82,
        83,
        84,
        85,
        86,
        87,
        88,
        89,
        90,
        91,
        92,
        93,
        94,
        95
      ],
      "distance": 1419.2
    },
    {
      "trip_id": 2,
      "transport_method": "car",
      "start_time": 96,
      "path": [
        [
          1.5251009000000004,
          42.50697649999999
        ],
        [
          1.5251009000000004,
          42.50697649999999
        ],
        [
          1.5251009000000004,
          42.50697649999999
        ],
        [
          1.5251009000000004,
          42.50697649999999
        ]
      ],
      "emotions": [
        "purple",
        "purple",
        "purple",
        "purple"
      ],
      "mood_vectors": [
        [
          0.19448032380545277,
          0.25572189554470953,
          0.0554964011730118,
          0.14598436158252306,
          0.1696466433739275,
          0.03065592517534428,
          0.14801444934503105
        ],
        [
          0.16117222889182414,
          0.23860619369973293,
          0.1258835719431518,
          0.013394418940400684,
          0.1847995850388708,
          0.18579002003983663,
          0.09035398144618302
        ],
        [
          0.21346021117860095,
          0.0008846946368776702,
          0.23951253138525905,
          0.09310165177336638,
          0.2346347097598919,
          0.06587351170970653,
          0.15253268955629748
        ],
        [
          0.1716253868416426,
          0.1177451246818063,
          0.2734313138386681,
          0.0826047017742265,
          0.13402786453911344,
          0.15444122106289637,
          0.06612438726164659
        ]
      ],
      "timestamps": [
        96,
        97,
        98,
        99
      ],
      "distance": 849.3
    }
  ],
  "conversation": [
    "Why do I always crave noodles here?",
    "The old town feels like its own little city.",
    "The hills here are no joke."
  ],
  "conversation_timestamps": [
    4,
    5,
    49
  ]
}
