{"agent_id": "agent-red-386", "type": "red", "trips": [{"trip_id": 0, "transport_method": "foot", "start_time": 0, "path": [[1.5391086, 42.5106552], [1.5385552, 42.5110881], [1.5380323, 42.5115394], [1.5373614, 42.511835], [1.5367592, 42.5122369], [1.5360909, 42.51254], [1.5354082, 42.5127603], [1.5347157, 42.5130022], [1.5341365, 42.5133141], [1.5336117, 42.5137583], [1.5329045, 42.5139586], [1.5322874, 42.5143573], [1.5317612, 42.5148576], [1.5311947, 42.5153251], [1.5309506, 42.515504], [1.5303384, 42.5159093], [1.5297024, 42.5162588], [1.529078, 42.5166496], [1.5283919, 42.5165827], [1.5277694, 42.5169524], [1.5271007, 42.5172626], [1.52642, 42.5175456], [1.525815, 42.5179547], [1.5252547, 42.518433], [1.5246692, 42.518881], [1.5240826, 42.5193266], [1.5238954, 42.5200307], [1.5235747, 42.5206913], [1.5231973, 42.5213234], [1.522621, 42.5217776], [1.5220647, 42.5222524], [1.5217759, 42.5229231], [1.5213928, 42.5235451], [1.5209325, 42.5241201], [1.5206363, 42.5247883], [1.5207885, 42.525503], [1.5207441, 42.5262242], [1.5206097, 42.5269203], [1.5207594, 42.5275901], [1.5210417, 42.5282472], [1.5214252, 42.5288231], [1.5219662, 42.5292706], [1.5216392, 42.5298419], [1.5212576, 42.5304357], [1.5211759, 42.530981], [1.520878, 42.5316447], [1.5212184, 42.5322952], [1.521214, 42.5329538], [1.5207456, 42.533471], [1.521023, 42.5340859], [1.5214741, 42.5346182], [1.5221113, 42.5349641], [1.5225549, 42.5355503], [1.5230382, 42.5361052], [1.5235547, 42.5364966], [1.5242642, 42.5366659], [1.5249854, 42.5368154], [1.5251956, 42.537284], [1.5247842, 42.5375891], [1.5240858, 42.5377165], [1.523431, 42.538046], [1.5231239, 42.5386336], [1.5231443, 42.539367], [1.5232297, 42.5400967], [1.5235007, 42.5407571], [1.5237579, 42.5404004], [1.5236816, 42.540766], [1.5238116, 42.5404917], [1.5242467, 42.5398982], [1.5247565, 42.5393657], [1.5253096, 42.5388818], [1.5260048, 42.5387771], [1.5267299, 42.538644], [1.5266551, 42.5382791], [1.5259586, 42.5383164], [1.5254538, 42.5388473], [1.5260885, 42.5388817], [1.5268257, 42.5388767], [1.5271914, 42.5387643], [1.5264841, 42.5386194]], "mood_vectors": [[0.6573, 0.0935, 0.0169, 0.0796, 0.0494, 0.0806, 0.0227], [0.7267, 0.0689, 0.0135, 0.0388, 0.057, 0.0643, 0.0309], [0.632, 0.0926, 0.0261, 0.0328, 0.0986, 0.0669, 0.051], [0.6167, 0.0643, 0.052, 0.0633, 0.0652, 0.0648, 0.0736], [0.699, 0.0424, 0.028, 0.0178, 0.0927, 0.0813, 0.0386], [0.7181, 0.0436, 0.0301, 0.034, 0.0653, 0.0179, 0.091], [0.7051, 0.0748, 0.079, 0.0364, 0.0223, 0.0521, 0.0303], [0.6759, 0.0569, 0.0694, 0.0159, 0.0488, 0.0718, 0.0613], [0.6529, 0.0411, 0.0689, 0.077, 0.037, 0.0431, 0.08], [0.7369, 0.0529, 0.0191, 0.0822, 0.0516, 0.0442, 0.013], [0.675, 0.037, 0.0662, 0.0559, 0.0692, 0.0669, 0.0297], [0.6749, 0.0775, 0.0357, 0.0568, 0.0489, 0.0243, 0.0819], [0.7188, 0.0364, 0.0446, 0.0465, 0.0379, 0.0484, 0.0673], [0.6448, 0.0517, 0.0605, 0.0426, 0.0806, 0.0439, 0.076], [0.661, 0.0455, 0.0542, 0.0188, 0.0757, 0.0662, 0.0788], [0.6694, 0.0507, 0.0794, 0.0241, 0.0361, 0.0712, 0.069], [0.6935, 0.082, 0.0422, 0.0681, 0.0405, 0.0162, 0.0574], [0.7186, 0.0358, 0.0377, 0.0604, 0.033, 0.0377, 0.0767], [0.7038, 0.0692, 0.064, 0.028, 0.0629, 0.0239, 0.0481], [0.6261, 0.0547, 0.0356, 0.0571, 0.0413, 0.0902, 0.0951], [0.6438, 0.0228, 0.061, 0.0783, 0.0531, 0.0611, 0.0799], [0.7874, 0.0537, 0.039, 0.0132, 0.052, 0.021, 0.0337], [0.6249, 0.0234, 0.0954, 0.0694, 0.0908, 0.0152, 0.0809], [0.7493, 0.0342, 0.0449, 0.0513, 0.0263, 0.0304, 0.0636], [0.6934, 0.0557, 0.0786, 0.029, 0.0587, 0.0292, 0.0554], [0.6619, 0.0562, 0.0634, 0.0546, 0.0509, 0.0648, 0.0481], [0.7075, 0.0801, 0.0345, 0.0472, 0.0365, 0.0453, 0.0489], [0.7121, 0.0616, 0.0513, 0.0402, 0.0355, 0.0286, 0.0708], [0.7944, 0.0535, 0.018, 0.0201, 0.0477, 0.0457, 0.0206], [0.7549, 0.0403, 0.0313, 0.0426, 0.0241, 0.0817, 0.0251], [0.6741, 0.0455, 0.0746, 0.0632, 0.056, 0.056, 0.0306], [0.6931, 0.0788, 0.0136, 0.0425, 0.0794, 0.0735, 0.0191], [0.7629, 0.0299, 0.0338, 0.0697, 0.044, 0.0436, 0.016], [0.6841, 0.0672, 0.0445, 0.0481, 0.068, 0.0626, 0.0256], [0.8279, 0.0288, 0.021, 0.0156, 0.0444, 0.0407, 0.0216], [0.7773, 0.0567, 0.0397, 0.0244, 0.0305, 0.052, 0.0194], [0.7014, 0.0677, 0.0684, 0.069, 0.039, 0.0271, 0.0275], [0.6589, 0.0489, 0.0737, 0.0678, 0.0743, 0.0592, 0.0171], [0.6341, 0.0561, 0.0429, 0.025, 0.0827, 0.0682, 0.0911], [0.6373, 0.0739, 0.0802, 0.0221, 0.0743, 0.06, 0.0522], [0.782, 0.0187, 0.0383, 0.0687, 0.0346, 0.0308, 0.027], [0.7127, 0.0459, 0.0489, 0.0348, 0.0854, 0.0324, 0.0399], [0.7353, 0.0503, 0.0177, 0.0498, 0.0703, 0.046, 0.0306], [0.6233, 0.0707, 0.0544, 0.0825, 0.0696, 0.0638, 0.0356], [0.7053, 0.0404, 0.0329, 0.0754, 0.0151, 0.0559, 0.0751], [0.7209, 0.078, 0.0448, 0.0424, 0.0413, 0.046, 0.0266], [0.6873, 0.0591, 0.0356, 0.0818, 0.0201, 0.0795, 0.0367], [0.6275, 0.0284, 0.0676, 0.0708, 0.0747, 0.0691, 0.062], [0.7231, 0.0369, 0.0653, 0.0764, 0.0157, 0.0252, 0.0573], [0.7103, 0.0191, 0.0487, 0.0717, 0.0617, 0.0173, 0.0712], [0.7313, 0.0446, 0.0432, 0.0416, 0.0369, 0.0261, 0.0763], [0.6945, 0.074, 0.0284, 0.0598, 0.0919, 0.0176, 0.0338], [0.6411, 0.0762, 0.0941, 0.0426, 0.0207, 0.0302, 0.095], [0.7416, 0.0342, 0.0286, 0.0673, 0.015, 0.0342, 0.079], [0.6382, 0.0785, 0.0373, 0.0725, 0.022, 0.0882, 0.0632], [0.7067, 0.0533, 0.0888, 0.0715, 0.0172, 0.0444, 0.018], [0.6865, 0.0299, 0.0763, 0.0583, 0.0297, 0.066, 0.0533], [0.6299, 0.0879, 0.0905, 0.0192, 0.0727, 0.0843, 0.0156], [0.6685, 0.0807, 0.0926, 0.026, 0.0685, 0.0457, 0.0178], [0.6465, 0.0754, 0.0606, 0.081, 0.0495, 0.0296, 0.0574], [0.7023, 0.0242, 0.0361, 0.0558, 0.0326, 0.0726, 0.0764], [0.7031, 0.0514, 0.0769, 0.0681, 0.0187, 0.0139, 0.0679], [0.7034, 0.0321, 0.0166, 0.0507, 0.0836, 0.0882, 0.0255], [0.7204, 0.0798, 0.0147, 0.0756, 0.0697, 0.017, 0.0228], [0.7015, 0.0427, 0.0119, 0.0708, 0.0596, 0.067, 0.0466], [0.699, 0.0615, 0.0512, 0.0257, 0.0788, 0.0458, 0.038], [0.7098, 0.0704, 0.0721, 0.0736, 0.0296, 0.0169, 0.0276], [0.6826, 0.0705, 0.0436, 0.0199, 0.0654, 0.0577, 0.0603], [0.7376, 0.0172, 0.0755, 0.0335, 0.0173, 0.041, 0.0779], [0.6725, 0.034, 0.0798, 0.0859, 0.0876, 0.0175, 0.0226], [0.772, 0.0716, 0.0133, 0.0712, 0.0218, 0.0332, 0.0169], [0.63, 0.0217, 0.0583, 0.0844, 0.0618, 0.0923, 0.0514], [0.7841, 0.0242, 0.0531, 0.0344, 0.0456, 0.0384, 0.0202], [0.6999, 0.056, 0.0641, 0.0335, 0.0454, 0.0257, 0.0754], [0.6816, 0.0218, 0.0823, 0.0601, 0.09, 0.0217, 0.0426], [0.6118, 0.0598, 0.0315, 0.0866, 0.0595, 0.0855, 0.0653], [0.6841, 0.033, 0.0622, 0.0421, 0.0744, 0.0505, 0.0535], [0.7073, 0.0725, 0.0233, 0.0329, 0.0457, 0.0688, 0.0495], [0.681, 0.0533, 0.0632, 0.0665, 0.0661, 0.0345, 0.0353], [0.7155, 0.0229, 0.0626, 0.0484, 0.0432, 0.0594, 0.048]], "emotions": ["red", "red", "red", "red", "red", "red", "red", "red", "red", "red", "red", "red", "red", "red", "red", "red", "red", "red", "red", "red", "red", "red", "red", "red", "red", "red", "red", "red", "red", "red", "red", "red", "red", "red", "red", "red", "red", "red", "red", "red", "red", "red", "red", "red", "red", "red", "red", "red", "red", "red", "red", "red", "red", "red", "red", "red", "red", "red", "red", "red", "red", "red", "red", "red", "red", "red", "red", "red", "red", "red", "red", "red", "red", "red", "red", "red", "red", "red", "red", "red"], "timestamps": [0, 40, 80, 120, 160, 200, 240, 280, 320, 360, 400, 440, 480, 520, 560, 600, 640, 680, 720, 760, 800, 840, 880, 920, 960, 1000, 1040, 1080, 1120, 1160, 1200, 1240, 1280, 1320, 1360, 1400, 1440, 1480, 1520, 1560, 1600, 1640, 1680, 1720, 1760, 1800, 1840, 1880, 1920, 1960, 2000, 2040, 2080, 2120, 2160, 2200, 2240, 2280, 2320, 2360, 2400, 2440, 2480, 2520, 2560, 2600, 2640, 2680, 2720, 2760, 2800, 2840, 2880, 2920, 2960, 3000, 3040, 3080, 3120, 3160]}], "conversation": [], "conversation_timestamps": []}