{
  "agent_id": "agent-type-blue-52",
  "type": "blue",
  "trips": [
    {
      "trip_id": 0,
      "transport_method": "car",
      "start_time": 0,
      "path": [
        [
          1.5253026999999995,
          42.5090063
        ],
        [
          1.5249956394458846,
          42.50894633967985
        ],
        [
          1.5246885788917695,
          42.50888637935971
        ],
        [
          1.5243815183376546,
          42.50882641903956
        ],
        [
          1.5240744577835397,
          42.50876645871941
        ],
        [
          1.523827940604365,
          42.508879977562
        ],
        [
          1.5238564111941315,
          42.50889653545764
        ],
        [
          1.523756571509964,
          42.50887134305523
        ],
        [
          1.5239187705664077,
          42.50893280235572
        ],
        [
          1.5239713315718662,
          42.50874632106062
        ],
        [
          1.524278392125981,
          42.508806281380764
        ],
        [
          1.5245854526800962,
          42.508866241700915
        ],
        [
          1.524892513234211,
          42.50892620202106
        ],
        [
          1.525199573788326,
          42.50898616234121
        ],
        [
          1.5250987656575579,
          42.508966477338646
        ],
        [
          1.524791705103443,
          42.5089065170185
        ],
        [
          1.524484644549328,
          42.50884655669835
        ],
        [
          1.524177583995213,
          42.5087865963782
        ],
        [
          1.5238954526368922,
          42.508804175192914
        ],
        [
          1.5239472411561743,
          42.50894936025135
        ],
        [
          1.5239433113277066,
          42.508753397832926
        ],
        [
          1.5236847950334034,
          42.50861285351575
        ],
        [
          1.523403181314894,
          42.508476562879856
        ],
        [
          1.52314053690018,
          42.508309854995126
        ],
        [
          1.5230215337328505,
          42.50805078328117
        ],
        [
          1.523253637017898,
          42.50785159373977
        ],
        [
          1.523013254042916,
          42.50771135078323
        ],
        [
          1.5227074201895283,
          42.50764541840873
        ],
        [
          1.5224946172940752,
          42.50744976767254
        ],
        [
          1.522381085929227,
          42.50718343959353
        ],
        [
          1.522164495922501,
          42.50695767380146
        ],
        [
          1.5219479059157746,
          42.506731908009385
        ],
        [
          1.5217313159090482,
          42.506506142217305
        ],
        [
          1.5218144185783884,
          42.506315754888966
        ],
        [
          1.5221212980124434,
          42.5063455507706
        ],
        [
          1.5224256329394188,
          42.506418088182386
        ],
        [
          1.5227299678663944,
          42.50649062559417
        ],
        [
          1.5230343027933697,
          42.50656316300596
        ],
        [
          1.5233386377203453,
          42.50663570041774
        ],
        [
          1.5236430780078922,
          42.50670779396708
        ],
        [
          1.5239476560707834,
          42.50677930359923
        ],
        [
          1.524088565866325,
          42.50681238676862
        ],
        [
          1.5237839878034336,
          42.506740877136465
        ],
        [
          1.5234794700281256,
          42.506669111701285
        ],
        [
          1.5231751001046705,
          42.50659672166664
        ],
        [
          1.522870765177695,
          42.50652418425485
        ],
        [
          1.5225664302507196,
          42.50645164684307
        ],
        [
          1.522262095323744,
          42.50637910943128
        ],
        [
          1.5219577603967687,
          42.5063065720195
        ],
        [
          1.5217740608724133,
          42.506073934307224
        ],
        [
          1.5218238323604794,
          42.505777052168234
        ],
        [
          1.521901722175496,
          42.505474044650576
        ],
        [
          1.521981933853634,
          42.50517164175612
        ],
        [
          1.5221025797168573,
          42.50489152953569
        ],
        [
          1.5222658995704024,
          42.50466788720804
        ],
        [
          1.5224058133728804,
          42.504562089084395
        ],
        [
          1.5227163399072647,
          42.504600229552786
        ],
        [
          1.523026849358836,
          42.50463850874004
        ],
        [
          1.5233360187279,
          42.504685230521716
        ],
        [
          1.5236431020284515,
          42.504745074238244
        ],
        [
          1.5239501853290032,
          42.50480491795477
        ],
        [
          1.5240783965221787,
          42.504773629800894
        ],
        [
          1.523810438757697,
          42.50477768445108
        ],
        [
          1.5235033554571453,
          42.50471784073455
        ],
        [
          1.5231960491717844,
          42.50465939965275
        ],
        [
          1.5228855468854827,
          42.50462106228081
        ],
        [
          1.5225750263991649,
          42.50458287269985
        ],
        [
          1.5222644998647805,
          42.50454473223146
        ],
        [
          1.5222226976934998,
          42.504771670984724
        ],
        [
          1.5220256430356143,
          42.50500685548744
        ],
        [
          1.5219454313574763,
          42.50530925838189
        ],
        [
          1.5218660466613108,
          42.505611876626034
        ],
        [
          1.5217885782723428,
          42.50591499388486
        ],
        [
          1.5218213179071256,
          42.50620670355181
        ],
        [
          1.5216634475125275,
          42.506435398591925
        ],
        [
          1.5218800375192536,
          42.506661164384
        ],
        [
          1.52209662752598,
          42.50688693017607
        ],
        [
          1.5223132175327063,
          42.507112695968154
        ],
        [
          1.5224859155137969,
          42.507355060766365
        ],
        [
          1.5226115872674792,
          42.507624758524166
        ],
        [
          1.522917421120867,
          42.50769069089867
        ],
        [
          1.5232232761989224,
          42.507756516649955
        ],
        [
          1.5235326635431103,
          42.50778997561825
        ],
        [
          1.523805479574507,
          42.507698967940364
        ],
        [
          1.5240962725627405,
          42.5076061577417
        ],
        [
          1.523798224699987,
          42.50770128342379
        ],
        [
          1.5235250537974294,
          42.507790269622475
        ],
        [
          1.5232322083149754,
          42.50788175170219
        ],
        [
          1.5229824240805718,
          42.50806271585948
        ],
        [
          1.5226702239317482,
          42.508083025732944
        ],
        [
          1.5223661730674798,
          42.508026937709246
        ],
        [
          1.5222050279135184,
          42.50823059276998
        ],
        [
          1.5223331858033233,
          42.508019894733806
        ],
        [
          1.52256780786815,
          42.50813934915558
        ],
        [
          1.5224779223818512,
          42.50843901901265
        ],
        [
          1.5222016562332108,
          42.50840641984454
        ],
        [
          1.521899070694158,
          42.508326899938595
        ],
        [
          1.5216191983277205,
          42.50836389903716
        ],
        [
          1.5213644526270194,
          42.5084243480067
        ],
        [
          1.5211020999999998,
          42.508253900000014
        ]
      ],
      "emotions": [
        "red",
        "red",
        "red",
        "red",
        "red",
        "green",
        "green",
        "green",
        "green",
        "green",
        "purple",
        "purple",
        "purple",
        "purple",
        "purple",
        "green",
        "green",
        "green",
        "green",
        "green",
        "purple",
        "purple",
        "purple",
        "purple",
        "purple",
        "red",
        "red",
        "red",
        "red",
        "red",
        "green",
        "green",
        "green",
        "green",
        "green",
        "purple",
        "purple",
        "purple",
        "purple",
        "purple",
        "red",
        "red",
        "red",
        "red",
        "red",
        "purple",
        "purple",
        "purple",
        "purple",
        "purple",
        "red",
        "red",
        "red",
        "red",
        "red",
        "purple",
        "purple",
        "purple",
        "purple",
        "purple",
        "red",
        "red",
        "red",
        "red",
        "red",
        "purple",
        "purple",
        "purple",
        "purple",
        "purple",
        "red",
        "red",
        "red",
        "red",
        "red",
        "green",
        "green",
        "green",
        "green",
        "green",
        "red",
        "red",
        "red",
        "red",
        "red",
        "green",
        "green",
        "green",
        "green",
        "green",
        "purple",
        "purple",
        "purple",
        "purple",
        "purple",
        "purple",
        "purple",
        "purple",
        "purple",
        "purple"
      ],
      "mood_vectors": [
        [
          0.20642509959189667,
          0.16312836597475805,
          0.040495090577572425,
          0.295679506770515,
          0.01049483490205961,
          0.11019088469567027,
          0.17358621748752787
        ],
        [
          0.05785985842699207,
          0.1410579435182929,
          0.09055663764950149,
          0.15794288765814085,
          0.2305484696455522,
          0.1019113133288624,
          0.2201228897726581
        ],
        [
          0.06055252329140824,
          0.11997957157066794,
          0.19504436135809922,
          0.21375704740760848,
          0.15350106077002482,
          0.16110248400053426,
          0.09606295160165704
        ],
        [
          0.18874268386800958,
          0.25150710838452534,
          0.071321761863935,
          0.28063278984020457,
          0.008312424015720266,
          0.10675922833154244,
          0.09272400369606282
        ],
        [
          0.1412629903249754,
          0.12544321643996995,
          0.017285336225868836,
          0.01149142823815611,
          0.2644088195862936,
          0.22102657218335967,
          0.21908163700137648
        ],
        [
          0.05062116347079047,
          0.14429493788627082,
          0.05282699792843222,
          0.03888352492173438,
          0.12356602134583865,
          0.20240579872230083,
          0.3874015557246326
        ],
        [
          0.07223645797331671,
          0.20146657311740632,
          0.1910571144298484,
          0.12463976911970182,
          0.2114134771686871,
          0.04828339443658719,
          0.15090321375445237
        ],
        [
          0.2622728447594683,
          0.023300918673696106,
          0.18435241039969766,
          0.16092506288532404,
          0.1174451268119667,
          0.15356986222866342,
          0.09813377424118369
        ],
        [
          0.05310332309092685,
          0.16189333993816563,
          0.099134582837039,
          0.2432044006408941,
          0.1169115547821261,
          0.13142495384287312,
          0.19432784486797516
        ],
        [
          0.18144212496984877,
          0.22561259062748437,
          0.02050270680599968,
          0.20253867852993016,
          0.11835078461400719,
          0.1704449110918646,
          0.08110820336086517
        ],
        [
          0.01028205512794677,
          0.14626039512028524,
          0.26134863205589526,
          0.20690978225367992,
          0.10491626306525448,
          0.06816286662789278,
          0.20212000574904557
        ],
        [
          0.0007254517862431986,
          0.292852885396018,
          0.15169287869018802,
          0.2337614118050577,
          0.22842555503788972,
          0.00587726092644783,
          0.08666455635815556
        ],
        [
          0.24723498338169173,
          0.16302615075508256,
          0.03260697357746697,
          0.0769678823122044,
          0.17856301006061367,
          0.19473883201284467,
          0.1068621679000959
        ],
        [
          0.08661522794309956,
          0.17220557761690394,
          0.09527335531108179,
          0.1817390509431127,
          0.1906147691157286,
          0.12869205650480842,
          0.1448599625652649
        ],
        [
          0.2264862171808103,
          0.2017656042393604,
          0.24159359854351375,
          0.0023578670218828927,
          0.025162105515599057,
          0.13709334541574072,
          0.1655412620830929
        ],
        [
          0.1590947826940932,
          0.2132835528899381,
          0.004883698379879865,
          0.13606797460128128,
          0.20849959281110658,
          0.20683759288399903,
          0.07133280573970195
        ],
        [
          0.06996116690574541,
          0.2892369509157606,
          0.23054654049911333,
          0.10231812629230143,
          0.1838473566873993,
          0.10239523193555151,
          0.021694626764128352
        ],
        [
          0.2588556607545512,
          0.17586385013919895,
          0.14297189130241977,
          0.14281544002762345,
          0.15526725518736284,
          0.03014687094187801,
          0.09407903164696585
        ],
        [
          0.3067552986899282,
          0.1651489241857121,
          0.1557917913882466,
          0.017054948409059564,
          0.14972363897753677,
          0.19725225218034487,
          0.00827314616917197
        ],
        [
          0.04764838990321026,
          0.2099330001353449,
          0.05294244139908384,
          0.02294953579000452,
          0.28415745751498395,
          0.18722192728215467,
          0.1951472479752178
        ],
        [
          0.26516237341994636,
          0.18639202261643276,
          0.2088474510642529,
          0.03214324176028624,
          0.07430603768000545,
          0.08533856004377144,
          0.14781031341530482
        ],
        [
          0.15652797488447953,
          0.0953216212796343,
          0.20362826837726575,
          0.0707249451658709,
          0.25544879504896983,
          0.05959721372441894,
          0.1587511815193607
        ],
        [
          0.16303418459114222,
          0.09386537609109281,
          0.12573084299137383,
          0.19163850257017767,
          0.0973177179052646,
          0.07766106922259715,
          0.25075230662835174
        ],
        [
          0.159070885337106,
          0.0483276267716073,
          0.0995139312964942,
          0.08154231682890692,
          0.2782964256606127,
          0.1380510511947601,
          0.19519776291051277
        ],
        [
          0.09891640883909468,
          0.16993307182266304,
          0.1481425684897646,
          0.17073397615838262,
          0.0041342480884457465,
          0.20362119581284713,
          0.20451853078880228
        ],
        [
          0.22122555248858103,
          0.18232152908315047,
          0.10629748857928634,
          0.21163795236939195,
          0.18525218579718516,
          0.0832234173100161,
          0.010041874372389003
        ],
        [
          0.20657571703023622,
          0.03247073192388776,
          0.17473894758398634,
          0.16340951618303104,
          0.08766753007007645,
          0.10146952388163363,
          0.23366803332714847
        ],
        [
          0.06625927575677802,
          0.12216550687637848,
          0.39353524370629067,
          0.24912671940652154,
          0.1231549992919792,
          0.028475257310029492,
          0.017282997652022514
        ],
        [
          0.18292667307508603,
          0.09049253046313861,
          0.039483876574531326,
          0.22041775680366885,
          0.2154637133854633,
          0.0656505203685221,
          0.1855649293295897
        ],
        [
          0.1314437530936481,
          0.15263937594149224,
          0.03570055075928818,
          0.2264939073554351,
          0.22301284325671164,
          0.1674843167111795,
          0.06322525288224516
        ],
        [
          0.1799700847136784,
          0.01928627187609335,
          0.2079722634930667,
          0.22188322043057415,
          0.055082412436727644,
          0.21487086278667988,
          0.10093488426317981
        ],
        [
          0.008408548912314589,
          0.17481067776398557,
          0.048160536866098586,
          0.05048645820914198,
          0.30063225096119345,
          0.10627739173367688,
          0.311224135553589
        ],
        [
          0.002676098601126357,
          0.19001093818883652,
          0.19398946754053234,
          0.17432189279997776,
          0.17299784583508385,
          0.1527228856798385,
          0.11328087135460477
        ],
        [
          0.09478124958344925,
          0.13529141365289155,
          0.2555482156989652,
          0.12347540589246336,
          0.11343368881084719,
          0.2632872559761032,
          0.014182770385280317
        ],
        [
          0.1629343933513355,
          0.11300388340141632,
          0.15900117710882838,
          0.0081535733526542,
          0.10624274123111213,
          0.25458124643112,
          0.19608298512353356
        ],
        [
          0.0408246671524763,
          0.18595567589030537,
          0.1933541703212762,
          0.06327853812415453,
          0.15007613004871162,
          0.21339756798129594,
          0.1531132504817801
        ],
        [
          0.12932509233389866,
          0.19372029858686918,
          0.023532182340282128,
          0.17513452033393848,
          0.23363299146253297,
          0.2063917237748189,
          0.03826319116765965
        ],
        [
          0.1771435911529321,
          0.038659485116460786,
          0.24480197228745354,
          0.16082792711763347,
          0.06337343352907174,
          0.16898349885973285,
          0.14621009193671555
        ],
        [
          0.23439354965401754,
          0.18644769184093898,
          0.11521773843648976,
          0.029738948438127914,
          0.18667684776360152,
          0.03291757755008715,
          0.21460764631673712
        ],
        [
          0.08163224919976027,
          0.03753761380651605,
          0.15162829429038824,
          0.11806906238948803,
          0.19478854514461177,
          0.25011965563047206,
          0.16622457953876363
        ],
        [
          0.3551494170413313,
          0.25741483192852466,
          0.04139083989596437,
          0.02342519387158951,
          0.30010845507813705,
          0.010332570570906072,
          0.01217869161354718
        ],
        [
          0.14931175636708066,
          0.10553484460036731,
          0.19530316923381483,
          0.10171283253841738,
          0.08320322046049144,
          0.19174111289918308,
          0.1731930639006453
        ],
        [
          0.2180571917346112,
          0.09541420362261842,
          0.028107815719670474,
          0.08330446694366356,
          0.18910810429179847,
          0.2634150408132985,
          0.12259317687433938
        ],
        [
          0.25548250428367714,
          0.09320754938202469,
          0.12010112830635207,
          0.22199311744494485,
          0.1939007389487661,
          0.0027991512550502194,
          0.11251581037918494
        ],
        [
          0.09890560902580535,
          0.24057217814553905,
          0.10889772762142469,
          0.23634761751005237,
          0.08475455491813005,
          0.00915356666652738,
          0.22136874611252108
        ],
        [
          0.18605406687086554,
          0.02498197938383022,
          0.15400182317541114,
          0.014931517264416607,
          0.045307014795672285,
          0.2885728361555721,
          0.28615076235423215
        ],
        [
          0.2783951975522111,
          0.23201715252048408,
          0.197292190260774,
          0.06486147859332161,
          0.03924984190616041,
          0.000880217586821577,
          0.18730392158022718
        ],
        [
          0.16679612082171658,
          0.1252109735809396,
          0.09265076727272482,
          0.19724668668326403,
          0.17737580522450966,
          0.11094456920749463,
          0.12977507720935078
        ],
        [
          0.18475861489503045,
          0.11274266067146678,
          0.15039517266416408,
          0.17804511838676002,
          0.16036526063466255,
          0.1795552978192196,
          0.034137874928696445
        ],
        [
          0.14745193197143636,
          0.0650048552495066,
          0.13790913954368883,
          0.021333250111630772,
          0.21412694837345353,
          0.23535571429103017,
          0.17881816045925367
        ],
        [
          0.17190054020966195,
          0.19827727549858937,
          0.16314269060187153,
          0.21692707495903074,
          0.028387579665333097,
          0.17096371530583102,
          0.05040112375968228
        ],
        [
          0.046891612514206024,
          0.19908329410295883,
          0.2482184347725245,
          0.2556521320302884,
          0.0051843379046603655,
          0.017739019576416964,
          0.22723116909894495
        ],
        [
          0.23537445227536766,
          0.04221628895683817,
          0.08182570020818744,
          0.21543636470247352,
          0.36681082790583125,
          0.019859552082896966,
          0.03847681386840511
        ],
        [
          0.2091235996189438,
          0.14249644407508963,
          0.08460934327117389,
          0.08728684871148963,
          0.15502513705487858,
          0.13613291089647347,
          0.18532571637195092
        ],
        [
          0.17658206178001046,
          0.07190298962520486,
          0.17321540669282917,
          0.2393652741629468,
          0.09377641488801067,
          0.1558019687886456,
          0.08935588406235237
        ],
        [
          0.15262348640487586,
          0.16436461799500002,
          0.05675532997774843,
          0.1501102092131135,
          0.1539206092551225,
          0.10104099059438298,
          0.22118475655975667
        ],
        [
          0.2644646553433571,
          0.21716934230822163,
          0.09943076284639572,
          0.006407356556965399,
          0.03725872085167068,
          0.1365794026852272,
          0.23868975940816226
        ],
        [
          0.016237918777592984,
          0.19997006927894798,
          0.22423114961970098,
          0.26677091907121914,
          0.07762624558705242,
          0.03400417643255813,
          0.18115952123292842
        ],
        [
          0.0783121983695907,
          0.1451263191314336,
          0.2645004981743566,
          0.251863602758426,
          0.06262142651457663,
          0.044641877398567856,
          0.1529340776530486
        ],
        [
          0.22493343009159406,
          0.09185841852893525,
          0.24674840254173658,
          0.04939091508676118,
          0.12180066937494737,
          0.07316609405318138,
          0.19210207032284413
        ],
        [
          0.11966138647162632,
          0.1469611106417567,
          0.03677293655156926,
          0.08111306496704215,
          0.2094986051127433,
          0.22410438406129105,
          0.18188851219397126
        ],
        [
          0.1488570319265219,
          0.20604952812605162,
          0.08729569164433994,
          0.1830799117986379,
          0.001244802435437632,
          0.18000163018266793,
          0.19347140388634312
        ],
        [
          0.0916141411421337,
          0.314615479381897,
          0.01503976679867238,
          0.024459009886764575,
          0.3308788176487523,
          0.006454760851527545,
          0.2169380242902525
        ],
        [
          0.06719021985175423,
          0.27856634725296453,
          0.11258138527796858,
          0.09849606356903447,
          0.061036478180238864,
          0.3591327904758215,
          0.022996715392217926
        ],
        [
          0.22034623016399701,
          0.14979343760820807,
          0.15741284004670622,
          0.05297042587774029,
          0.08030227763160723,
          0.12369586652872508,
          0.21547892214301606
        ],
        [
          0.24158298717965915,
          0.03813437825753052,
          0.1881362969981877,
          0.2782959709785034,
          0.1562186168567129,
          0.029139782596629627,
          0.06849196713277676
        ],
        [
          0.12718835386636426,
          0.03826797838117303,
          0.11718412491617404,
          0.19765619047611316,
          0.1927184838668544,
          0.1601314426124269,
          0.1668534258808942
        ],
        [
          0.19413881587138213,
          0.1818412739651621,
          0.15632082802668995,
          0.07865048968170414,
          0.19563674681446594,
          0.04403770741042492,
          0.14937413823017093
        ],
        [
          0.13613500870462447,
          0.23302527934269218,
          0.06283545833272762,
          0.20354640568532223,
          0.1471471747528703,
          0.08597769120245709,
          0.13133298197930604
        ],
        [
          0.1952961842838735,
          0.10740098288081257,
          0.13792587334935377,
          0.17198873558877,
          0.22410544135304292,
          0.060993445111980675,
          0.10228933743216653
        ],
        [
          0.02315785638437022,
          0.09559774882850752,
          0.2940741756738115,
          0.13466228111341427,
          0.2660073689618386,
          0.02929883214902716,
          0.1572017368890307
        ],
        [
          0.2250927378516113,
          0.010016665769112,
          0.1903077891552541,
          0.16563544687359766,
          0.15933095887411225,
          0.06546069225546187,
          0.18415570922085087
        ],
        [
          0.03518923926149878,
          0.04891155923972742,
          0.12553115735490705,
          0.17015584136598944,
          0.22527587203108512,
          0.22821594591313984,
          0.16672038483365237
        ],
        [
          0.14849982682983673,
          0.0069942367665218426,
          0.3030675580255575,
          0.16313544173203828,
          0.22877230695291687,
          0.004514401357529957,
          0.14501622833559882
        ],
        [
          0.09718348065648887,
          0.08926280874057312,
          0.19651468582830217,
          0.09454287128309827,
          0.19419347070599252,
          0.11805162532833413,
          0.21025105745721095
        ],
        [
          0.35043518137130447,
          0.3627775036522775,
          0.017866346001143358,
          0.039114810829897435,
          0.20768478922171213,
          0.013111178607738428,
          0.009010190315926696
        ],
        [
          0.12500290045449808,
          0.26993685508102394,
          0.13690593464767706,
          0.02724222066256298,
          0.12434782820388442,
          0.1781685482798779,
          0.13839571267047554
        ],
        [
          0.010169315926681721,
          0.1561850671320003,
          0.34157333041754834,
          0.24059761009145417,
          0.07729823871056173,
          0.09120083041539903,
          0.08297560730635474
        ],
        [
          0.10642073273819251,
          0.04335829725124355,
          0.06316708640810005,
          0.24390060857662027,
          0.23482291572078115,
          0.12338008705915275,
          0.18495027224590976
        ],
        [
          0.0490841274538263,
          0.005138548546656831,
          0.03799925468030153,
          0.1404556216301124,
          0.15491182692895353,
          0.30786524623121325,
          0.30454537452893615
        ],
        [
          0.14853435117669947,
          0.16429590764812266,
          0.09768550516881347,
          0.19586623859578708,
          0.14535445505031255,
          0.18951128201761397,
          0.05875226034265082
        ],
        [
          0.24637942332549725,
          0.2579937055821648,
          0.124170235377152,
          0.05980466162140935,
          0.16517681057399117,
          0.1111529156069843,
          0.035322247912801204
        ],
        [
          0.15167502795719254,
          0.0642839240193115,
          0.22512505251245274,
          0.12283589399794555,
          0.24120582514721822,
          0.055758307295286,
          0.13911596907059345
        ],
        [
          0.13061377429737672,
          0.06796107152869979,
          0.3495081900668854,
          0.11597497807088825,
          0.06790491033596484,
          0.06798850771784935,
          0.2000485679823356
        ],
        [
          0.2535757437649667,
          0.043824052953686445,
          0.1632963175242003,
          0.1514875904112033,
          0.09711933115693017,
          0.1769928442316956,
          0.11370411995731752
        ],
        [
          0.09185149123529328,
          0.0935167123145042,
          0.04092274947064737,
          0.22102449340304445,
          0.1914696575672555,
          0.11278886877890404,
          0.24842602723035115
        ],
        [
          0.013570662388689881,
          0.24480215118865012,
          0.169720788075927,
          0.1439140661661514,
          0.1951850635194491,
          0.18569457218903235,
          0.047112696472100216
        ],
        [
          0.09686580812148939,
          0.09976993662683194,
          0.06602405101299767,
          0.12620778631649415,
          0.1927521753140549,
          0.2068297360260556,
          0.21155050658207636
        ],
        [
          0.2763018052982442,
          0.2982701278374634,
          0.010052221188485483,
          0.08611121338357298,
          0.264873646443785,
          0.007756400495903982,
          0.056634585352545015
        ],
        [
          0.11906746066905281,
          0.17111507157999825,
          0.1192727269998927,
          0.04582916081093075,
          0.15672471571955346,
          0.11811015074556014,
          0.26988071347501186
        ],
        [
          0.10993192483923231,
          0.299397481422136,
          0.14164789018653462,
          0.003127928245069482,
          0.038866663423300925,
          0.2860991157960467,
          0.12092899608767994
        ],
        [
          0.13905613204577147,
          0.17928466379906471,
          0.17238325367347862,
          0.061389737117588786,
          0.1281823696357037,
          0.14677624071728754,
          0.17292760301110516
        ],
        [
          0.02572663554035136,
          0.13894845520661867,
          0.2505037450455511,
          0.07411387233569906,
          0.06614197086786314,
          0.23355624768333214,
          0.21100907332058447
        ],
        [
          0.28384737078853817,
          0.20159725902963102,
          0.14528807198769292,
          0.12687735472266395,
          0.03730992755782424,
          0.10613447055859615,
          0.09894554535505365
        ],
        [
          0.20330098736985205,
          0.1958845298262008,
          0.10101574914810292,
          0.04299672166379665,
          0.17207951204892719,
          0.12368990212253476,
          0.16103259782058568
        ],
        [
          0.32804187156583425,
          0.043074622885788234,
          0.20009171821163488,
          0.11958165116179464,
          0.05066993847337513,
          0.11882777658665364,
          0.1397124211149192
        ],
        [
          0.01674868440654866,
          0.0225672892720345,
          0.29760811217134003,
          0.20062507765218765,
          0.1290559545589122,
          0.32200734096147376,
          0.011387540977503241
        ],
        [
          0.13577922947253557,
          0.2337062222393098,
          0.0764624653787674,
          0.0548882753401253,
          0.23945068803881805,
          0.12827258876791395,
          0.13144053076252982
        ],
        [
          0.19451539643353824,
          0.13839272086745802,
          0.41438236499903,
          0.08727654672920085,
          0.03533374663997968,
          0.11217987516071701,
          0.017919349170076208
        ],
        [
          0.18401902995131528,
          0.12702605127905112,
          0.17754099665803788,
          0.09746126586114102,
          0.19746736459763925,
          0.013847236571374244,
          0.20263805508144114
        ]
      ],
      "timestamps": [
        0,
        1,
        2,
        3,
        4,
        5,
        6,
        7,
        8,
        9,
        10,
        11,
        12,
        13,
        14,
        15,
        16,
        17,
        18,
        19,
        20,
        21,
        22,
        23,
        24,
        25,
        26,
        27,
        28,
        29,
        30,
        31,
        32,
        33,
        34,
        35,
        36,
        37,
        38,
        39,
        40,
        41,
        42,
        43,
        44,
        45,
        46,
        47,
        48,
        49,
        50,
        51,
        52,
        53,
        54,
        55,
        56,
        57,
        58,
        59,
        60,
        61,
        62,
        63,
        64,
        65,
        66,
        67,
        68,
        69,
        70,
        71,
        72,
        73,
        74,
        75,
        76,
        77,
        78,
        79,
        80,
        81,
        82,
        83,
        84,
        85,
        86,
        87,
        88,
        89,
        90,
        91,
        92,
        93,
        94,
        95,
        96,
        97,
        98,
        99
      ],
      "distance": 129.7
    }
  ],
  "conversation": [
    "What a day!",
    "This reminds me of...",
    "Wait, is this Parc Central or the old quarter?"
  ],
  "conversation_timestamps": [
    18,
    22,
    46
  ]
}
