{"agent_id": "agent-orange-673", "type": "orange", "trips": [{"trip_id": 0, "transport_method": "car", "start_time": 0, "path": [[1.5394725, 42.5112711], [1.5392738, 42.5111832], [1.5392013, 42.5110451], [1.5391182, 42.5102712], [1.5398255, 42.5099351], [1.5404967, 42.509537], [1.5411778, 42.5091858], [1.5418893, 42.5089045], [1.5419193, 42.5088834], [1.5427038, 42.5089188], [1.5434887, 42.5090328], [1.5442324, 42.509297], [1.5450253, 42.5093354], [1.545786, 42.5095272], [1.5457758, 42.5095324], [1.5457029, 42.5095102], [1.546392, 42.5098859], [1.5463305, 42.5104913], [1.5468245, 42.5110811], [1.5475879, 42.5112983], [1.5483591, 42.5114863], [1.5491304, 42.5116743], [1.5496556, 42.5118248], [1.5501003, 42.5120106], [1.5500177, 42.5119655], [1.5505902, 42.5122416], [1.5512088, 42.5127328], [1.5514064, 42.5129494], [1.5510824, 42.5126158], [1.5517135, 42.5130976], [1.5523998, 42.5134894], [1.5524564, 42.5135594], [1.5527185, 42.5142658], [1.5528345, 42.5150341], [1.5532909, 42.5156816], [1.5535332, 42.5164353], [1.5539262, 42.5171208], [1.5544956, 42.517667], [1.5551665, 42.5180764], [1.555862, 42.5183348], [1.5564204, 42.5188973], [1.5568843, 42.5195355], [1.557414, 42.5200726], [1.5579741, 42.5206351], [1.5585563, 42.5211747], [1.5591627, 42.5216868], [1.5598455, 42.5220843], [1.559475, 42.5219337], [1.5601133, 42.5224035], [1.5608123, 42.5227702], [1.5614586, 42.5232312], [1.5620351, 42.5237737], [1.5625475, 42.5243792], [1.5632545, 42.52473], [1.5639884, 42.5250117], [1.5647249, 42.525233], [1.5654741, 42.5254934], [1.5661896, 42.5258363], [1.5668311, 42.5263018], [1.5674554, 42.5267922], [1.5681273, 42.5272097], [1.5688303, 42.5275708], [1.5694918, 42.5279948], [1.5701551, 42.528431], [1.5708185, 42.5288672], [1.5713078, 42.5294237], [1.570695, 42.5299226], [1.5705963, 42.5304914], [1.570828, 42.5312412], [1.5712164, 42.5319331], [1.5717032, 42.5325378], [1.5724227, 42.5328626], [1.5729979, 42.5333678], [1.5736747, 42.5336728], [1.5741046, 42.5338237], [1.5748852, 42.5339688], [1.5756657, 42.5341139], [1.5760095, 42.5342], [1.576766, 42.5344409], [1.5773891, 42.534674]], "mood_vectors": [[0.0835, 0.0516, 0.0231, 0.0491, 0.7338, 0.0298, 0.029], [0.0641, 0.0553, 0.0484, 0.0895, 0.6427, 0.0365, 0.0634], [0.0558, 0.066, 0.0508, 0.0731, 0.7032, 0.0213, 0.0298], [0.0241, 0.0344, 0.0705, 0.0272, 0.7093, 0.0756, 0.059], [0.0351, 0.0727, 0.026, 0.0763, 0.7035, 0.0697, 0.0166], [0.0481, 0.0178, 0.0223, 0.0723, 0.7058, 0.0932, 0.0403], [0.0235, 0.0617, 0.0732, 0.0476, 0.6895, 0.0741, 0.0304], [0.0638, 0.0667, 0.0805, 0.0808, 0.6178, 0.0217, 0.0686], [0.0245, 0.0715, 0.0458, 0.0747, 0.6774, 0.0638, 0.0423], [0.0845, 0.0742, 0.0155, 0.0368, 0.7328, 0.0286, 0.0277], [0.0727, 0.0378, 0.077, 0.0271, 0.6885, 0.0263, 0.0706], [0.0577, 0.0246, 0.0693, 0.0191, 0.7119, 0.0481, 0.0693], [0.0365, 0.0919, 0.0365, 0.018, 0.7473, 0.0351, 0.0347], [0.031, 0.0362, 0.0532, 0.0524, 0.7113, 0.0603, 0.0555], [0.0892, 0.0793, 0.0639, 0.0237, 0.6545, 0.0478, 0.0417], [0.0635, 0.054, 0.0348, 0.0139, 0.7609, 0.0308, 0.0421], [0.0199, 0.016, 0.0392, 0.0147, 0.7618, 0.0785, 0.0698], [0.0966, 0.0345, 0.0375, 0.0403, 0.6815, 0.0547, 0.0549], [0.0866, 0.0396, 0.0862, 0.0647, 0.6009, 0.0818, 0.0401], [0.0572, 0.0573, 0.0334, 0.0511, 0.674, 0.0659, 0.0611], [0.0587, 0.0763, 0.0484, 0.0432, 0.6349, 0.0731, 0.0654], [0.0132, 0.0675, 0.0299, 0.0751, 0.6946, 0.0842, 0.0355], [0.0681, 0.0616, 0.0512, 0.015, 0.7295, 0.0293, 0.0452], [0.0396, 0.0618, 0.0746, 0.0462, 0.6354, 0.083, 0.0594], [0.0282, 0.0656, 0.0903, 0.024, 0.7112, 0.0158, 0.0649], [0.0563, 0.0259, 0.0582, 0.0408, 0.7381, 0.0367, 0.0439], [0.0811, 0.0808, 0.0768, 0.0722, 0.6072, 0.0379, 0.0439], [0.0562, 0.0177, 0.0372, 0.0658, 0.685, 0.0695, 0.0687], [0.0623, 0.0738, 0.0112, 0.0268, 0.7374, 0.0419, 0.0466], [0.0579, 0.0201, 0.0701, 0.0522, 0.7188, 0.0576, 0.0234], [0.0236, 0.0678, 0.076, 0.0436, 0.6832, 0.0269, 0.0788], [0.0719, 0.0677, 0.0307, 0.0409, 0.6982, 0.0509, 0.0396], [0.0537, 0.0691, 0.0647, 0.0612, 0.6816, 0.018, 0.0516], [0.051, 0.0324, 0.0657, 0.0221, 0.7045, 0.0546, 0.0696], [0.0325, 0.0562, 0.0474, 0.069, 0.6643, 0.0712, 0.0594], [0.0285, 0.0481, 0.0175, 0.016, 0.7552, 0.0698, 0.0648], [0.0533, 0.0686, 0.0759, 0.0484, 0.6995, 0.0165, 0.0379], [0.0685, 0.0281, 0.0412, 0.0573, 0.7268, 0.056, 0.0222], [0.0732, 0.0673, 0.0281, 0.0306, 0.7412, 0.0305, 0.029], [0.0764, 0.0739, 0.0294, 0.0585, 0.6623, 0.0456, 0.0539], [0.0187, 0.044, 0.0302, 0.0123, 0.7817, 0.0308, 0.0823], [0.0578, 0.023, 0.0427, 0.0526, 0.7514, 0.0527, 0.0197], [0.0569, 0.0214, 0.0771, 0.0915, 0.6426, 0.0776, 0.0329], [0.0536, 0.0416, 0.0827, 0.0697, 0.6217, 0.0541, 0.0765], [0.0624, 0.0703, 0.0776, 0.0327, 0.6868, 0.0189, 0.0513], [0.0841, 0.0187, 0.0435, 0.0725, 0.703, 0.061, 0.0172], [0.0277, 0.0188, 0.0829, 0.0405, 0.726, 0.0321, 0.0719], [0.075, 0.0736, 0.0624, 0.0409, 0.6011, 0.0689, 0.0782], [0.0627, 0.0704, 0.018, 0.06, 0.6802, 0.0486, 0.0601], [0.0224, 0.0709, 0.054, 0.0328, 0.6784, 0.0655, 0.076], [0.0693, 0.0596, 0.0536, 0.0377, 0.6915, 0.0683, 0.0201], [0.0369, 0.0271, 0.1003, 0.0734, 0.6861, 0.0164, 0.0598], [0.0466, 0.018, 0.054, 0.0736, 0.6829, 0.0482, 0.0766], [0.0888, 0.0164, 0.0425, 0.0168, 0.7051, 0.0374, 0.093], [0.0244, 0.0423, 0.0621, 0.0513, 0.7051, 0.0918, 0.023], [0.0398, 0.0403, 0.0688, 0.0219, 0.7236, 0.0764, 0.0292], [0.0137, 0.0198, 0.0283, 0.0685, 0.7633, 0.0631, 0.0433], [0.0811, 0.0739, 0.0659, 0.0288, 0.5958, 0.0858, 0.0687], [0.0878, 0.0271, 0.0722, 0.0429, 0.6365, 0.0795, 0.0541], [0.0544, 0.0801, 0.0277, 0.0476, 0.6357, 0.0865, 0.0679], [0.077, 0.0411, 0.0221, 0.0356, 0.7488, 0.0437, 0.0316], [0.0825, 0.0198, 0.0195, 0.0479, 0.6922, 0.0751, 0.063], [0.05, 0.0635, 0.0766, 0.0622, 0.5991, 0.0737, 0.0751], [0.0319, 0.0407, 0.0687, 0.0515, 0.7183, 0.0481, 0.0407], [0.0186, 0.0682, 0.0567, 0.0775, 0.6645, 0.0535, 0.061], [0.022, 0.0517, 0.0599, 0.0331, 0.7551, 0.0581, 0.0202], [0.0173, 0.0244, 0.0857, 0.0659, 0.6931, 0.0338, 0.0797], [0.0141, 0.0858, 0.0236, 0.0388, 0.7913, 0.0286, 0.0179], [0.0625, 0.0389, 0.0695, 0.0675, 0.6652, 0.0287, 0.0677], [0.0545, 0.0582, 0.0726, 0.0563, 0.6619, 0.0683, 0.0282], [0.0407, 0.0605, 0.0208, 0.0552, 0.7065, 0.0585, 0.0579], [0.0704, 0.0237, 0.0605, 0.0167, 0.7248, 0.0201, 0.0838], [0.0174, 0.0777, 0.0347, 0.0492, 0.7817, 0.0203, 0.0191], [0.0257, 0.0768, 0.0487, 0.0747, 0.6688, 0.0607, 0.0444], [0.0242, 0.0349, 0.0691, 0.022, 0.7612, 0.062, 0.0265], [0.0494, 0.0309, 0.0313, 0.0813, 0.6677, 0.081, 0.0585], [0.0431, 0.0144, 0.0315, 0.0645, 0.7304, 0.0526, 0.0636], [0.0449, 0.0682, 0.0899, 0.0454, 0.6423, 0.0293, 0.0801], [0.0677, 0.0262, 0.088, 0.0814, 0.6651, 0.022, 0.0496], [0.0665, 0.0269, 0.0124, 0.0174, 0.7538, 0.0493, 0.0737]], "emotions": ["red", "red", "red", "red", "red", "red", "red", "red", "red", "red", "red", "red", "red", "red", "red", "red", "red", "red", "red", "red", "red", "red", "red", "red", "red", "red", "red", "red", "red", "red", "red", "red", "red", "red", "red", "red", "red", "red", "red", "red", "red", "red", "red", "red", "red", "red", "red", "red", "red", "red", "red", "red", "red", "red", "red", "red", "red", "red", "red", "red", "red", "red", "red", "red", "red", "red", "red", "red", "red", "red", "red", "red", "red", "red", "red", "red", "red", "red", "red", "red"], "timestamps": [0, 40, 80, 120, 160, 200, 240, 280, 320, 360, 400, 440, 480, 520, 560, 600, 640, 680, 720, 760, 800, 840, 880, 920, 960, 1000, 1040, 1080, 1120, 1160, 1200, 1240, 1280, 1320, 1360, 1400, 1440, 1480, 1520, 1560, 1600, 1640, 1680, 1720, 1760, 1800, 1840, 1880, 1920, 1960, 2000, 2040, 2080, 2120, 2160, 2200, 2240, 2280, 2320, 2360, 2400, 2440, 2480, 2520, 2560, 2600, 2640, 2680, 2720, 2760, 2800, 2840, 2880, 2920, 2960, 3000, 3040, 3080, 3120, 3160]}], "conversation": [], "conversation_timestamps": []}