{"agent_id": "agent-purple-1539", "type": "purple", "trips": [{"trip_id": 0, "transport_method": "foot", "start_time": 0, "path": [[1.494298, 42.4700167], [1.494859, 42.4690331], [1.4947615, 42.4687449], [1.4936166, 42.4692227], [1.4935572, 42.4691958], [1.4931994, 42.4701969], [1.4933834, 42.4714217], [1.4933869, 42.4725576], [1.4926663, 42.4734516], [1.4915562, 42.4739962], [1.4908493, 42.4749837], [1.4907707, 42.4762217], [1.4904852, 42.4774028], [1.4902894, 42.4786382], [1.4900935, 42.4798736], [1.4898977, 42.4811091], [1.4895924, 42.4815765], [1.4894106, 42.4803425], [1.4895547, 42.4791227], [1.4901992, 42.4780527], [1.4906266, 42.4769015], [1.4905667, 42.4772891], [1.4904679, 42.478536], [1.4903691, 42.479783], [1.4902703, 42.4810299], [1.4901716, 42.4822769], [1.4905843, 42.4834129], [1.4912016, 42.4844692], [1.4921928, 42.4850785], [1.4927392, 42.4861937], [1.4932666, 42.4873258], [1.4938791, 42.4884164], [1.4944937, 42.4895058], [1.4950712, 42.4906138], [1.4958696, 42.4915071], [1.4968049, 42.4923376], [1.4977607, 42.4931321], [1.4983889, 42.4940979], [1.4987769, 42.495055], [1.4994945, 42.4957924], [1.5006, 42.4963768], [1.5017043, 42.4968338], [1.5027944, 42.4974422], [1.5039304, 42.4979653], [1.5050712, 42.4984774], [1.5061902, 42.4990348], [1.5073205, 42.4995703], [1.5084279, 42.5001379], [1.5095543, 42.5006817], [1.5093151, 42.5005637], [1.5104504, 42.5010887], [1.5109727, 42.5013068], [1.5104411, 42.5011751], [1.5115822, 42.5016873], [1.5121127, 42.5020305], [1.5131243, 42.5027641], [1.5139483, 42.5036876], [1.5148584, 42.5045351], [1.5157124, 42.5053333], [1.5168546, 42.5058381], [1.5178361, 42.5062593], [1.5189137, 42.5068562], [1.5199784, 42.5074193], [1.5212075, 42.507512], [1.5223374, 42.5077209], [1.5235637, 42.5077987], [1.5248004, 42.5078947], [1.5259139, 42.5083482], [1.527146, 42.5085217], [1.5282323, 42.5090865], [1.5291283, 42.5099418], [1.5302532, 42.5102265], [1.5314524, 42.5104259], [1.5326386, 42.5108217], [1.5334751, 42.5116101], [1.5341942, 42.5126336], [1.5336025, 42.5121425], [1.5335704, 42.5119265], [1.5340581, 42.5130784], [1.5333681, 42.5138412]], "mood_vectors": [[0.0392, 0.0308, 0.0335, 0.0209, 0.0708, 0.7856, 0.0193], [0.0654, 0.0345, 0.0177, 0.0558, 0.058, 0.732, 0.0365], [0.0645, 0.0537, 0.0289, 0.0484, 0.0751, 0.6391, 0.0903], [0.0761, 0.0168, 0.0251, 0.0788, 0.0915, 0.6723, 0.0394], [0.0271, 0.047, 0.0564, 0.0409, 0.049, 0.6905, 0.0891], [0.0837, 0.0455, 0.0812, 0.0332, 0.0323, 0.7052, 0.019], [0.059, 0.0792, 0.0186, 0.0404, 0.0449, 0.6934, 0.0645], [0.0187, 0.0259, 0.0866, 0.0226, 0.0364, 0.7939, 0.0158], [0.0475, 0.0134, 0.0216, 0.0588, 0.0785, 0.7124, 0.0678], [0.0569, 0.0237, 0.0587, 0.0144, 0.0136, 0.7526, 0.0801], [0.0556, 0.0594, 0.0818, 0.0511, 0.0283, 0.7101, 0.0136], [0.0761, 0.0747, 0.0867, 0.0337, 0.0366, 0.6578, 0.0343], [0.0397, 0.0198, 0.0981, 0.0385, 0.0324, 0.746, 0.0256], [0.0743, 0.0321, 0.0355, 0.0213, 0.0436, 0.7685, 0.0247], [0.0243, 0.0318, 0.0552, 0.0312, 0.0279, 0.7428, 0.0868], [0.0728, 0.0747, 0.0522, 0.0442, 0.0287, 0.6791, 0.0483], [0.0718, 0.0853, 0.0464, 0.0395, 0.0762, 0.6354, 0.0454], [0.057, 0.0561, 0.0729, 0.0961, 0.0581, 0.5892, 0.0706], [0.0125, 0.0416, 0.0199, 0.078, 0.0787, 0.7344, 0.0349], [0.0434, 0.0518, 0.0708, 0.063, 0.0363, 0.6526, 0.0821], [0.0977, 0.0535, 0.0735, 0.0238, 0.0315, 0.6549, 0.0651], [0.0482, 0.0164, 0.0154, 0.0283, 0.0494, 0.7851, 0.0571], [0.0743, 0.0474, 0.0535, 0.0515, 0.0691, 0.6759, 0.0283], [0.038, 0.0629, 0.0187, 0.077, 0.0299, 0.7486, 0.0249], [0.0604, 0.0137, 0.0489, 0.0467, 0.035, 0.7232, 0.0721], [0.0489, 0.0573, 0.0197, 0.0735, 0.072, 0.6803, 0.0483], [0.0657, 0.0728, 0.0694, 0.0166, 0.0571, 0.6765, 0.0418], [0.0793, 0.0466, 0.0755, 0.0259, 0.0477, 0.6338, 0.0914], [0.0255, 0.0175, 0.1032, 0.0254, 0.086, 0.7048, 0.0376], [0.0144, 0.0629, 0.0167, 0.0561, 0.0394, 0.7762, 0.0343], [0.0214, 0.0541, 0.0531, 0.0503, 0.0279, 0.7415, 0.0517], [0.0565, 0.066, 0.0792, 0.0705, 0.0718, 0.5951, 0.0609], [0.0855, 0.0796, 0.0762, 0.04, 0.0425, 0.625, 0.0512], [0.0477, 0.0462, 0.0731, 0.043, 0.0595, 0.7185, 0.0121], [0.0578, 0.012, 0.0719, 0.0313, 0.0655, 0.7141, 0.0474], [0.0499, 0.0363, 0.0244, 0.0231, 0.0524, 0.776, 0.0379], [0.0556, 0.0251, 0.0314, 0.0318, 0.0713, 0.7464, 0.0384], [0.0553, 0.0901, 0.0856, 0.0428, 0.0585, 0.6346, 0.033], [0.0257, 0.0412, 0.0708, 0.0636, 0.0713, 0.7019, 0.0256], [0.0572, 0.0263, 0.0478, 0.0558, 0.0277, 0.7277, 0.0575], [0.0624, 0.0434, 0.0651, 0.0136, 0.0704, 0.6666, 0.0784], [0.0625, 0.0217, 0.0566, 0.0607, 0.0433, 0.7419, 0.0133], [0.0237, 0.0448, 0.0432, 0.0774, 0.0713, 0.7072, 0.0325], [0.0754, 0.0642, 0.0843, 0.0254, 0.0736, 0.6255, 0.0516], [0.0755, 0.0476, 0.0546, 0.0302, 0.0502, 0.701, 0.0408], [0.0199, 0.0355, 0.0419, 0.0418, 0.0541, 0.733, 0.0739], [0.0593, 0.0289, 0.0289, 0.0136, 0.039, 0.8053, 0.025], [0.0593, 0.0795, 0.0598, 0.0692, 0.0607, 0.6343, 0.0372], [0.0387, 0.046, 0.0712, 0.0118, 0.0445, 0.7258, 0.0621], [0.0301, 0.0843, 0.0528, 0.054, 0.044, 0.7207, 0.0141], [0.08, 0.0701, 0.0374, 0.0745, 0.0824, 0.5936, 0.0619], [0.0734, 0.0222, 0.0338, 0.0439, 0.0555, 0.7137, 0.0575], [0.0617, 0.0179, 0.0153, 0.0705, 0.077, 0.6815, 0.0761], [0.064, 0.0419, 0.0753, 0.0659, 0.0459, 0.6359, 0.071], [0.075, 0.0615, 0.053, 0.0301, 0.0525, 0.7106, 0.0172], [0.062, 0.0486, 0.0425, 0.0596, 0.0323, 0.7032, 0.0517], [0.0795, 0.0288, 0.0749, 0.013, 0.0485, 0.6931, 0.0623], [0.06, 0.0401, 0.0305, 0.0139, 0.046, 0.7472, 0.0624], [0.0816, 0.0248, 0.0262, 0.0904, 0.0489, 0.6636, 0.0646], [0.08, 0.0594, 0.0298, 0.036, 0.024, 0.7429, 0.0278], [0.0335, 0.0322, 0.072, 0.0559, 0.0712, 0.665, 0.0703], [0.0734, 0.0451, 0.015, 0.0223, 0.0411, 0.7189, 0.0843], [0.0413, 0.094, 0.0202, 0.0755, 0.0519, 0.6569, 0.0601], [0.0456, 0.0384, 0.0871, 0.039, 0.0267, 0.6884, 0.0749], [0.0229, 0.0189, 0.048, 0.0204, 0.0322, 0.8093, 0.0482], [0.0355, 0.0771, 0.0476, 0.0679, 0.031, 0.6884, 0.0525], [0.0382, 0.0353, 0.0659, 0.0238, 0.0948, 0.6627, 0.0794], [0.016, 0.0318, 0.055, 0.078, 0.0305, 0.7605, 0.0282], [0.0524, 0.03, 0.0171, 0.0608, 0.0656, 0.7192, 0.0549], [0.0318, 0.0902, 0.0488, 0.0864, 0.0921, 0.6143, 0.0363], [0.0318, 0.0765, 0.0429, 0.0447, 0.0281, 0.7542, 0.0217], [0.0326, 0.0172, 0.0737, 0.0596, 0.0482, 0.7562, 0.0126], [0.0282, 0.0551, 0.0521, 0.0643, 0.0482, 0.7162, 0.0358], [0.0186, 0.0498, 0.071, 0.0732, 0.0594, 0.631, 0.097], [0.0556, 0.033, 0.079, 0.0522, 0.043, 0.7196, 0.0175], [0.0132, 0.0496, 0.0878, 0.0343, 0.0464, 0.6976, 0.071], [0.0456, 0.0725, 0.0264, 0.0341, 0.057, 0.7118, 0.0524], [0.063, 0.0629, 0.0834, 0.0368, 0.0721, 0.6583, 0.0236], [0.0557, 0.065, 0.016, 0.0519, 0.0477, 0.7126, 0.051], [0.0614, 0.0182, 0.0728, 0.0604, 0.0281, 0.7422, 0.0169]], "emotions": ["purple", "purple", "purple", "purple", "purple", "purple", "purple", "purple", "purple", "purple", "purple", "purple", "purple", "purple", "purple", "purple", "purple", "purple", "purple", "purple", "purple", "purple", "purple", "purple", "purple", "purple", "purple", "purple", "purple", "purple", "purple", "purple", "purple", "purple", "purple", "purple", "purple", "purple", "purple", "purple", "purple", "purple", "purple", "purple", "purple", "purple", "purple", "purple", "purple", "purple", "purple", "purple", "purple", "purple", "purple", "purple", "purple", "purple", "purple", "purple", "purple", "purple", "purple", "purple", "purple", "purple", "purple", "purple", "purple", "purple", "purple", "purple", "purple", "purple", "purple", "purple", "purple", "purple", "purple", "purple"], "timestamps": [0, 40, 80, 120, 160, 200, 240, 280, 320, 360, 400, 440, 480, 520, 560, 600, 640, 680, 720, 760, 800, 840, 880, 920, 960, 1000, 1040, 1080, 1120, 1160, 1200, 1240, 1280, 1320, 1360, 1400, 1440, 1480, 1520, 1560, 1600, 1640, 1680, 1720, 1760, 1800, 1840, 1880, 1920, 1960, 2000, 2040, 2080, 2120, 2160, 2200, 2240, 2280, 2320, 2360, 2400, 2440, 2480, 2520, 2560, 2600, 2640, 2680, 2720, 2760, 2800, 2840, 2880, 2920, 2960, 3000, 3040, 3080, 3120, 3160]}], "conversation": [], "conversation_timestamps": []}