{"agent_id": "agent-blue-1040", "type": "blue", "trips": [{"trip_id": 0, "transport_method": "car", "start_time": 0, "path": [[1.4932531, 42.4681286], [1.4931983, 42.4702235], [1.4933963, 42.472189], [1.4922247, 42.4736464], [1.4908417, 42.4750709], [1.4905335, 42.4770978], [1.490204, 42.479177], [1.4898744, 42.4812562], [1.4894417, 42.4805881], [1.4898669, 42.4786043], [1.4905678, 42.4767184], [1.4904826, 42.4783502], [1.4903164, 42.4804488], [1.4901501, 42.4825474], [1.4911042, 42.4844], [1.4925471, 42.4857086], [1.4934315, 42.4876146], [1.4944622, 42.4894501], [1.4955127, 42.4912171], [1.4970919, 42.492606], [1.4983891, 42.4940951], [1.4991421, 42.4956044], [1.5009436, 42.4966394], [1.5028477, 42.4974661], [1.5047611, 42.4983424], [1.5066546, 42.4992599], [1.5085364, 42.5001879], [1.5090636, 42.5004475], [1.5109744, 42.5013309], [1.5106059, 42.5012491], [1.5119345, 42.5019087], [1.5135436, 42.5032357], [1.5149619, 42.5047516], [1.5167156, 42.5057704], [1.5184385, 42.5066084], [1.5202807, 42.5073971], [1.5222443, 42.5077128], [1.524323, 42.5077864], [1.5262665, 42.508439], [1.5282084, 42.5090648], [1.529589, 42.510578], [1.5307591, 42.5118135], [1.5302968, 42.5136364], [1.5293401, 42.5152362], [1.5276868, 42.5164806], [1.5266845, 42.5170724], [1.5285389, 42.5161526], [1.5276036, 42.5166235], [1.5258384, 42.5177706], [1.5251614, 42.5181831], [1.5257519, 42.5176887], [1.5240412, 42.518913], [1.5234486, 42.5208815], [1.5219943, 42.5223496], [1.5209247, 42.5241312], [1.5207747, 42.5261371], [1.5210278, 42.528049], [1.5218535, 42.5296251], [1.5210133, 42.5312618], [1.5210721, 42.5331155], [1.5215774, 42.5346599], [1.5230415, 42.5361088], [1.5248848, 42.5368023], [1.524264, 42.5376095], [1.5231619, 42.5390537], [1.5234914, 42.5406112], [1.5229257, 42.5423863], [1.5236546, 42.5443166], [1.5246166, 42.5461722], [1.525062, 42.548075], [1.5260058, 42.5499325], [1.5262463, 42.5504378], [1.5255199, 42.5493049], [1.5261511, 42.5513131], [1.5276249, 42.5527311], [1.5290371, 42.5542661], [1.5307462, 42.5554237], [1.5327925, 42.5556073], [1.5346399, 42.5565006], [1.5361606, 42.5566754]], "mood_vectors": [[0.0628, 0.0658, 0.0556, 0.6357, 0.0721, 0.0484, 0.0596], [0.0203, 0.0564, 0.0667, 0.7302, 0.0541, 0.0107, 0.0617], [0.0706, 0.0306, 0.0292, 0.7264, 0.0684, 0.0466, 0.0281], [0.0387, 0.0497, 0.0316, 0.687, 0.0628, 0.0692, 0.0609], [0.0664, 0.0208, 0.0343, 0.7181, 0.0326, 0.0739, 0.0539], [0.031, 0.0612, 0.0406, 0.777, 0.0447, 0.0248, 0.0208], [0.0773, 0.0732, 0.0339, 0.6947, 0.0259, 0.0194, 0.0756], [0.0119, 0.0218, 0.0774, 0.7323, 0.0671, 0.051, 0.0384], [0.0589, 0.0396, 0.0328, 0.733, 0.0536, 0.0471, 0.035], [0.0309, 0.0492, 0.0524, 0.6612, 0.0597, 0.0687, 0.0778], [0.0628, 0.0289, 0.0636, 0.6922, 0.0384, 0.0771, 0.0369], [0.0769, 0.0451, 0.0461, 0.7182, 0.0291, 0.0262, 0.0584], [0.0536, 0.0622, 0.0624, 0.7272, 0.0125, 0.0202, 0.062], [0.0615, 0.0792, 0.0492, 0.6923, 0.0279, 0.0501, 0.0399], [0.0923, 0.0236, 0.0762, 0.6642, 0.0734, 0.0257, 0.0448], [0.0607, 0.0137, 0.0643, 0.6566, 0.0767, 0.078, 0.05], [0.037, 0.0511, 0.0172, 0.6882, 0.0906, 0.0889, 0.027], [0.0446, 0.0491, 0.0386, 0.7275, 0.0268, 0.0613, 0.052], [0.0259, 0.0274, 0.065, 0.7819, 0.017, 0.0659, 0.0169], [0.0665, 0.0152, 0.0462, 0.6453, 0.0784, 0.0752, 0.0732], [0.069, 0.0635, 0.0283, 0.6797, 0.056, 0.0444, 0.0591], [0.0496, 0.0526, 0.0764, 0.6681, 0.0602, 0.0457, 0.0473], [0.0186, 0.0602, 0.0347, 0.7099, 0.0608, 0.0775, 0.0383], [0.0262, 0.0331, 0.0409, 0.7461, 0.0696, 0.0496, 0.0345], [0.0225, 0.0727, 0.0424, 0.6786, 0.0467, 0.0758, 0.0613], [0.0548, 0.0555, 0.0609, 0.7082, 0.0639, 0.0144, 0.0423], [0.0413, 0.0338, 0.0311, 0.6851, 0.0721, 0.0635, 0.0733], [0.0227, 0.0201, 0.0833, 0.7591, 0.055, 0.0353, 0.0244], [0.0231, 0.0597, 0.0752, 0.6577, 0.0649, 0.0321, 0.0873], [0.0627, 0.0309, 0.0231, 0.7751, 0.0348, 0.0386, 0.0348], [0.0314, 0.08, 0.062, 0.6797, 0.0558, 0.0555, 0.0355], [0.0682, 0.0489, 0.0711, 0.6454, 0.0699, 0.0736, 0.0229], [0.0741, 0.0252, 0.061, 0.6123, 0.0817, 0.0729, 0.0728], [0.0494, 0.0711, 0.0685, 0.674, 0.0243, 0.0565, 0.0563], [0.0235, 0.0865, 0.0692, 0.6539, 0.0229, 0.0626, 0.0814], [0.0181, 0.0639, 0.0542, 0.688, 0.0248, 0.0916, 0.0594], [0.0723, 0.0477, 0.0852, 0.6053, 0.0157, 0.0811, 0.0926], [0.0724, 0.0506, 0.0205, 0.7482, 0.0522, 0.022, 0.0341], [0.0815, 0.0512, 0.0657, 0.641, 0.0805, 0.0427, 0.0375], [0.0815, 0.0659, 0.0376, 0.6718, 0.023, 0.0253, 0.095], [0.0123, 0.0397, 0.0731, 0.7423, 0.0451, 0.0681, 0.0195], [0.0247, 0.0564, 0.0191, 0.6555, 0.0782, 0.083, 0.0831], [0.0288, 0.0838, 0.0781, 0.6309, 0.0757, 0.0819, 0.0209], [0.0366, 0.0775, 0.0431, 0.6854, 0.0552, 0.0665, 0.0358], [0.0532, 0.0175, 0.0489, 0.6632, 0.0723, 0.067, 0.0779], [0.0254, 0.088, 0.0211, 0.66, 0.0886, 0.0937, 0.0232], [0.0831, 0.0491, 0.0487, 0.6198, 0.0413, 0.0787, 0.0794], [0.0523, 0.0846, 0.073, 0.6418, 0.0416, 0.0699, 0.0367], [0.075, 0.018, 0.0943, 0.6271, 0.0462, 0.044, 0.0953], [0.0609, 0.0611, 0.0682, 0.6075, 0.0526, 0.0706, 0.0791], [0.0659, 0.0568, 0.074, 0.6326, 0.0676, 0.0361, 0.067], [0.0541, 0.0306, 0.064, 0.7076, 0.0189, 0.0692, 0.0556], [0.0498, 0.0417, 0.0118, 0.7328, 0.0735, 0.0737, 0.0165], [0.0695, 0.0562, 0.0788, 0.704, 0.0302, 0.0363, 0.025], [0.0806, 0.0567, 0.0601, 0.7066, 0.014, 0.0355, 0.0465], [0.0412, 0.0712, 0.0512, 0.7048, 0.0478, 0.0623, 0.0215], [0.0185, 0.0575, 0.0757, 0.7186, 0.0468, 0.0146, 0.0682], [0.0904, 0.0805, 0.0168, 0.6462, 0.0736, 0.0484, 0.0441], [0.0818, 0.0219, 0.0284, 0.6634, 0.0752, 0.0766, 0.0527], [0.085, 0.0648, 0.067, 0.6269, 0.0746, 0.0306, 0.0511], [0.0591, 0.0431, 0.0501, 0.706, 0.0338, 0.0557, 0.0522], [0.0418, 0.032, 0.0284, 0.7792, 0.0368, 0.0246, 0.0572], [0.0694, 0.0626, 0.04, 0.6726, 0.0751, 0.0649, 0.0155], [0.0528, 0.0132, 0.0195, 0.7927, 0.0163, 0.0382, 0.0672], [0.0487, 0.048, 0.0539, 0.7359, 0.0264, 0.0634, 0.0236], [0.0364, 0.0761, 0.0897, 0.7052, 0.0414, 0.0335, 0.0177], [0.04, 0.0703, 0.0455, 0.7029, 0.0519, 0.0201, 0.0694], [0.0257, 0.0627, 0.0199, 0.749, 0.0729, 0.0266, 0.0431], [0.0453, 0.0376, 0.0413, 0.7227, 0.0345, 0.0652, 0.0534], [0.0437, 0.0449, 0.0289, 0.7307, 0.04, 0.0866, 0.0251], [0.0844, 0.0333, 0.0418, 0.6781, 0.0425, 0.0719, 0.048], [0.0444, 0.0721, 0.0292, 0.7063, 0.04, 0.0891, 0.019], [0.0586, 0.0401, 0.0711, 0.6921, 0.089, 0.0266, 0.0225], [0.0698, 0.0545, 0.0537, 0.6476, 0.0356, 0.0687, 0.07], [0.0488, 0.0385, 0.0926, 0.6292, 0.0852, 0.0585, 0.0472], [0.0147, 0.0282, 0.0497, 0.7185, 0.079, 0.0462, 0.0638], [0.0171, 0.0257, 0.0754, 0.7099, 0.028, 0.0877, 0.0562], [0.0971, 0.018, 0.0551, 0.6139, 0.0639, 0.0571, 0.0949], [0.0145, 0.0718, 0.0904, 0.6827, 0.0571, 0.055, 0.0286], [0.0772, 0.029, 0.0275, 0.7556, 0.066, 0.0212, 0.0235]], "emotions": ["green", "green", "green", "green", "green", "green", "green", "green", "green", "green", "green", "green", "green", "green", "green", "green", "green", "green", "green", "green", "green", "green", "green", "green", "green", "green", "green", "green", "green", "green", "green", "green", "green", "green", "green", "green", "green", "green", "green", "green", "green", "green", "green", "green", "green", "green", "green", "green", "green", "green", "green", "green", "green", "green", "green", "green", "green", "green", "green", "green", "green", "green", "green", "green", "green", "green", "green", "green", "green", "green", "green", "green", "green", "green", "green", "green", "green", "green", "green", "green"], "timestamps": [0, 40, 80, 120, 160, 200, 240, 280, 320, 360, 400, 440, 480, 520, 560, 600, 640, 680, 720, 760, 800, 840, 880, 920, 960, 1000, 1040, 1080, 1120, 1160, 1200, 1240, 1280, 1320, 1360, 1400, 1440, 1480, 1520, 1560, 1600, 1640, 1680, 1720, 1760, 1800, 1840, 1880, 1920, 1960, 2000, 2040, 2080, 2120, 2160, 2200, 2240, 2280, 2320, 2360, 2400, 2440, 2480, 2520, 2560, 2600, 2640, 2680, 2720, 2760, 2800, 2840, 2880, 2920, 2960, 3000, 3040, 3080, 3120, 3160]}], "conversation": [], "conversation_timestamps": []}