{"agent_id": "agent-blue-920", "type": "blue", "trips": [{"trip_id": 0, "transport_method": "bus", "start_time": 0, "path": [[1.5201816, 42.5043408], [1.5199114, 42.5044216], [1.5199253, 42.5046173], [1.5202515, 42.5045991], [1.5205778, 42.504581], [1.5208927, 42.5046122], [1.5212006, 42.5047184], [1.5214978, 42.5048433], [1.5218185, 42.5048634], [1.5221429, 42.5048464], [1.5224622, 42.504916], [1.5227855, 42.5049637], [1.5231064, 42.5050179], [1.5233941, 42.5051612], [1.5236944, 42.5052876], [1.5239875, 42.5054215], [1.5242512, 42.5055885], [1.524451, 42.505847], [1.5246737, 42.5060847], [1.5249277, 42.50629], [1.5252172, 42.5063156], [1.5255324, 42.5063118], [1.5258519, 42.5063799], [1.5261715, 42.5064481], [1.5264911, 42.5065162], [1.5268107, 42.5065844], [1.5269038, 42.5066223], [1.5265774, 42.5066068], [1.5262516, 42.5065858], [1.5259298, 42.506532], [1.5256153, 42.5064443], [1.5253458, 42.506272], [1.5256653, 42.5063404], [1.5259848, 42.5064088], [1.5263044, 42.5064772], [1.5266239, 42.5065456], [1.5269434, 42.506614], [1.527258, 42.5066999], [1.5275287, 42.5068755], [1.5277261, 42.5071355], [1.5280086, 42.5072843], [1.5282772, 42.507469], [1.5285419, 42.5076605], [1.5288, 42.5078607], [1.5290546, 42.5080421], [1.5293311, 42.5082142], [1.5295683, 42.508439], [1.5294422, 42.5084011], [1.5293006, 42.5081849], [1.5295587, 42.5083853], [1.5298168, 42.5085857], [1.5300978, 42.5087505], [1.5303911, 42.5088944], [1.5307068, 42.508851], [1.5308419, 42.5090243], [1.531146, 42.5091438], [1.5314502, 42.5092632], [1.53176, 42.5093659], [1.5320631, 42.5094882], [1.5323661, 42.5096105], [1.5326869, 42.509666], [1.5330118, 42.5097008], [1.5333308, 42.5097678], [1.5336453, 42.5098542], [1.533967, 42.5099114], [1.5342918, 42.509921], [1.5346183, 42.5099193], [1.5349447, 42.5099054], [1.5352711, 42.509894], [1.5355968, 42.5099188], [1.5359231, 42.5099374], [1.5362493, 42.5099561], [1.5365671, 42.5100249], [1.536817, 42.5102242], [1.5369807, 42.5104884], [1.53712, 42.510742], [1.5374466, 42.5107345], [1.5377729, 42.5107372], [1.5380152, 42.5107135], [1.5381967, 42.5109852]], "mood_vectors": [[0.0688, 0.0708, 0.0175, 0.6586, 0.0477, 0.0757, 0.0611], [0.016, 0.0709, 0.0528, 0.7813, 0.0237, 0.0374, 0.0179], [0.0736, 0.033, 0.0596, 0.6618, 0.0534, 0.0637, 0.0549], [0.0633, 0.0794, 0.0776, 0.6095, 0.0454, 0.0827, 0.0421], [0.0746, 0.0685, 0.0282, 0.7037, 0.0168, 0.062, 0.0462], [0.0273, 0.07, 0.0313, 0.6916, 0.0432, 0.0659, 0.0708], [0.0647, 0.0427, 0.0453, 0.6952, 0.0752, 0.0148, 0.0622], [0.0166, 0.0559, 0.0459, 0.7646, 0.0169, 0.0613, 0.0388], [0.0178, 0.0672, 0.0581, 0.6821, 0.0371, 0.067, 0.0706], [0.0717, 0.0735, 0.0375, 0.697, 0.0487, 0.0279, 0.0436], [0.0792, 0.0781, 0.0402, 0.6668, 0.0171, 0.0633, 0.0553], [0.0737, 0.0458, 0.0149, 0.7208, 0.0316, 0.0579, 0.0553], [0.0232, 0.0831, 0.0542, 0.6953, 0.0268, 0.017, 0.1003], [0.0595, 0.0219, 0.0235, 0.6852, 0.0849, 0.0437, 0.0812], [0.0338, 0.0515, 0.0588, 0.6913, 0.0323, 0.0858, 0.0465], [0.0599, 0.0713, 0.0628, 0.6136, 0.0603, 0.0606, 0.0715], [0.0693, 0.037, 0.0702, 0.6928, 0.0364, 0.0209, 0.0735], [0.0364, 0.0245, 0.0214, 0.7827, 0.0476, 0.0549, 0.0325], [0.0709, 0.0663, 0.0376, 0.719, 0.0144, 0.0577, 0.0341], [0.0652, 0.0641, 0.0877, 0.6442, 0.074, 0.0485, 0.0163], [0.0512, 0.0725, 0.0509, 0.6538, 0.0742, 0.0588, 0.0386], [0.0595, 0.0631, 0.0468, 0.6409, 0.08, 0.0806, 0.029], [0.0604, 0.0156, 0.0161, 0.7246, 0.0607, 0.0607, 0.062], [0.0549, 0.066, 0.0586, 0.6858, 0.0418, 0.0616, 0.0313], [0.0533, 0.0686, 0.0521, 0.7405, 0.0223, 0.0179, 0.0451], [0.0372, 0.0542, 0.0392, 0.7432, 0.0761, 0.0275, 0.0226], [0.0404, 0.0513, 0.0496, 0.7099, 0.0519, 0.0237, 0.0733], [0.0171, 0.0983, 0.0278, 0.7252, 0.0339, 0.0468, 0.0509], [0.0416, 0.0303, 0.0828, 0.6849, 0.0311, 0.0677, 0.0615], [0.0462, 0.0361, 0.0198, 0.7264, 0.0525, 0.0311, 0.0879], [0.0528, 0.0344, 0.0624, 0.7024, 0.0381, 0.0834, 0.0265], [0.0163, 0.0303, 0.0522, 0.7456, 0.0647, 0.0228, 0.0681], [0.0247, 0.0457, 0.0283, 0.7024, 0.0602, 0.0806, 0.058], [0.0336, 0.0533, 0.0665, 0.645, 0.065, 0.0644, 0.0722], [0.0162, 0.0377, 0.0186, 0.6668, 0.1002, 0.076, 0.0846], [0.0568, 0.0155, 0.0678, 0.7383, 0.0636, 0.0383, 0.0197], [0.0502, 0.0527, 0.0225, 0.7147, 0.0556, 0.0501, 0.0542], [0.0181, 0.089, 0.0387, 0.7039, 0.0557, 0.0439, 0.0506], [0.0199, 0.0488, 0.0507, 0.6755, 0.0527, 0.0928, 0.0595], [0.0155, 0.0779, 0.0532, 0.755, 0.0127, 0.0225, 0.0632], [0.0324, 0.0178, 0.0949, 0.6596, 0.0405, 0.064, 0.0907], [0.0491, 0.036, 0.0136, 0.7567, 0.076, 0.0467, 0.0219], [0.0442, 0.0637, 0.0427, 0.713, 0.0388, 0.0671, 0.0305], [0.0318, 0.0692, 0.034, 0.7362, 0.0372, 0.0565, 0.0351], [0.0263, 0.032, 0.0422, 0.7178, 0.0238, 0.0504, 0.1075], [0.0588, 0.0485, 0.018, 0.7326, 0.0326, 0.0897, 0.0199], [0.0393, 0.0368, 0.0553, 0.6827, 0.0767, 0.0416, 0.0677], [0.0224, 0.0533, 0.0369, 0.7299, 0.0224, 0.0529, 0.0822], [0.0528, 0.0432, 0.0455, 0.6727, 0.0882, 0.0469, 0.0508], [0.0285, 0.0477, 0.0728, 0.6687, 0.0824, 0.059, 0.0409], [0.0552, 0.0948, 0.0205, 0.6599, 0.0974, 0.0345, 0.0376], [0.0601, 0.0705, 0.0276, 0.6673, 0.0662, 0.0525, 0.0557], [0.0752, 0.0291, 0.0837, 0.6015, 0.0452, 0.0865, 0.0788], [0.0143, 0.0323, 0.0451, 0.7521, 0.0277, 0.0594, 0.0692], [0.0369, 0.0277, 0.0422, 0.6578, 0.0704, 0.0801, 0.085], [0.0364, 0.0234, 0.0308, 0.8383, 0.0265, 0.0202, 0.0246], [0.0748, 0.023, 0.0548, 0.7011, 0.0354, 0.0785, 0.0325], [0.0646, 0.0928, 0.0834, 0.6953, 0.0135, 0.0181, 0.0323], [0.0408, 0.0226, 0.0307, 0.751, 0.0477, 0.0821, 0.0251], [0.0579, 0.0335, 0.0326, 0.709, 0.066, 0.0641, 0.0369], [0.0246, 0.059, 0.0649, 0.6629, 0.0835, 0.0388, 0.0663], [0.0167, 0.0127, 0.0563, 0.7894, 0.0778, 0.0265, 0.0205], [0.0817, 0.0899, 0.0812, 0.5514, 0.0587, 0.0868, 0.0504], [0.0318, 0.1119, 0.0232, 0.7078, 0.0603, 0.023, 0.042], [0.0415, 0.0727, 0.0163, 0.7056, 0.071, 0.0488, 0.044], [0.0571, 0.057, 0.0612, 0.6975, 0.0662, 0.0233, 0.0378], [0.029, 0.056, 0.0534, 0.7529, 0.0693, 0.0129, 0.0265], [0.0649, 0.0561, 0.0248, 0.7133, 0.047, 0.0661, 0.0278], [0.0747, 0.036, 0.0429, 0.743, 0.0403, 0.0329, 0.0302], [0.0848, 0.0748, 0.0508, 0.6398, 0.0772, 0.0206, 0.052], [0.0595, 0.0237, 0.0574, 0.6723, 0.0691, 0.0512, 0.0668], [0.0456, 0.0352, 0.0299, 0.7142, 0.0731, 0.0232, 0.0788], [0.021, 0.0419, 0.0229, 0.7299, 0.0398, 0.075, 0.0696], [0.0156, 0.0923, 0.071, 0.6967, 0.072, 0.0156, 0.0367], [0.0353, 0.0536, 0.0413, 0.7227, 0.051, 0.0757, 0.0204], [0.0782, 0.0242, 0.0524, 0.6394, 0.0665, 0.0771, 0.0623], [0.0768, 0.0571, 0.092, 0.6051, 0.0863, 0.0176, 0.0651], [0.0438, 0.0242, 0.0233, 0.7816, 0.0416, 0.015, 0.0705], [0.0369, 0.066, 0.0542, 0.6669, 0.0757, 0.0259, 0.0743], [0.0705, 0.0466, 0.0792, 0.684, 0.0583, 0.0284, 0.0331]], "emotions": ["green", "green", "green", "green", "green", "green", "green", "green", "green", "green", "green", "green", "green", "green", "green", "green", "green", "green", "green", "green", "green", "green", "green", "green", "green", "green", "green", "green", "green", "green", "green", "green", "green", "green", "green", "green", "green", "green", "green", "green", "green", "green", "green", "green", "green", "green", "green", "green", "green", "green", "green", "green", "green", "green", "green", "green", "green", "green", "green", "green", "green", "green", "green", "green", "green", "green", "green", "green", "green", "green", "green", "green", "green", "green", "green", "green", "green", "green", "green", "green"], "timestamps": [0, 40, 80, 120, 160, 200, 240, 280, 320, 360, 400, 440, 480, 520, 560, 600, 640, 680, 720, 760, 800, 840, 880, 920, 960, 1000, 1040, 1080, 1120, 1160, 1200, 1240, 1280, 1320, 1360, 1400, 1440, 1480, 1520, 1560, 1600, 1640, 1680, 1720, 1760, 1800, 1840, 1880, 1920, 1960, 2000, 2040, 2080, 2120, 2160, 2200, 2240, 2280, 2320, 2360, 2400, 2440, 2480, 2520, 2560, 2600, 2640, 2680, 2720, 2760, 2800, 2840, 2880, 2920, 2960, 3000, 3040, 3080, 3120, 3160]}], "conversation": [], "conversation_timestamps": []}