{"agent_id": "agent-green-207", "type": "green", "trips": [{"trip_id": 0, "transport_method": "car", "start_time": 0, "path": [[1.4894604, 42.4411885], [1.4897898, 42.4426508], [1.4887581, 42.4445582], [1.4886, 42.4449531], [1.4881048, 42.4439175], [1.4873835, 42.443264], [1.4864374, 42.445372], [1.4865735, 42.4472425], [1.485699, 42.4487096], [1.486573, 42.4504381], [1.4866112, 42.4525554], [1.4868233, 42.4547435], [1.4866755, 42.4552096], [1.4871436, 42.4574473], [1.4886465, 42.4592225], [1.4899813, 42.4611508], [1.4907438, 42.4620732], [1.4908684, 42.4642021], [1.4919438, 42.4661383], [1.4916355, 42.4681856], [1.4919274, 42.4704565], [1.4908613, 42.4725478], [1.4908144, 42.4747739], [1.4905422, 42.4770434], [1.4901742, 42.4793645], [1.4898063, 42.4816855], [1.4893625, 42.4799133], [1.4903325, 42.4778061], [1.4905565, 42.4774173], [1.4903709, 42.47976], [1.4901854, 42.4821027], [1.4910206, 42.4842217], [1.4925628, 42.4857494], [1.4935722, 42.4878666], [1.4947188, 42.4899179], [1.4961092, 42.4917159], [1.4978963, 42.493228], [1.4987725, 42.4950689], [1.5004825, 42.496306], [1.5025309, 42.497324], [1.5046673, 42.4983016], [1.5067838, 42.4993201], [1.5088841, 42.5003591], [1.5096376, 42.5007128], [1.5107856, 42.5012271], [1.5116297, 42.5017086], [1.5130495, 42.5026984], [1.514696, 42.50435], [1.5164943, 42.5056578], [1.5184355, 42.5066067], [1.5205114, 42.5074432], [1.5227287, 42.507755], [1.5250322, 42.5079616], [1.5272353, 42.5085261], [1.5291025, 42.5098856], [1.5301673, 42.5115862], [1.5303565, 42.5132468], [1.5294434, 42.5151284], [1.5276042, 42.5165283], [1.5269955, 42.5169561], [1.5288781, 42.5157953], [1.5269076, 42.5170758], [1.524937, 42.5183563], [1.5261621, 42.5173547], [1.5244805, 42.5186007], [1.5235707, 42.5206123], [1.5220234, 42.5223082], [1.5208244, 42.5242974], [1.5203682, 42.526557], [1.5206224, 42.5285852], [1.5197327, 42.5304309], [1.5197189, 42.5326701], [1.5201727, 42.5347057], [1.5207331, 42.5362535], [1.5204123, 42.53624], [1.5198671, 42.5357054], [1.5185585, 42.5369111], [1.5164207, 42.5362485], [1.5152482, 42.537913], [1.5132971, 42.538957]], "mood_vectors": [[0.0676, 0.0691, 0.0628, 0.0458, 0.0312, 0.023, 0.7005], [0.0729, 0.0811, 0.0651, 0.0238, 0.0539, 0.0162, 0.687], [0.0696, 0.0711, 0.047, 0.073, 0.0523, 0.03, 0.657], [0.0129, 0.0347, 0.0524, 0.0591, 0.0527, 0.0764, 0.7119], [0.0547, 0.034, 0.0187, 0.0213, 0.0614, 0.0509, 0.759], [0.0152, 0.0418, 0.0851, 0.0254, 0.0177, 0.0898, 0.7251], [0.0618, 0.0328, 0.0564, 0.032, 0.0646, 0.0583, 0.6941], [0.0594, 0.0537, 0.0484, 0.0574, 0.0479, 0.0607, 0.6726], [0.0402, 0.0706, 0.0444, 0.0645, 0.0248, 0.0525, 0.703], [0.0714, 0.0392, 0.078, 0.0802, 0.0454, 0.0414, 0.6443], [0.0165, 0.0502, 0.0732, 0.0914, 0.0367, 0.0827, 0.6492], [0.0467, 0.0625, 0.084, 0.0886, 0.0485, 0.0414, 0.6283], [0.0175, 0.0274, 0.056, 0.0787, 0.0576, 0.0169, 0.7459], [0.0509, 0.0844, 0.0319, 0.0724, 0.0265, 0.0209, 0.713], [0.0514, 0.0513, 0.0777, 0.0191, 0.0476, 0.0695, 0.6834], [0.028, 0.0315, 0.0338, 0.0303, 0.0351, 0.0296, 0.8117], [0.0125, 0.0546, 0.0352, 0.0694, 0.0585, 0.0733, 0.6966], [0.0657, 0.066, 0.0648, 0.0475, 0.0123, 0.0435, 0.7002], [0.0478, 0.0546, 0.0381, 0.0557, 0.0188, 0.0547, 0.7304], [0.0531, 0.0762, 0.0488, 0.0219, 0.0273, 0.038, 0.7347], [0.0289, 0.0651, 0.0568, 0.0281, 0.0601, 0.07, 0.691], [0.0505, 0.0658, 0.0235, 0.0563, 0.0151, 0.0527, 0.736], [0.0705, 0.057, 0.0573, 0.0253, 0.0584, 0.0385, 0.693], [0.072, 0.048, 0.0403, 0.0718, 0.0624, 0.0246, 0.681], [0.0434, 0.0768, 0.0349, 0.0737, 0.0495, 0.0576, 0.6642], [0.0495, 0.0253, 0.0122, 0.0726, 0.0537, 0.047, 0.7396], [0.0392, 0.0303, 0.0717, 0.0632, 0.0564, 0.06, 0.6791], [0.028, 0.0833, 0.048, 0.0254, 0.0484, 0.0685, 0.6984], [0.0641, 0.0384, 0.0686, 0.0278, 0.0113, 0.0441, 0.7458], [0.0228, 0.0628, 0.0606, 0.0403, 0.0319, 0.0769, 0.7048], [0.0855, 0.0514, 0.0697, 0.0686, 0.0576, 0.0717, 0.5955], [0.0415, 0.0688, 0.0469, 0.0695, 0.0294, 0.0688, 0.6751], [0.0287, 0.0532, 0.0234, 0.0339, 0.06, 0.0617, 0.7391], [0.0788, 0.0413, 0.041, 0.0285, 0.0829, 0.0464, 0.6811], [0.0828, 0.0541, 0.0777, 0.0289, 0.0279, 0.0373, 0.6912], [0.0753, 0.0724, 0.0367, 0.0317, 0.0174, 0.0372, 0.7293], [0.081, 0.0466, 0.0641, 0.0357, 0.0765, 0.0172, 0.679], [0.0681, 0.0216, 0.0869, 0.0727, 0.0315, 0.0799, 0.6393], [0.0661, 0.0139, 0.0757, 0.0562, 0.022, 0.0546, 0.7114], [0.0182, 0.0653, 0.0533, 0.0327, 0.0552, 0.0605, 0.7147], [0.0384, 0.0625, 0.0275, 0.0508, 0.0806, 0.0564, 0.6838], [0.0621, 0.0862, 0.0593, 0.0614, 0.0646, 0.0497, 0.6166], [0.0603, 0.0289, 0.0247, 0.0696, 0.0424, 0.0791, 0.695], [0.0593, 0.0607, 0.0737, 0.0633, 0.0137, 0.0261, 0.7033], [0.0593, 0.0678, 0.0315, 0.0587, 0.0534, 0.0422, 0.6872], [0.0749, 0.0151, 0.049, 0.048, 0.07, 0.0397, 0.7034], [0.0401, 0.0554, 0.0233, 0.065, 0.0585, 0.0373, 0.7205], [0.0347, 0.0548, 0.0572, 0.0641, 0.0545, 0.0569, 0.6778], [0.0333, 0.0806, 0.0205, 0.0469, 0.0681, 0.0184, 0.7323], [0.0566, 0.0232, 0.0748, 0.032, 0.0124, 0.059, 0.7421], [0.0418, 0.0151, 0.05, 0.0517, 0.0537, 0.0496, 0.7381], [0.092, 0.0358, 0.0272, 0.0692, 0.057, 0.0889, 0.63], [0.0377, 0.0249, 0.0349, 0.0715, 0.036, 0.036, 0.7591], [0.072, 0.0669, 0.0341, 0.0512, 0.0329, 0.0544, 0.6884], [0.0203, 0.0191, 0.0468, 0.0194, 0.0422, 0.0546, 0.7977], [0.0442, 0.0159, 0.0601, 0.0827, 0.0843, 0.0712, 0.6416], [0.0402, 0.0536, 0.0436, 0.0288, 0.0201, 0.0359, 0.7779], [0.062, 0.0724, 0.0643, 0.0329, 0.0219, 0.0537, 0.693], [0.0741, 0.0415, 0.0334, 0.0314, 0.0787, 0.0347, 0.7061], [0.0776, 0.0524, 0.0637, 0.0901, 0.041, 0.0388, 0.6365], [0.0638, 0.0386, 0.0562, 0.0188, 0.0713, 0.0277, 0.7237], [0.0179, 0.0121, 0.0731, 0.0498, 0.0325, 0.0708, 0.7437], [0.032, 0.0221, 0.0185, 0.0239, 0.0263, 0.0776, 0.7996], [0.0471, 0.0415, 0.0162, 0.0354, 0.0942, 0.0554, 0.7102], [0.0447, 0.0227, 0.0433, 0.0365, 0.0238, 0.0504, 0.7785], [0.0693, 0.0514, 0.0512, 0.0327, 0.0526, 0.0736, 0.6692], [0.0739, 0.0628, 0.0641, 0.0467, 0.0338, 0.0143, 0.7044], [0.065, 0.0767, 0.0161, 0.043, 0.0358, 0.0182, 0.7452], [0.063, 0.0722, 0.0146, 0.0496, 0.0844, 0.0196, 0.6966], [0.0372, 0.0696, 0.0254, 0.0813, 0.0597, 0.0334, 0.6934], [0.0299, 0.0516, 0.0435, 0.0463, 0.0354, 0.0689, 0.7243], [0.0392, 0.0473, 0.0652, 0.041, 0.0394, 0.0381, 0.7298], [0.0441, 0.0174, 0.0796, 0.0709, 0.0751, 0.0497, 0.6632], [0.0231, 0.0721, 0.0672, 0.0654, 0.0143, 0.0687, 0.6891], [0.0491, 0.0471, 0.0137, 0.0659, 0.0593, 0.063, 0.7021], [0.0599, 0.0718, 0.0625, 0.0147, 0.0534, 0.0499, 0.6877], [0.0255, 0.0597, 0.0607, 0.0811, 0.0372, 0.0288, 0.707], [0.0206, 0.0714, 0.0594, 0.0331, 0.0208, 0.0973, 0.6974], [0.0598, 0.0377, 0.0912, 0.0153, 0.0771, 0.0591, 0.6598], [0.0265, 0.0216, 0.0253, 0.0854, 0.03, 0.0891, 0.7222]], "emotions": ["purple", "purple", "purple", "purple", "purple", "purple", "purple", "purple", "purple", "purple", "purple", "purple", "purple", "purple", "purple", "purple", "purple", "purple", "purple", "purple", "purple", "purple", "purple", "purple", "purple", "purple", "purple", "purple", "purple", "purple", "purple", "purple", "purple", "purple", "purple", "purple", "purple", "purple", "purple", "purple", "purple", "purple", "purple", "purple", "purple", "purple", "purple", "purple", "purple", "purple", "purple", "purple", "purple", "purple", "purple", "purple", "purple", "purple", "purple", "purple", "purple", "purple", "purple", "purple", "purple", "purple", "purple", "purple", "purple", "purple", "purple", "purple", "purple", "purple", "purple", "purple", "purple", "purple", "purple", "purple"], "timestamps": [0, 40, 80, 120, 160, 200, 240, 280, 320, 360, 400, 440, 480, 520, 560, 600, 640, 680, 720, 760, 800, 840, 880, 920, 960, 1000, 1040, 1080, 1120, 1160, 1200, 1240, 1280, 1320, 1360, 1400, 1440, 1480, 1520, 1560, 1600, 1640, 1680, 1720, 1760, 1800, 1840, 1880, 1920, 1960, 2000, 2040, 2080, 2120, 2160, 2200, 2240, 2280, 2320, 2360, 2400, 2440, 2480, 2520, 2560, 2600, 2640, 2680, 2720, 2760, 2800, 2840, 2880, 2920, 2960, 3000, 3040, 3080, 3120, 3160]}], "conversation": [], "conversation_timestamps": []}