{"agent_id": "agent-green-1232", "type": "green", "trips": [{"trip_id": 0, "transport_method": "bicycle", "start_time": 0, "path": [[1.5387536, 42.5100653], [1.5383026, 42.5114332], [1.5365857, 42.5123324], [1.5347579, 42.5129832], [1.5331842, 42.5138757], [1.531613, 42.5149887], [1.5303829, 42.5158899], [1.5286589, 42.5166705], [1.5269212, 42.5173401], [1.5252951, 42.5184017], [1.523953, 42.5197388], [1.5230631, 42.5214616], [1.5217901, 42.5228714], [1.5207176, 42.5245004], [1.5206683, 42.526399], [1.5210411, 42.5281913], [1.521851, 42.5296278], [1.5210815, 42.5311437], [1.5212512, 42.5329088], [1.5212195, 42.5344528], [1.5226646, 42.5357002], [1.5242044, 42.5366556], [1.5250826, 42.5375921], [1.5232646, 42.538118], [1.5232239, 42.5400337], [1.5231514, 42.5412211], [1.5230493, 42.5430704], [1.5238759, 42.544836], [1.5247313, 42.5465445], [1.5252229, 42.5483132], [1.5260829, 42.5500599], [1.526241, 42.5504306], [1.5254806, 42.5491798], [1.5260698, 42.5510545], [1.5267284, 42.5528572], [1.5279597, 42.5543462], [1.5292616, 42.5556827], [1.530605, 42.5569006], [1.5317629, 42.5580519], [1.5310129, 42.5595987], [1.5296696, 42.5608904], [1.5282505, 42.5620948], [1.5270951, 42.5633151], [1.5254431, 42.5642713], [1.5240891, 42.565673], [1.5231659, 42.567392], [1.52161, 42.5685514], [1.5209971, 42.5703374], [1.5198908, 42.5718844], [1.5186209, 42.5732939], [1.5181098, 42.5748422], [1.5184117, 42.5764595], [1.5176723, 42.5777309], [1.5189241, 42.5791505], [1.5193464, 42.5810152], [1.5192863, 42.5829106], [1.520291, 42.5845092], [1.5212138, 42.5862002], [1.5220334, 42.5877294], [1.5235088, 42.5890249], [1.5246565, 42.5906096], [1.5251741, 42.5924732], [1.5264376, 42.5938103], [1.5264759, 42.5954778], [1.5276311, 42.596861], [1.5291019, 42.5981597], [1.5308714, 42.5989703], [1.5321606, 42.6003777], [1.5337891, 42.6014246], [1.5347391, 42.6031021], [1.5352908, 42.6049388], [1.5366117, 42.6063162], [1.5374207, 42.6079516], [1.5382709, 42.6095419], [1.5389186, 42.6112207], [1.5387145, 42.6131182], [1.5385537, 42.6150726], [1.5386557, 42.616941], [1.5380512, 42.6181812], [1.5384591, 42.6188681]], "mood_vectors": [[0.0603, 0.0143, 0.0337, 0.0299, 0.0692, 0.0498, 0.7428], [0.0435, 0.0363, 0.021, 0.0552, 0.0439, 0.0691, 0.731], [0.0626, 0.0741, 0.0396, 0.0135, 0.0258, 0.07, 0.7142], [0.0503, 0.0273, 0.0473, 0.0388, 0.0706, 0.0674, 0.6983], [0.0386, 0.0501, 0.0625, 0.0718, 0.0223, 0.0708, 0.684], [0.0607, 0.0405, 0.0172, 0.0307, 0.0647, 0.0286, 0.7576], [0.0683, 0.0435, 0.0759, 0.0264, 0.0488, 0.0875, 0.6496], [0.0336, 0.0629, 0.0757, 0.0359, 0.0724, 0.0814, 0.6381], [0.0936, 0.0557, 0.0658, 0.035, 0.0783, 0.0272, 0.6445], [0.0382, 0.0709, 0.0383, 0.087, 0.022, 0.0418, 0.7018], [0.0936, 0.0861, 0.0812, 0.0501, 0.0143, 0.0337, 0.641], [0.0181, 0.0732, 0.0199, 0.0919, 0.0515, 0.0483, 0.6971], [0.0575, 0.0571, 0.0269, 0.0775, 0.0377, 0.078, 0.6653], [0.0703, 0.0461, 0.0641, 0.0623, 0.0531, 0.0636, 0.6406], [0.0571, 0.0209, 0.071, 0.0426, 0.0664, 0.0351, 0.707], [0.0798, 0.0538, 0.034, 0.0688, 0.0585, 0.075, 0.6301], [0.0254, 0.041, 0.0739, 0.0612, 0.0529, 0.0715, 0.6741], [0.0876, 0.0442, 0.0833, 0.0846, 0.0579, 0.0619, 0.5805], [0.0906, 0.0534, 0.0553, 0.016, 0.0164, 0.0529, 0.7154], [0.0174, 0.0179, 0.0668, 0.0287, 0.0762, 0.0767, 0.7163], [0.0838, 0.0221, 0.07, 0.0896, 0.0596, 0.0214, 0.6535], [0.0476, 0.0701, 0.0611, 0.0866, 0.0202, 0.0734, 0.641], [0.0674, 0.0429, 0.0404, 0.0812, 0.0703, 0.0787, 0.619], [0.0602, 0.0341, 0.0268, 0.0772, 0.0964, 0.0893, 0.616], [0.0142, 0.04, 0.0649, 0.0771, 0.0838, 0.016, 0.7039], [0.0494, 0.0572, 0.0343, 0.0637, 0.0767, 0.0124, 0.7062], [0.0934, 0.0788, 0.0194, 0.0676, 0.0382, 0.0199, 0.6826], [0.0185, 0.0855, 0.0865, 0.0256, 0.0744, 0.0858, 0.6236], [0.0698, 0.0699, 0.0583, 0.0675, 0.0852, 0.0598, 0.5895], [0.0995, 0.0831, 0.0678, 0.0262, 0.0324, 0.0205, 0.6705], [0.069, 0.0627, 0.0665, 0.0704, 0.0735, 0.0534, 0.6046], [0.0535, 0.0625, 0.0513, 0.0365, 0.0363, 0.0485, 0.7114], [0.0465, 0.0752, 0.0516, 0.0384, 0.0166, 0.0218, 0.7499], [0.0331, 0.0653, 0.0657, 0.0722, 0.0661, 0.0338, 0.6638], [0.0672, 0.0207, 0.0715, 0.0426, 0.0719, 0.0608, 0.6654], [0.0159, 0.0702, 0.0663, 0.0855, 0.0784, 0.034, 0.6498], [0.0205, 0.0486, 0.0381, 0.0347, 0.0942, 0.0392, 0.7247], [0.0643, 0.0515, 0.0705, 0.02, 0.0389, 0.0215, 0.7334], [0.0285, 0.0247, 0.0865, 0.016, 0.0884, 0.0255, 0.7304], [0.047, 0.047, 0.0652, 0.0131, 0.0395, 0.0714, 0.7167], [0.0217, 0.0414, 0.0283, 0.0363, 0.0408, 0.0493, 0.7822], [0.0613, 0.0285, 0.0428, 0.0508, 0.0494, 0.0361, 0.7312], [0.0721, 0.0335, 0.076, 0.023, 0.0395, 0.055, 0.701], [0.0716, 0.038, 0.0759, 0.0716, 0.0192, 0.0747, 0.649], [0.0698, 0.0547, 0.0532, 0.065, 0.0688, 0.0419, 0.6467], [0.0813, 0.0781, 0.071, 0.0235, 0.0322, 0.0313, 0.6826], [0.0693, 0.0683, 0.0655, 0.0529, 0.0514, 0.026, 0.6667], [0.0568, 0.0567, 0.0707, 0.0306, 0.0641, 0.055, 0.6661], [0.0684, 0.0675, 0.0645, 0.0382, 0.0512, 0.035, 0.6751], [0.067, 0.0662, 0.0301, 0.057, 0.0334, 0.0958, 0.6505], [0.0262, 0.0404, 0.0174, 0.0288, 0.0832, 0.094, 0.71], [0.0236, 0.0563, 0.0558, 0.0652, 0.0476, 0.0401, 0.7113], [0.0625, 0.0305, 0.0537, 0.0975, 0.0175, 0.0414, 0.6969], [0.0653, 0.0685, 0.0677, 0.0696, 0.0404, 0.0672, 0.6212], [0.051, 0.0486, 0.0745, 0.0615, 0.0512, 0.0644, 0.6487], [0.0266, 0.0747, 0.0869, 0.0243, 0.0224, 0.0389, 0.7263], [0.0548, 0.0489, 0.0468, 0.056, 0.0606, 0.0688, 0.6641], [0.0471, 0.058, 0.0564, 0.0241, 0.0157, 0.0244, 0.7742], [0.054, 0.0838, 0.0688, 0.056, 0.0232, 0.0935, 0.6207], [0.0556, 0.0413, 0.0255, 0.0508, 0.0174, 0.0397, 0.7697], [0.048, 0.0827, 0.0144, 0.0851, 0.0367, 0.0169, 0.7162], [0.0846, 0.0293, 0.0975, 0.0897, 0.0315, 0.046, 0.6214], [0.045, 0.0745, 0.056, 0.0687, 0.0741, 0.0798, 0.6019], [0.0699, 0.0256, 0.0601, 0.0414, 0.0624, 0.0836, 0.657], [0.0645, 0.0569, 0.0293, 0.0609, 0.0434, 0.0418, 0.7033], [0.0233, 0.0742, 0.0439, 0.0555, 0.0437, 0.025, 0.7344], [0.0589, 0.0522, 0.0156, 0.0253, 0.0211, 0.0806, 0.7464], [0.0229, 0.0585, 0.0831, 0.0254, 0.02, 0.0939, 0.6962], [0.0613, 0.0423, 0.0304, 0.0686, 0.0679, 0.0657, 0.6638], [0.0876, 0.0225, 0.0326, 0.0843, 0.0227, 0.0197, 0.7307], [0.033, 0.0578, 0.0608, 0.0379, 0.0507, 0.0285, 0.7313], [0.0447, 0.0362, 0.0355, 0.015, 0.0679, 0.0891, 0.7117], [0.069, 0.0587, 0.0781, 0.0286, 0.0472, 0.0882, 0.6301], [0.0511, 0.0463, 0.0131, 0.0575, 0.0401, 0.0641, 0.7277], [0.0488, 0.0429, 0.0467, 0.0556, 0.0157, 0.0686, 0.7218], [0.0254, 0.0327, 0.0564, 0.0448, 0.0461, 0.0592, 0.7354], [0.0546, 0.0569, 0.023, 0.0463, 0.0347, 0.0605, 0.7241], [0.0925, 0.0734, 0.0946, 0.015, 0.0297, 0.0337, 0.6611], [0.036, 0.0855, 0.0727, 0.049, 0.0464, 0.0448, 0.6656], [0.0405, 0.0553, 0.0496, 0.0596, 0.075, 0.0471, 0.6728]], "emotions": ["purple", "purple", "purple", "purple", "purple", "purple", "purple", "purple", "purple", "purple", "purple", "purple", "purple", "purple", "purple", "purple", "purple", "purple", "purple", "purple", "purple", "purple", "purple", "purple", "purple", "purple", "purple", "purple", "purple", "purple", "purple", "purple", "purple", "purple", "purple", "purple", "purple", "purple", "purple", "purple", "purple", "purple", "purple", "purple", "purple", "purple", "purple", "purple", "purple", "purple", "purple", "purple", "purple", "purple", "purple", "purple", "purple", "purple", "purple", "purple", "purple", "purple", "purple", "purple", "purple", "purple", "purple", "purple", "purple", "purple", "purple", "purple", "purple", "purple", "purple", "purple", "purple", "purple", "purple", "purple"], "timestamps": [0, 40, 80, 120, 160, 200, 240, 280, 320, 360, 400, 440, 480, 520, 560, 600, 640, 680, 720, 760, 800, 840, 880, 920, 960, 1000, 1040, 1080, 1120, 1160, 1200, 1240, 1280, 1320, 1360, 1400, 1440, 1480, 1520, 1560, 1600, 1640, 1680, 1720, 1760, 1800, 1840, 1880, 1920, 1960, 2000, 2040, 2080, 2120, 2160, 2200, 2240, 2280, 2320, 2360, 2400, 2440, 2480, 2520, 2560, 2600, 2640, 2680, 2720, 2760, 2800, 2840, 2880, 2920, 2960, 3000, 3040, 3080, 3120, 3160]}], "conversation": [], "conversation_timestamps": []}