{"agent_id": "agent-blue-1290", "type": "blue", "trips": [{"trip_id": 0, "transport_method": "car", "start_time": 0, "path": [[1.5414609, 42.5078947], [1.5403451, 42.5077063], [1.5392304, 42.5075103], [1.5381174, 42.5073143], [1.5377172, 42.5075215], [1.537525, 42.5072252], [1.537563, 42.5072591], [1.536566, 42.5069953], [1.535465, 42.5067376], [1.534357, 42.506531], [1.5332422, 42.5063644], [1.5321794, 42.5060095], [1.5310961, 42.5057959], [1.529989, 42.5055613], [1.5288736, 42.5053658], [1.5277502, 42.5052998], [1.5266245, 42.5053038], [1.5255042, 42.5052097], [1.524393, 42.5049916], [1.5232792, 42.5047977], [1.522168, 42.5048147], [1.5211355, 42.5043946], [1.5201065, 42.503922], [1.5206387, 42.5041232], [1.5216961, 42.5045261], [1.5215193, 42.5046219], [1.5204577, 42.504228], [1.519396, 42.503834], [1.5183693, 42.503626], [1.5172448, 42.5037465], [1.5161544, 42.5034991], [1.5152187, 42.502863], [1.5142026, 42.5024169], [1.5133437, 42.5017385], [1.5125127, 42.5011907], [1.5118326, 42.5002853], [1.5111344, 42.4993939], [1.5104311, 42.4985063], [1.5094855, 42.4979021], [1.5084673, 42.4974066], [1.5074279, 42.4969597], [1.5063617, 42.4965781], [1.5052874, 42.4962206], [1.5042688, 42.4957321], [1.5032101, 42.4953415], [1.5021848, 42.4948619], [1.5011576, 42.4943856], [1.5003567, 42.4936805], [1.4994695, 42.4929778], [1.4984767, 42.4924344], [1.4974891, 42.4918813], [1.4965474, 42.4912537], [1.4962666, 42.4902176], [1.4956439, 42.4892955], [1.4949118, 42.4884316], [1.4947069, 42.4873707], [1.494468, 42.4862988], [1.4936334, 42.4855393], [1.4926922, 42.4849289], [1.4916309, 42.4846732], [1.4908935, 42.4839233], [1.490363, 42.4829328], [1.4897775, 42.4819637], [1.4894726, 42.4808876], [1.4893724, 42.4797623], [1.4897907, 42.4787235], [1.4903641, 42.4777477], [1.4905725, 42.4767008], [1.4908512, 42.4756459], [1.4911224, 42.4746012], [1.4912337, 42.4742672], [1.4910394, 42.4747858], [1.4918003, 42.4739471], [1.492776, 42.4734093], [1.492582, 42.4734383], [1.4933765, 42.4727304], [1.4934505, 42.4716976], [1.4932134, 42.470605], [1.4932817, 42.4694796], [1.4940879, 42.4691101]], "mood_vectors": [[0.0661, 0.054, 0.0267, 0.693, 0.0651, 0.0642, 0.0309], [0.0414, 0.0563, 0.0485, 0.6813, 0.0599, 0.0872, 0.0254], [0.0479, 0.0136, 0.0914, 0.6118, 0.0748, 0.0721, 0.0884], [0.0796, 0.0534, 0.0692, 0.6755, 0.0302, 0.0413, 0.0507], [0.0156, 0.0487, 0.0289, 0.7797, 0.0243, 0.0717, 0.031], [0.0511, 0.0254, 0.0177, 0.7176, 0.0658, 0.0553, 0.0671], [0.0236, 0.0887, 0.0276, 0.6556, 0.0857, 0.0589, 0.0599], [0.0414, 0.0385, 0.0502, 0.705, 0.0749, 0.0261, 0.064], [0.0764, 0.0768, 0.0386, 0.6421, 0.0347, 0.0884, 0.0429], [0.0226, 0.0134, 0.0263, 0.8272, 0.0393, 0.0326, 0.0386], [0.0628, 0.0276, 0.0356, 0.7446, 0.0369, 0.0252, 0.0672], [0.0624, 0.0144, 0.0369, 0.7278, 0.0747, 0.0433, 0.0405], [0.0497, 0.0492, 0.0615, 0.7088, 0.0399, 0.0318, 0.0592], [0.0299, 0.0347, 0.0693, 0.6488, 0.0715, 0.0723, 0.0735], [0.0912, 0.0661, 0.035, 0.6531, 0.0725, 0.0581, 0.0241], [0.088, 0.0404, 0.0935, 0.6378, 0.0217, 0.0283, 0.0902], [0.0737, 0.0403, 0.0614, 0.6192, 0.0842, 0.0449, 0.0763], [0.0442, 0.0327, 0.0329, 0.8287, 0.0239, 0.0137, 0.0239], [0.0381, 0.0396, 0.0741, 0.7146, 0.0317, 0.0424, 0.0596], [0.0182, 0.0526, 0.0797, 0.7251, 0.0312, 0.0668, 0.0262], [0.0888, 0.1001, 0.0419, 0.6274, 0.0516, 0.0445, 0.0456], [0.0584, 0.0157, 0.0403, 0.7619, 0.079, 0.0218, 0.0228], [0.0728, 0.016, 0.0673, 0.7649, 0.0163, 0.0411, 0.0216], [0.071, 0.0649, 0.0203, 0.699, 0.0704, 0.0202, 0.0542], [0.0519, 0.0728, 0.0364, 0.7158, 0.0352, 0.0157, 0.0722], [0.0698, 0.0316, 0.0898, 0.5986, 0.0441, 0.0738, 0.0923], [0.0225, 0.0615, 0.0811, 0.6536, 0.0511, 0.0522, 0.078], [0.0477, 0.0552, 0.0704, 0.6968, 0.0579, 0.0286, 0.0434], [0.0673, 0.051, 0.0232, 0.7756, 0.0192, 0.0141, 0.0496], [0.0642, 0.0788, 0.0153, 0.7516, 0.0274, 0.038, 0.0248], [0.0638, 0.0501, 0.0359, 0.656, 0.0551, 0.0923, 0.0467], [0.04, 0.0532, 0.0481, 0.7542, 0.0215, 0.0431, 0.0399], [0.0866, 0.075, 0.078, 0.6407, 0.0598, 0.0296, 0.0304], [0.0941, 0.0801, 0.0315, 0.6161, 0.0723, 0.038, 0.0679], [0.0471, 0.0822, 0.0454, 0.6168, 0.0753, 0.0527, 0.0805], [0.0516, 0.0811, 0.0428, 0.618, 0.0775, 0.0614, 0.0676], [0.0626, 0.0275, 0.0226, 0.7598, 0.024, 0.0526, 0.051], [0.0737, 0.0417, 0.0696, 0.6958, 0.0365, 0.0219, 0.0608], [0.035, 0.0372, 0.0365, 0.7482, 0.0833, 0.0432, 0.0165], [0.0613, 0.049, 0.0516, 0.6909, 0.0275, 0.077, 0.0429], [0.0789, 0.0294, 0.0174, 0.6878, 0.052, 0.0559, 0.0786], [0.032, 0.0132, 0.0749, 0.6617, 0.0797, 0.0771, 0.0614], [0.054, 0.0404, 0.0425, 0.7277, 0.0207, 0.0627, 0.052], [0.0703, 0.0535, 0.0655, 0.6905, 0.0202, 0.0319, 0.068], [0.0361, 0.0322, 0.0576, 0.7483, 0.0439, 0.0211, 0.0609], [0.0345, 0.0815, 0.0354, 0.6716, 0.0765, 0.0213, 0.0793], [0.0476, 0.0675, 0.0353, 0.7151, 0.0237, 0.0611, 0.0497], [0.0292, 0.0259, 0.0874, 0.6815, 0.0528, 0.0433, 0.0798], [0.0482, 0.052, 0.0603, 0.7244, 0.0542, 0.0218, 0.0391], [0.0238, 0.0661, 0.0775, 0.7137, 0.018, 0.0486, 0.0522], [0.0404, 0.0421, 0.0571, 0.6766, 0.0837, 0.074, 0.0262], [0.0225, 0.0724, 0.06, 0.692, 0.0548, 0.0395, 0.0588], [0.0857, 0.0611, 0.0314, 0.6997, 0.0141, 0.048, 0.0601], [0.0366, 0.027, 0.0445, 0.7221, 0.0661, 0.0403, 0.0634], [0.0545, 0.0454, 0.0644, 0.6451, 0.0466, 0.084, 0.0601], [0.0371, 0.0577, 0.012, 0.7255, 0.0147, 0.0783, 0.0746], [0.0199, 0.0241, 0.0626, 0.7124, 0.0202, 0.0619, 0.0989], [0.0263, 0.0812, 0.0646, 0.6606, 0.0793, 0.023, 0.065], [0.076, 0.0833, 0.0184, 0.6688, 0.0742, 0.0383, 0.041], [0.0152, 0.0863, 0.0446, 0.7024, 0.0369, 0.0223, 0.0923], [0.0363, 0.0318, 0.0425, 0.726, 0.0319, 0.0667, 0.0648], [0.0562, 0.0297, 0.0178, 0.7409, 0.0506, 0.0305, 0.0743], [0.0569, 0.0175, 0.0706, 0.6711, 0.0706, 0.0517, 0.0616], [0.0395, 0.059, 0.0535, 0.6253, 0.0867, 0.0504, 0.0856], [0.0784, 0.081, 0.0481, 0.6739, 0.0261, 0.0468, 0.0457], [0.0702, 0.0344, 0.061, 0.7303, 0.0291, 0.0193, 0.0557], [0.0246, 0.0191, 0.0892, 0.6467, 0.0921, 0.0436, 0.0847], [0.0775, 0.0421, 0.0407, 0.7027, 0.036, 0.0359, 0.065], [0.0448, 0.0172, 0.0728, 0.7498, 0.0701, 0.0136, 0.0317], [0.0808, 0.0467, 0.0331, 0.7208, 0.0289, 0.0535, 0.036], [0.0602, 0.0399, 0.0612, 0.6871, 0.0758, 0.015, 0.0609], [0.0852, 0.0807, 0.0638, 0.6378, 0.0392, 0.0383, 0.055], [0.0412, 0.0737, 0.0209, 0.7345, 0.0229, 0.0349, 0.0718], [0.0358, 0.0368, 0.0301, 0.7397, 0.0438, 0.0176, 0.0962], [0.0738, 0.0808, 0.0328, 0.673, 0.0682, 0.0563, 0.0151], [0.0814, 0.0464, 0.0456, 0.6838, 0.0276, 0.0479, 0.0673], [0.0369, 0.0839, 0.0227, 0.6674, 0.0651, 0.1015, 0.0224], [0.0678, 0.0653, 0.0352, 0.666, 0.0637, 0.0599, 0.0421], [0.0258, 0.021, 0.0552, 0.7843, 0.0475, 0.0372, 0.0289], [0.062, 0.0337, 0.0468, 0.7104, 0.0476, 0.0604, 0.0392]], "emotions": ["green", "green", "green", "green", "green", "green", "green", "green", "green", "green", "green", "green", "green", "green", "green", "green", "green", "green", "green", "green", "green", "green", "green", "green", "green", "green", "green", "green", "green", "green", "green", "green", "green", "green", "green", "green", "green", "green", "green", "green", "green", "green", "green", "green", "green", "green", "green", "green", "green", "green", "green", "green", "green", "green", "green", "green", "green", "green", "green", "green", "green", "green", "green", "green", "green", "green", "green", "green", "green", "green", "green", "green", "green", "green", "green", "green", "green", "green", "green", "green"], "timestamps": [0, 40, 80, 120, 160, 200, 240, 280, 320, 360, 400, 440, 480, 520, 560, 600, 640, 680, 720, 760, 800, 840, 880, 920, 960, 1000, 1040, 1080, 1120, 1160, 1200, 1240, 1280, 1320, 1360, 1400, 1440, 1480, 1520, 1560, 1600, 1640, 1680, 1720, 1760, 1800, 1840, 1880, 1920, 1960, 2000, 2040, 2080, 2120, 2160, 2200, 2240, 2280, 2320, 2360, 2400, 2440, 2480, 2520, 2560, 2600, 2640, 2680, 2720, 2760, 2800, 2840, 2880, 2920, 2960, 3000, 3040, 3080, 3120, 3160]}], "conversation": [], "conversation_timestamps": []}