{"agent_id": "agent-green-1032", "type": "green", "trips": [{"trip_id": 0, "transport_method": "car", "start_time": 0, "path": [[1.5760054, 42.5341987], [1.5748747, 42.5339273], [1.5737504, 42.5336916], [1.5728853, 42.5332859], [1.5724428, 42.5326802], [1.5716893, 42.5317943], [1.5709358, 42.5309084], [1.5708234, 42.5312268], [1.5713943, 42.5322391], [1.5723534, 42.5328472], [1.5722973, 42.532572], [1.5715671, 42.5316668], [1.5708369, 42.5307617], [1.5707085, 42.529914], [1.5710778, 42.5291878], [1.5701476, 42.5284897], [1.5697217, 42.528146], [1.5706935, 42.528785], [1.5711195, 42.5292382], [1.5701516, 42.5285935], [1.5691836, 42.5279487], [1.5682157, 42.527304], [1.5677361, 42.5269967], [1.5687721, 42.5275196], [1.5685123, 42.5274151], [1.5675465, 42.5267671], [1.5665853, 42.5261128], [1.5655799, 42.5255379], [1.5644745, 42.525222], [1.5634188, 42.5247756], [1.5624136, 42.5242326], [1.5616353, 42.5233725], [1.5606957, 42.5226877], [1.5597726, 42.5220377], [1.5588131, 42.5214014], [1.5579551, 42.5206166], [1.5571387, 42.5197886], [1.5568662, 42.5194109], [1.5560805, 42.5185533], [1.5566441, 42.519271], [1.5557575, 42.5185183], [1.5553609, 42.5180552], [1.554965, 42.5179034], [1.5540916, 42.5171354], [1.5540579, 42.5172907], [1.5542512, 42.5173443], [1.5535332, 42.5164354], [1.55309, 42.5153724], [1.5527123, 42.5143213], [1.5522269, 42.5133775], [1.5512273, 42.5127962], [1.5503206, 42.5121073], [1.5492356, 42.5117012], [1.5481054, 42.5114271], [1.5469803, 42.5111333], [1.5463419, 42.5102886], [1.5462286, 42.5101578], [1.5455369, 42.5094301], [1.5443898, 42.5093036], [1.5432808, 42.5089943], [1.5421317, 42.5088978], [1.5410642, 42.5092191], [1.5400725, 42.5097606], [1.5390662, 42.5102627], [1.5379606, 42.5100439], [1.5367983, 42.5100395], [1.5356481, 42.5099217], [1.534487, 42.5099187], [1.5333925, 42.5099976], [1.532259, 42.5098525], [1.531161, 42.5095109], [1.5300645, 42.5092049], [1.5289587, 42.5088871], [1.5278655, 42.5085191], [1.5267309, 42.5083509], [1.5255946, 42.5081307], [1.5244765, 42.507816], [1.5233186, 42.5078189], [1.5221799, 42.5077072], [1.5211373, 42.5075098]], "mood_vectors": [[0.0321, 0.0207, 0.0284, 0.0187, 0.0717, 0.0472, 0.7813], [0.0719, 0.0442, 0.0368, 0.0279, 0.0438, 0.0681, 0.7073], [0.0179, 0.0436, 0.0188, 0.0288, 0.0697, 0.0793, 0.7419], [0.0651, 0.0833, 0.0909, 0.0391, 0.0182, 0.0655, 0.6381], [0.0567, 0.0753, 0.068, 0.0357, 0.0449, 0.0575, 0.6619], [0.0262, 0.0351, 0.0157, 0.0753, 0.0303, 0.1047, 0.7127], [0.0735, 0.0608, 0.084, 0.0235, 0.0154, 0.0425, 0.7004], [0.0722, 0.0691, 0.0566, 0.0606, 0.0292, 0.0424, 0.6699], [0.028, 0.0247, 0.0505, 0.0468, 0.0257, 0.0694, 0.7549], [0.083, 0.0305, 0.0687, 0.0344, 0.034, 0.0376, 0.7119], [0.052, 0.018, 0.0224, 0.0287, 0.0444, 0.0356, 0.7989], [0.0499, 0.0225, 0.0792, 0.0453, 0.0676, 0.0301, 0.7054], [0.0795, 0.0551, 0.0602, 0.0687, 0.0492, 0.059, 0.6283], [0.077, 0.0384, 0.0545, 0.0308, 0.032, 0.0433, 0.724], [0.0505, 0.0641, 0.0176, 0.0783, 0.0337, 0.0514, 0.7044], [0.0407, 0.0784, 0.0591, 0.0546, 0.0627, 0.0821, 0.6225], [0.0385, 0.0413, 0.0488, 0.0354, 0.0613, 0.0823, 0.6924], [0.0665, 0.0562, 0.0701, 0.0337, 0.0328, 0.0474, 0.6934], [0.0518, 0.034, 0.0591, 0.0651, 0.0674, 0.0745, 0.6481], [0.0589, 0.0505, 0.0172, 0.0253, 0.0699, 0.0276, 0.7507], [0.0204, 0.0398, 0.0713, 0.0417, 0.0437, 0.06, 0.7231], [0.0848, 0.0246, 0.0363, 0.0467, 0.0446, 0.069, 0.6941], [0.0521, 0.0457, 0.0718, 0.0681, 0.0557, 0.0714, 0.6352], [0.0425, 0.0503, 0.0767, 0.0582, 0.0413, 0.0759, 0.6552], [0.0866, 0.0173, 0.0382, 0.0547, 0.0266, 0.0383, 0.7383], [0.0317, 0.072, 0.0829, 0.0601, 0.0688, 0.0604, 0.6239], [0.0458, 0.0739, 0.0557, 0.0168, 0.0587, 0.0167, 0.7323], [0.0482, 0.068, 0.0292, 0.0716, 0.0771, 0.0242, 0.6816], [0.0524, 0.0262, 0.0412, 0.0154, 0.0942, 0.062, 0.7086], [0.0639, 0.0516, 0.0497, 0.0467, 0.0631, 0.0329, 0.6922], [0.0662, 0.068, 0.0838, 0.0506, 0.0401, 0.0202, 0.6711], [0.0603, 0.0668, 0.0766, 0.0381, 0.0282, 0.0569, 0.6732], [0.0441, 0.0368, 0.0793, 0.0406, 0.024, 0.0548, 0.7205], [0.0217, 0.0371, 0.0616, 0.0838, 0.0502, 0.0248, 0.7207], [0.0746, 0.0277, 0.0443, 0.0987, 0.0341, 0.0248, 0.6957], [0.0331, 0.0789, 0.0632, 0.0136, 0.0282, 0.0745, 0.7086], [0.0582, 0.0233, 0.0427, 0.0648, 0.0303, 0.0559, 0.725], [0.0123, 0.02, 0.0493, 0.014, 0.0743, 0.0366, 0.7935], [0.0603, 0.0579, 0.0546, 0.0353, 0.056, 0.0624, 0.6734], [0.0231, 0.0549, 0.018, 0.0364, 0.0347, 0.0497, 0.7833], [0.0405, 0.0706, 0.0122, 0.0738, 0.064, 0.0638, 0.6751], [0.0604, 0.0811, 0.0463, 0.0594, 0.0462, 0.0783, 0.6284], [0.0574, 0.0975, 0.0374, 0.0601, 0.0808, 0.015, 0.6519], [0.0657, 0.0903, 0.0898, 0.076, 0.0699, 0.0474, 0.5608], [0.0496, 0.0382, 0.0818, 0.0818, 0.0535, 0.0382, 0.6568], [0.0434, 0.0738, 0.0555, 0.038, 0.0213, 0.0624, 0.7056], [0.0686, 0.0802, 0.0224, 0.0851, 0.0426, 0.0499, 0.6511], [0.0721, 0.0618, 0.0245, 0.0391, 0.0702, 0.0354, 0.6968], [0.0479, 0.08, 0.0314, 0.0932, 0.0288, 0.026, 0.6927], [0.018, 0.0338, 0.0483, 0.038, 0.0903, 0.0924, 0.6793], [0.0737, 0.0194, 0.024, 0.0941, 0.0325, 0.0764, 0.6798], [0.0696, 0.0821, 0.0429, 0.0323, 0.0179, 0.0458, 0.7093], [0.0546, 0.0153, 0.0863, 0.016, 0.0839, 0.0697, 0.6742], [0.025, 0.0222, 0.0614, 0.0722, 0.08, 0.021, 0.7182], [0.043, 0.03, 0.0735, 0.0272, 0.0253, 0.0474, 0.7537], [0.0411, 0.0497, 0.0682, 0.0537, 0.0185, 0.0195, 0.7493], [0.0643, 0.0607, 0.0379, 0.0852, 0.0722, 0.0696, 0.6101], [0.0394, 0.0863, 0.0945, 0.0207, 0.0773, 0.0544, 0.6275], [0.0283, 0.0558, 0.0209, 0.0751, 0.0528, 0.0954, 0.6717], [0.0478, 0.0896, 0.0455, 0.078, 0.0435, 0.0228, 0.6728], [0.0736, 0.0503, 0.0611, 0.0443, 0.0284, 0.0314, 0.7109], [0.0691, 0.0242, 0.0271, 0.0497, 0.0601, 0.0225, 0.7474], [0.0467, 0.0548, 0.0147, 0.0604, 0.0203, 0.0278, 0.7754], [0.0289, 0.0516, 0.0813, 0.0494, 0.0518, 0.0386, 0.6984], [0.0205, 0.0468, 0.0499, 0.0699, 0.0161, 0.0201, 0.7768], [0.0189, 0.0541, 0.0715, 0.0764, 0.0783, 0.0669, 0.6339], [0.0696, 0.0686, 0.0337, 0.0763, 0.0915, 0.0404, 0.6198], [0.0623, 0.0294, 0.0209, 0.0207, 0.093, 0.056, 0.7178], [0.0504, 0.0594, 0.0756, 0.0217, 0.017, 0.0399, 0.7359], [0.09, 0.068, 0.0141, 0.0899, 0.0323, 0.0467, 0.659], [0.0142, 0.0593, 0.0197, 0.0743, 0.0645, 0.032, 0.7359], [0.0199, 0.019, 0.0628, 0.0533, 0.0535, 0.0271, 0.7645], [0.0279, 0.071, 0.0746, 0.0171, 0.0736, 0.0504, 0.6855], [0.0382, 0.0741, 0.0488, 0.0655, 0.0335, 0.0529, 0.6871], [0.0742, 0.0151, 0.0553, 0.043, 0.0142, 0.0372, 0.7609], [0.0134, 0.0616, 0.0383, 0.0635, 0.0747, 0.0435, 0.705], [0.058, 0.0423, 0.0387, 0.0721, 0.0362, 0.0562, 0.6966], [0.0424, 0.0636, 0.0396, 0.064, 0.045, 0.0312, 0.7141], [0.0198, 0.0383, 0.0677, 0.0387, 0.019, 0.071, 0.7454], [0.0168, 0.024, 0.0846, 0.0753, 0.0751, 0.064, 0.6603]], "emotions": ["purple", "purple", "purple", "purple", "purple", "purple", "purple", "purple", "purple", "purple", "purple", "purple", "purple", "purple", "purple", "purple", "purple", "purple", "purple", "purple", "purple", "purple", "purple", "purple", "purple", "purple", "purple", "purple", "purple", "purple", "purple", "purple", "purple", "purple", "purple", "purple", "purple", "purple", "purple", "purple", "purple", "purple", "purple", "purple", "purple", "purple", "purple", "purple", "purple", "purple", "purple", "purple", "purple", "purple", "purple", "purple", "purple", "purple", "purple", "purple", "purple", "purple", "purple", "purple", "purple", "purple", "purple", "purple", "purple", "purple", "purple", "purple", "purple", "purple", "purple", "purple", "purple", "purple", "purple", "purple"], "timestamps": [0, 40, 80, 120, 160, 200, 240, 280, 320, 360, 400, 440, 480, 520, 560, 600, 640, 680, 720, 760, 800, 840, 880, 920, 960, 1000, 1040, 1080, 1120, 1160, 1200, 1240, 1280, 1320, 1360, 1400, 1440, 1480, 1520, 1560, 1600, 1640, 1680, 1720, 1760, 1800, 1840, 1880, 1920, 1960, 2000, 2040, 2080, 2120, 2160, 2200, 2240, 2280, 2320, 2360, 2400, 2440, 2480, 2520, 2560, 2600, 2640, 2680, 2720, 2760, 2800, 2840, 2880, 2920, 2960, 3000, 3040, 3080, 3120, 3160]}], "conversation": [], "conversation_timestamps": []}