{"agent_id": "agent-blue-1315", "type": "blue", "trips": [{"trip_id": 0, "transport_method": "foot", "start_time": 0, "path": [[1.4881187, 42.4592189], [1.4887419, 42.4595027], [1.4897975, 42.4609393], [1.4902611, 42.4614725], [1.4911108, 42.463016], [1.4910063, 42.4647729], [1.491996, 42.4662194], [1.4915656, 42.4678101], [1.4920533, 42.4695986], [1.4915043, 42.4713461], [1.4906404, 42.4729922], [1.4908163, 42.4747799], [1.4906179, 42.4765653], [1.4903268, 42.478402], [1.4900357, 42.4802387], [1.4897039, 42.4818241], [1.4893701, 42.4800086], [1.4900457, 42.4783169], [1.4905921, 42.4766287], [1.4904947, 42.4781981], [1.4903478, 42.480052], [1.4902009, 42.4819058], [1.4907193, 42.4836072], [1.4919803, 42.4847612], [1.4928098, 42.4863843], [1.4936652, 42.4880333], [1.4945756, 42.4896549], [1.4955032, 42.4912108], [1.4969067, 42.492429], [1.4983168, 42.4936214], [1.4987365, 42.4951499], [1.5001268, 42.4961205], [1.5017685, 42.4968624], [1.503414, 42.4977201], [1.5051051, 42.4984921], [1.5067721, 42.4993147], [1.5084313, 42.5001394], [1.5093872, 42.5006019], [1.5104236, 42.5010763], [1.5104269, 42.5011168], [1.5115249, 42.5016616], [1.5125635, 42.5023386], [1.5138827, 42.5036191], [1.5151281, 42.5049536], [1.516738, 42.5057822], [1.5182472, 42.5064994], [1.5198164, 42.5074338], [1.5216534, 42.5075187], [1.5233683, 42.507813], [1.5251972, 42.5080092], [1.5269169, 42.5085184], [1.5285021, 42.5093536], [1.5295538, 42.5107289], [1.5306943, 42.5117686], [1.530343, 42.5133153], [1.5297239, 42.5148321], [1.528393, 42.5160727], [1.5267827, 42.5170027], [1.5273656, 42.5166979], [1.528905, 42.5157778], [1.5273457, 42.5167911], [1.5257863, 42.5178044], [1.5250221, 42.5183024], [1.5261008, 42.5174392], [1.5245881, 42.5185209], [1.5238032, 42.5200346], [1.5228772, 42.5216071], [1.5217495, 42.5229953], [1.5207075, 42.5245233], [1.5206995, 42.5263249], [1.5210121, 42.5280097], [1.521998, 42.5293928], [1.5212907, 42.5308079], [1.5213048, 42.5324489], [1.5209492, 42.5339365], [1.5222551, 42.535116], [1.5228825, 42.5364833], [1.5217874, 42.5376908], [1.5206782, 42.5390664], [1.5205621, 42.5405821]], "mood_vectors": [[0.0574, 0.0405, 0.0915, 0.5917, 0.0728, 0.0514, 0.0948], [0.0401, 0.0858, 0.0335, 0.6876, 0.0714, 0.0618, 0.0198], [0.0625, 0.038, 0.0501, 0.6982, 0.0477, 0.0751, 0.0283], [0.0349, 0.084, 0.0732, 0.6486, 0.091, 0.0246, 0.0438], [0.02, 0.061, 0.0344, 0.7285, 0.0414, 0.0653, 0.0495], [0.1049, 0.0203, 0.0336, 0.7425, 0.0173, 0.0206, 0.0607], [0.0407, 0.05, 0.0626, 0.6563, 0.0624, 0.0615, 0.0664], [0.0339, 0.0866, 0.045, 0.7126, 0.0251, 0.0434, 0.0535], [0.0388, 0.0421, 0.0655, 0.6897, 0.023, 0.0562, 0.0846], [0.032, 0.0356, 0.0297, 0.8227, 0.0215, 0.0349, 0.0237], [0.0349, 0.0385, 0.0567, 0.7594, 0.0139, 0.0445, 0.052], [0.0584, 0.0809, 0.0499, 0.6559, 0.0399, 0.0369, 0.0782], [0.0555, 0.0183, 0.0752, 0.6968, 0.084, 0.034, 0.0361], [0.0284, 0.0898, 0.078, 0.6568, 0.0498, 0.0519, 0.0453], [0.0703, 0.0552, 0.0641, 0.6273, 0.0564, 0.0471, 0.0796], [0.0711, 0.0508, 0.0508, 0.7206, 0.0708, 0.0193, 0.0165], [0.0388, 0.0545, 0.0583, 0.6854, 0.053, 0.0718, 0.0381], [0.039, 0.0391, 0.0261, 0.7692, 0.0216, 0.0578, 0.0472], [0.0342, 0.0365, 0.0627, 0.6564, 0.0835, 0.061, 0.0658], [0.0234, 0.0256, 0.0825, 0.6966, 0.0643, 0.0233, 0.0843], [0.0907, 0.0709, 0.0209, 0.6806, 0.0447, 0.0476, 0.0446], [0.0363, 0.0723, 0.0764, 0.7032, 0.0502, 0.0218, 0.0399], [0.0442, 0.0775, 0.0341, 0.6366, 0.0896, 0.0337, 0.0843], [0.0747, 0.0639, 0.0425, 0.7018, 0.039, 0.0317, 0.0464], [0.0573, 0.0504, 0.0654, 0.6661, 0.0683, 0.0415, 0.0512], [0.0505, 0.0188, 0.0138, 0.7697, 0.054, 0.0239, 0.0694], [0.0652, 0.0537, 0.036, 0.7094, 0.0497, 0.0303, 0.0558], [0.0349, 0.0409, 0.0596, 0.7185, 0.0314, 0.0647, 0.0499], [0.0342, 0.0237, 0.0511, 0.6823, 0.0734, 0.0634, 0.0719], [0.0811, 0.0691, 0.0546, 0.6547, 0.0746, 0.0482, 0.0176], [0.0761, 0.0225, 0.0582, 0.7652, 0.0211, 0.0416, 0.0154], [0.0374, 0.0271, 0.0152, 0.7542, 0.0688, 0.0213, 0.076], [0.0282, 0.0738, 0.027, 0.7517, 0.0317, 0.0397, 0.048], [0.098, 0.0529, 0.036, 0.6339, 0.0499, 0.0424, 0.087], [0.0635, 0.0742, 0.0562, 0.6699, 0.0375, 0.0227, 0.076], [0.0709, 0.0489, 0.0676, 0.6141, 0.0601, 0.059, 0.0794], [0.0727, 0.0222, 0.0497, 0.6538, 0.0682, 0.0779, 0.0555], [0.0181, 0.0347, 0.0164, 0.7642, 0.0429, 0.0495, 0.0742], [0.0255, 0.0156, 0.0452, 0.7301, 0.039, 0.0636, 0.081], [0.093, 0.0444, 0.0921, 0.5982, 0.0759, 0.0487, 0.0478], [0.0809, 0.0188, 0.0262, 0.7388, 0.0789, 0.0334, 0.023], [0.0814, 0.0699, 0.0165, 0.6175, 0.0735, 0.0704, 0.0707], [0.0415, 0.0519, 0.0249, 0.7694, 0.0435, 0.0154, 0.0533], [0.043, 0.0725, 0.041, 0.678, 0.057, 0.0712, 0.0374], [0.0814, 0.0537, 0.0172, 0.7093, 0.0162, 0.0395, 0.0828], [0.0267, 0.018, 0.0759, 0.713, 0.0642, 0.0305, 0.0717], [0.0702, 0.0448, 0.0698, 0.6823, 0.022, 0.0573, 0.0534], [0.0746, 0.0227, 0.0196, 0.7808, 0.0268, 0.0547, 0.0208], [0.0626, 0.0203, 0.0542, 0.7239, 0.0561, 0.0159, 0.0671], [0.0636, 0.0683, 0.0566, 0.614, 0.0581, 0.072, 0.0673], [0.0427, 0.0891, 0.0213, 0.7025, 0.0594, 0.0502, 0.0349], [0.0351, 0.0905, 0.0508, 0.7052, 0.0305, 0.0202, 0.0678], [0.035, 0.0489, 0.0479, 0.6778, 0.0468, 0.0633, 0.0803], [0.0243, 0.0405, 0.0789, 0.7654, 0.0256, 0.0457, 0.0195], [0.0804, 0.0552, 0.0281, 0.6802, 0.0476, 0.0248, 0.0836], [0.0539, 0.0228, 0.076, 0.6855, 0.0616, 0.0579, 0.0424], [0.0655, 0.0246, 0.0472, 0.6324, 0.0496, 0.0912, 0.0895], [0.0429, 0.0467, 0.0264, 0.7191, 0.0335, 0.0735, 0.0578], [0.0647, 0.0647, 0.0226, 0.7259, 0.0127, 0.0458, 0.0636], [0.0733, 0.0683, 0.0243, 0.7097, 0.0269, 0.0426, 0.0549], [0.0337, 0.0169, 0.0861, 0.6904, 0.0582, 0.0286, 0.0861], [0.0769, 0.0281, 0.0346, 0.6866, 0.0763, 0.0387, 0.0588], [0.0232, 0.031, 0.0539, 0.7752, 0.0226, 0.056, 0.0381], [0.0432, 0.06, 0.0311, 0.6792, 0.0665, 0.0704, 0.0496], [0.0433, 0.0789, 0.0586, 0.7035, 0.0256, 0.0528, 0.0373], [0.0153, 0.0244, 0.0443, 0.7157, 0.0477, 0.07, 0.0825], [0.0553, 0.0669, 0.0514, 0.6872, 0.0618, 0.0362, 0.0412], [0.0636, 0.0566, 0.043, 0.728, 0.0307, 0.0515, 0.0266], [0.0686, 0.056, 0.0242, 0.6515, 0.0732, 0.0733, 0.0532], [0.0508, 0.0461, 0.0531, 0.7245, 0.0251, 0.0785, 0.0219], [0.1074, 0.0385, 0.0759, 0.719, 0.0244, 0.0162, 0.0185], [0.0782, 0.0698, 0.0723, 0.6678, 0.0352, 0.0525, 0.0243], [0.0732, 0.0313, 0.0255, 0.6398, 0.0785, 0.0828, 0.0689], [0.0718, 0.0666, 0.0722, 0.6902, 0.0177, 0.0626, 0.0189], [0.0603, 0.0421, 0.0122, 0.7162, 0.0666, 0.0565, 0.0461], [0.049, 0.0211, 0.0398, 0.715, 0.0884, 0.0547, 0.032], [0.0177, 0.0362, 0.0727, 0.729, 0.037, 0.0297, 0.0778], [0.0696, 0.0582, 0.048, 0.6784, 0.0195, 0.0632, 0.0631], [0.0125, 0.0746, 0.0324, 0.7629, 0.0328, 0.0485, 0.0363], [0.0222, 0.0167, 0.0194, 0.7989, 0.0807, 0.0367, 0.0254]], "emotions": ["green", "green", "green", "green", "green", "green", "green", "green", "green", "green", "green", "green", "green", "green", "green", "green", "green", "green", "green", "green", "green", "green", "green", "green", "green", "green", "green", "green", "green", "green", "green", "green", "green", "green", "green", "green", "green", "green", "green", "green", "green", "green", "green", "green", "green", "green", "green", "green", "green", "green", "green", "green", "green", "green", "green", "green", "green", "green", "green", "green", "green", "green", "green", "green", "green", "green", "green", "green", "green", "green", "green", "green", "green", "green", "green", "green", "green", "green", "green", "green"], "timestamps": [0, 40, 80, 120, 160, 200, 240, 280, 320, 360, 400, 440, 480, 520, 560, 600, 640, 680, 720, 760, 800, 840, 880, 920, 960, 1000, 1040, 1080, 1120, 1160, 1200, 1240, 1280, 1320, 1360, 1400, 1440, 1480, 1520, 1560, 1600, 1640, 1680, 1720, 1760, 1800, 1840, 1880, 1920, 1960, 2000, 2040, 2080, 2120, 2160, 2200, 2240, 2280, 2320, 2360, 2400, 2440, 2480, 2520, 2560, 2600, 2640, 2680, 2720, 2760, 2800, 2840, 2880, 2920, 2960, 3000, 3040, 3080, 3120, 3160]}], "conversation": [], "conversation_timestamps": []}