{"agent_id": "agent-green-1262", "type": "green", "trips": [{"trip_id": 0, "transport_method": "foot", "start_time": 0, "path": [[1.5014077, 42.4616081], [1.4991325, 42.4611031], [1.5002683, 42.4615997], [1.5022823, 42.4627412], [1.5032749, 42.4639531], [1.5012017, 42.4650005], [1.4991515, 42.4645834], [1.4971587, 42.4647838], [1.4954871, 42.4643931], [1.4943403, 42.4658494], [1.4922647, 42.4667439], [1.4917963, 42.4686709], [1.4917324, 42.4709199], [1.4906406, 42.4729916], [1.4908329, 42.4752591], [1.4904669, 42.4775182], [1.4901002, 42.4798317], [1.4896714, 42.4817614], [1.4894344, 42.4794632], [1.4905286, 42.4774015], [1.4905216, 42.4778583], [1.4903366, 42.4801934], [1.4901516, 42.4825284], [1.4912916, 42.4844926], [1.4933802, 42.4853631], [1.4947348, 42.4871421], [1.4955439, 42.4891792], [1.4964928, 42.4912013], [1.4984783, 42.4924353], [1.500409, 42.4937403], [1.5023256, 42.4949314], [1.5044749, 42.4958441], [1.5066559, 42.4966825], [1.5088185, 42.4975755], [1.5107213, 42.4988725], [1.5121598, 42.5007209], [1.5138605, 42.5022689], [1.5133916, 42.5019229], [1.5150933, 42.5027904], [1.5155437, 42.5030895], [1.5177168, 42.5037103], [1.5199392, 42.5038354], [1.5220546, 42.5047929], [1.5243365, 42.5049816], [1.5266447, 42.5053028], [1.52816, 42.5052972], [1.5303939, 42.5057827], [1.5324648, 42.5066674], [1.5335706, 42.5068605], [1.5356636, 42.5077034], [1.537931, 42.5081242], [1.5400327, 42.5085903], [1.5422447, 42.5088934], [1.543885, 42.5091861], [1.5461461, 42.509673], [1.5462706, 42.5101404], [1.5478875, 42.5113762], [1.5496149, 42.511814], [1.5507809, 42.5123667], [1.5512345, 42.5127319], [1.5525522, 42.5136773], [1.5533388, 42.5157832], [1.5545537, 42.5177114], [1.5564418, 42.5189233], [1.55797, 42.5206311], [1.5598052, 42.5220641], [1.5607433, 42.5227214], [1.5624637, 42.5242879], [1.5645636, 42.5252356], [1.5666711, 42.5261772], [1.5686274, 42.5274423], [1.5705832, 42.5287125], [1.5723, 42.5302715], [1.5738572, 42.5320072], [1.576033, 42.5326313], [1.5783282, 42.5329909], [1.5804722, 42.5338513], [1.5819185, 42.5355455], [1.5836351, 42.5364548], [1.5858437, 42.5371212]], "mood_vectors": [[0.056, 0.0749, 0.0572, 0.0152, 0.0816, 0.0262, 0.6888], [0.0579, 0.0497, 0.0859, 0.069, 0.0535, 0.0451, 0.6388], [0.0238, 0.0737, 0.0361, 0.0547, 0.0265, 0.0882, 0.697], [0.0263, 0.0631, 0.0417, 0.0981, 0.0308, 0.0941, 0.6459], [0.0451, 0.0437, 0.0385, 0.0212, 0.083, 0.0148, 0.7537], [0.0848, 0.0591, 0.0214, 0.0578, 0.0731, 0.0778, 0.626], [0.0416, 0.0365, 0.0281, 0.0864, 0.0862, 0.0206, 0.7005], [0.0194, 0.0357, 0.0633, 0.084, 0.0505, 0.0374, 0.7096], [0.026, 0.0756, 0.0685, 0.0423, 0.0555, 0.0508, 0.6813], [0.0407, 0.0393, 0.0133, 0.0178, 0.0673, 0.0307, 0.791], [0.014, 0.0752, 0.0963, 0.051, 0.0527, 0.0226, 0.6882], [0.0495, 0.082, 0.0442, 0.0457, 0.0159, 0.0255, 0.7372], [0.0557, 0.0624, 0.0581, 0.0486, 0.0508, 0.0399, 0.6844], [0.0236, 0.05, 0.041, 0.0308, 0.0667, 0.0601, 0.7276], [0.0943, 0.0495, 0.0308, 0.0649, 0.0159, 0.0958, 0.6488], [0.082, 0.0403, 0.0234, 0.07, 0.0737, 0.07, 0.6407], [0.0408, 0.0403, 0.0736, 0.0353, 0.0706, 0.0648, 0.6745], [0.0466, 0.0211, 0.0718, 0.1007, 0.0274, 0.0337, 0.6987], [0.0742, 0.0419, 0.0617, 0.0568, 0.0719, 0.0734, 0.6202], [0.0317, 0.1025, 0.0912, 0.0461, 0.0218, 0.0235, 0.6832], [0.0664, 0.0547, 0.0452, 0.0396, 0.0309, 0.0229, 0.7403], [0.0677, 0.0502, 0.0532, 0.0518, 0.0515, 0.0697, 0.656], [0.0411, 0.0175, 0.023, 0.0839, 0.0634, 0.0694, 0.7017], [0.0678, 0.0731, 0.0778, 0.0749, 0.0262, 0.0659, 0.6144], [0.0287, 0.0803, 0.071, 0.0709, 0.0525, 0.0443, 0.6523], [0.0324, 0.0569, 0.0696, 0.0574, 0.0535, 0.0632, 0.667], [0.048, 0.0402, 0.0534, 0.0755, 0.0515, 0.0533, 0.6781], [0.0297, 0.049, 0.0346, 0.0832, 0.024, 0.0668, 0.7127], [0.0648, 0.0169, 0.0729, 0.0665, 0.0866, 0.0251, 0.6673], [0.0688, 0.0323, 0.0196, 0.0743, 0.0489, 0.044, 0.7122], [0.0775, 0.0607, 0.0444, 0.0491, 0.0532, 0.0438, 0.6712], [0.0164, 0.0545, 0.0488, 0.0286, 0.0562, 0.0218, 0.7736], [0.0811, 0.0616, 0.0272, 0.0662, 0.0417, 0.0287, 0.6935], [0.082, 0.0342, 0.0373, 0.0578, 0.0298, 0.0998, 0.659], [0.0194, 0.0605, 0.0697, 0.0335, 0.0926, 0.0862, 0.6382], [0.0662, 0.0218, 0.0599, 0.0244, 0.0543, 0.0599, 0.7133], [0.0356, 0.0281, 0.0594, 0.0194, 0.0626, 0.0576, 0.7375], [0.0594, 0.0197, 0.0233, 0.0477, 0.0877, 0.017, 0.7451], [0.0429, 0.0601, 0.0319, 0.0269, 0.0287, 0.0141, 0.7953], [0.0933, 0.0609, 0.0726, 0.0369, 0.0315, 0.0886, 0.6163], [0.0311, 0.0431, 0.0317, 0.0756, 0.0286, 0.0296, 0.7603], [0.0327, 0.053, 0.0252, 0.0269, 0.0382, 0.1028, 0.7211], [0.0265, 0.0705, 0.0787, 0.0556, 0.0564, 0.0339, 0.6784], [0.0476, 0.0442, 0.0233, 0.0681, 0.0215, 0.0606, 0.7347], [0.0506, 0.0335, 0.0284, 0.0655, 0.0271, 0.0301, 0.7647], [0.0178, 0.0572, 0.071, 0.0285, 0.0177, 0.019, 0.7888], [0.0451, 0.0373, 0.0286, 0.0283, 0.0749, 0.0744, 0.7113], [0.0508, 0.075, 0.0204, 0.0178, 0.0722, 0.024, 0.7398], [0.0494, 0.015, 0.0478, 0.0195, 0.0572, 0.0755, 0.7356], [0.0401, 0.0162, 0.0224, 0.0582, 0.0169, 0.0647, 0.7815], [0.0206, 0.0252, 0.0539, 0.0586, 0.033, 0.0788, 0.7299], [0.0655, 0.0388, 0.0781, 0.0699, 0.044, 0.038, 0.6658], [0.0801, 0.0513, 0.0545, 0.0792, 0.0794, 0.0216, 0.634], [0.0584, 0.0273, 0.0304, 0.0626, 0.0623, 0.0766, 0.6823], [0.0604, 0.0262, 0.0294, 0.0446, 0.0592, 0.0704, 0.71], [0.032, 0.0353, 0.0527, 0.0572, 0.0551, 0.08, 0.6876], [0.0134, 0.0174, 0.0492, 0.034, 0.0718, 0.038, 0.7763], [0.0614, 0.0348, 0.0673, 0.0166, 0.0205, 0.0825, 0.7168], [0.0723, 0.0306, 0.093, 0.0545, 0.044, 0.0246, 0.681], [0.034, 0.0603, 0.0855, 0.0504, 0.0438, 0.0889, 0.637], [0.0762, 0.0636, 0.0433, 0.0262, 0.0364, 0.0634, 0.6908], [0.0173, 0.0183, 0.0581, 0.026, 0.0143, 0.0466, 0.8194], [0.0509, 0.0201, 0.0377, 0.0776, 0.0464, 0.0425, 0.7249], [0.0173, 0.0875, 0.0177, 0.0641, 0.0624, 0.0856, 0.6653], [0.0312, 0.0285, 0.0748, 0.076, 0.0638, 0.0645, 0.6612], [0.0201, 0.0475, 0.0778, 0.0318, 0.0142, 0.0533, 0.7554], [0.0543, 0.0657, 0.0736, 0.0176, 0.0351, 0.0677, 0.686], [0.0525, 0.0759, 0.0797, 0.0682, 0.0473, 0.0143, 0.662], [0.0844, 0.0524, 0.0283, 0.0285, 0.0524, 0.0712, 0.6828], [0.0399, 0.0621, 0.0805, 0.0249, 0.0152, 0.095, 0.6824], [0.0782, 0.0185, 0.0386, 0.0608, 0.0278, 0.0222, 0.7539], [0.061, 0.0608, 0.0705, 0.0157, 0.0376, 0.0472, 0.7071], [0.0538, 0.0278, 0.0648, 0.0433, 0.0413, 0.0739, 0.695], [0.0247, 0.015, 0.0777, 0.0299, 0.0749, 0.0315, 0.7463], [0.0565, 0.0697, 0.0371, 0.0304, 0.036, 0.0346, 0.7357], [0.0299, 0.0595, 0.0895, 0.0931, 0.0662, 0.0165, 0.6453], [0.0162, 0.0226, 0.0236, 0.0281, 0.0757, 0.0415, 0.7924], [0.0464, 0.0433, 0.0729, 0.0196, 0.0241, 0.0185, 0.7752], [0.0167, 0.0788, 0.0166, 0.021, 0.017, 0.0329, 0.817], [0.0703, 0.0481, 0.029, 0.062, 0.0456, 0.0759, 0.6691]], "emotions": ["purple", "purple", "purple", "purple", "purple", "purple", "purple", "purple", "purple", "purple", "purple", "purple", "purple", "purple", "purple", "purple", "purple", "purple", "purple", "purple", "purple", "purple", "purple", "purple", "purple", "purple", "purple", "purple", "purple", "purple", "purple", "purple", "purple", "purple", "purple", "purple", "purple", "purple", "purple", "purple", "purple", "purple", "purple", "purple", "purple", "purple", "purple", "purple", "purple", "purple", "purple", "purple", "purple", "purple", "purple", "purple", "purple", "purple", "purple", "purple", "purple", "purple", "purple", "purple", "purple", "purple", "purple", "purple", "purple", "purple", "purple", "purple", "purple", "purple", "purple", "purple", "purple", "purple", "purple", "purple"], "timestamps": [0, 40, 80, 120, 160, 200, 240, 280, 320, 360, 400, 440, 480, 520, 560, 600, 640, 680, 720, 760, 800, 840, 880, 920, 960, 1000, 1040, 1080, 1120, 1160, 1200, 1240, 1280, 1320, 1360, 1400, 1440, 1480, 1520, 1560, 1600, 1640, 1680, 1720, 1760, 1800, 1840, 1880, 1920, 1960, 2000, 2040, 2080, 2120, 2160, 2200, 2240, 2280, 2320, 2360, 2400, 2440, 2480, 2520, 2560, 2600, 2640, 2680, 2720, 2760, 2800, 2840, 2880, 2920, 2960, 3000, 3040, 3080, 3120, 3160]}], "conversation": [], "conversation_timestamps": []}