{"agent_id": "agent-blue-1830", "type": "blue", "trips": [{"trip_id": 0, "transport_method": "foot", "start_time": 0, "path": [[1.5452536, 42.5083284], [1.5445341, 42.5085176], [1.5438243, 42.508498], [1.5435132, 42.5087569], [1.5435527, 42.5090488], [1.5428174, 42.508925], [1.5420803, 42.5088943], [1.5414212, 42.5091445], [1.540744, 42.5093956], [1.5400995, 42.5097362], [1.5394555, 42.5100943], [1.5391077, 42.5106173], [1.5385663, 42.5110613], [1.5380512, 42.511532], [1.5373723, 42.5118313], [1.5367612, 42.512235], [1.5360851, 42.5125419], [1.5353936, 42.5127626], [1.5346942, 42.513012], [1.5341231, 42.5133436], [1.5335727, 42.5137716], [1.53286, 42.5139814], [1.5322431, 42.5143958], [1.5317106, 42.5149023], [1.5312553, 42.5152787], [1.5308824, 42.5155549], [1.5302486, 42.5159365], [1.5296165, 42.5163149], [1.5289744, 42.5166903], [1.5283055, 42.5166663], [1.5276524, 42.5170067], [1.5269742, 42.5173172], [1.5262848, 42.5176021], [1.5256999, 42.518059], [1.5251249, 42.5185334], [1.5245305, 42.5189841], [1.5239977, 42.519485], [1.523837, 42.5202117], [1.5234785, 42.5208658], [1.5230514, 42.521471], [1.5224389, 42.5218951], [1.5219421, 42.5224412], [1.5216865, 42.5231394], [1.5212324, 42.5237278], [1.5208035, 42.5243363], [1.5206909, 42.5250372], [1.520786, 42.5257641], [1.520637, 42.5264809], [1.5205829, 42.5272032], [1.5209286, 42.5278297], [1.5211516, 42.5285161], [1.5215868, 42.5290885], [1.5219265, 42.5295443], [1.5213925, 42.5300583], [1.5213047, 42.5306833], [1.5210013, 42.5312826], [1.5210356, 42.5319625], [1.521363, 42.5326264], [1.5210463, 42.53327], [1.520839, 42.5337984], [1.5211904, 42.5344256], [1.5218472, 42.5347655], [1.5223678, 42.5352818], [1.5228167, 42.5358765], [1.5232804, 42.5363554], [1.5239657, 42.5366296], [1.5246983, 42.5367639], [1.5251053, 42.5370772], [1.5250535, 42.5376073], [1.5243186, 42.5375921], [1.5236509, 42.5379163], [1.5231657, 42.538393], [1.5231594, 42.5391287], [1.5232165, 42.5398666], [1.5234502, 42.540541], [1.5234158, 42.5406602], [1.5230891, 42.5413059], [1.5228479, 42.5419894], [1.5229287, 42.5427236], [1.5232114, 42.5434123]], "mood_vectors": [[0.0504, 0.0781, 0.0204, 0.607, 0.0777, 0.088, 0.0785], [0.0555, 0.0309, 0.086, 0.6545, 0.0519, 0.0727, 0.0484], [0.0307, 0.0216, 0.0711, 0.7966, 0.0373, 0.0151, 0.0277], [0.0739, 0.0342, 0.0521, 0.7017, 0.0505, 0.0129, 0.0747], [0.0732, 0.0241, 0.0525, 0.6804, 0.0513, 0.0462, 0.0723], [0.0373, 0.0647, 0.0325, 0.7269, 0.0658, 0.0355, 0.0373], [0.083, 0.0569, 0.0378, 0.6567, 0.0679, 0.055, 0.0427], [0.0342, 0.0275, 0.0499, 0.7565, 0.0639, 0.0247, 0.0433], [0.0812, 0.0742, 0.0245, 0.6613, 0.056, 0.0272, 0.0756], [0.0661, 0.0314, 0.0443, 0.7433, 0.0345, 0.0649, 0.0155], [0.062, 0.0409, 0.0869, 0.7327, 0.0268, 0.0317, 0.019], [0.0262, 0.0153, 0.0274, 0.7535, 0.0706, 0.0414, 0.0657], [0.0712, 0.0456, 0.0262, 0.7411, 0.0213, 0.0477, 0.0468], [0.067, 0.0752, 0.0362, 0.6733, 0.0763, 0.0239, 0.0481], [0.0129, 0.052, 0.0813, 0.6882, 0.0721, 0.0141, 0.0795], [0.0478, 0.0281, 0.0441, 0.7685, 0.0392, 0.0284, 0.0439], [0.0323, 0.0328, 0.0448, 0.7775, 0.023, 0.0512, 0.0384], [0.0483, 0.0179, 0.0672, 0.6656, 0.088, 0.0392, 0.0738], [0.0304, 0.0715, 0.0506, 0.741, 0.0399, 0.0364, 0.0302], [0.0493, 0.0666, 0.0519, 0.6822, 0.0725, 0.0359, 0.0414], [0.0159, 0.0902, 0.054, 0.6772, 0.0737, 0.0644, 0.0246], [0.076, 0.06, 0.0693, 0.6587, 0.0462, 0.0635, 0.0262], [0.0543, 0.0254, 0.0415, 0.7243, 0.0454, 0.0748, 0.0343], [0.047, 0.0169, 0.0488, 0.7995, 0.0399, 0.0141, 0.0338], [0.0334, 0.036, 0.0294, 0.7465, 0.051, 0.0218, 0.0818], [0.0559, 0.0309, 0.06, 0.7017, 0.0594, 0.0391, 0.0529], [0.0797, 0.0164, 0.0163, 0.7414, 0.0489, 0.0774, 0.0199], [0.0243, 0.026, 0.047, 0.7794, 0.0526, 0.0527, 0.018], [0.0595, 0.0648, 0.0729, 0.7109, 0.0309, 0.035, 0.026], [0.0413, 0.0636, 0.0701, 0.6581, 0.0612, 0.0377, 0.068], [0.0557, 0.0502, 0.047, 0.6895, 0.0543, 0.0189, 0.0844], [0.02, 0.0569, 0.0334, 0.7052, 0.0537, 0.0738, 0.0571], [0.0769, 0.0164, 0.0553, 0.687, 0.073, 0.034, 0.0575], [0.0656, 0.0409, 0.0528, 0.7156, 0.0585, 0.0419, 0.0247], [0.0351, 0.0355, 0.051, 0.7248, 0.096, 0.0281, 0.0295], [0.0167, 0.0207, 0.0247, 0.7823, 0.0784, 0.0523, 0.0249], [0.0377, 0.0722, 0.0762, 0.6916, 0.0576, 0.0503, 0.0143], [0.0207, 0.0688, 0.032, 0.7529, 0.0335, 0.0779, 0.0141], [0.027, 0.0428, 0.0811, 0.7322, 0.0615, 0.0341, 0.0213], [0.0145, 0.0787, 0.0186, 0.7465, 0.0265, 0.0874, 0.0278], [0.0209, 0.0514, 0.0719, 0.6306, 0.0772, 0.0493, 0.0987], [0.0799, 0.0316, 0.0344, 0.7276, 0.025, 0.0202, 0.0813], [0.0729, 0.0698, 0.063, 0.6257, 0.0412, 0.0454, 0.0819], [0.0399, 0.0944, 0.0679, 0.6283, 0.0407, 0.054, 0.0748], [0.0584, 0.0688, 0.0135, 0.7287, 0.0442, 0.0532, 0.0331], [0.0892, 0.039, 0.0532, 0.7211, 0.034, 0.0308, 0.0327], [0.0178, 0.042, 0.0659, 0.6682, 0.1039, 0.0171, 0.0851], [0.0574, 0.0602, 0.0348, 0.6934, 0.0515, 0.0696, 0.0331], [0.0658, 0.0699, 0.0664, 0.7009, 0.0249, 0.0472, 0.0248], [0.0661, 0.057, 0.0315, 0.673, 0.0401, 0.0724, 0.0601], [0.0262, 0.0304, 0.0669, 0.714, 0.083, 0.0548, 0.0247], [0.0584, 0.0798, 0.0381, 0.6405, 0.0394, 0.0853, 0.0584], [0.043, 0.0585, 0.0533, 0.666, 0.0783, 0.0403, 0.0606], [0.0428, 0.0304, 0.0373, 0.7215, 0.0671, 0.0564, 0.0446], [0.0847, 0.0566, 0.0807, 0.6855, 0.0349, 0.0286, 0.029], [0.0195, 0.0255, 0.0156, 0.7721, 0.0214, 0.0795, 0.0663], [0.0371, 0.0729, 0.0281, 0.7172, 0.0216, 0.0454, 0.0778], [0.0665, 0.027, 0.018, 0.7072, 0.0528, 0.0372, 0.0914], [0.0234, 0.075, 0.0555, 0.7461, 0.0406, 0.0232, 0.0363], [0.0328, 0.0705, 0.0214, 0.7062, 0.048, 0.0484, 0.0727], [0.0509, 0.0426, 0.0565, 0.7044, 0.0353, 0.0387, 0.0716], [0.0476, 0.0554, 0.0313, 0.6553, 0.0699, 0.0873, 0.0533], [0.0668, 0.0298, 0.083, 0.672, 0.0644, 0.0275, 0.0566], [0.0209, 0.0227, 0.0793, 0.7354, 0.0795, 0.0395, 0.0227], [0.0172, 0.0772, 0.0799, 0.6301, 0.058, 0.0842, 0.0534], [0.0496, 0.0429, 0.0281, 0.6726, 0.0557, 0.0875, 0.0637], [0.0734, 0.0706, 0.0404, 0.6537, 0.0531, 0.0639, 0.045], [0.0616, 0.0658, 0.0134, 0.6857, 0.0657, 0.0532, 0.0546], [0.072, 0.0399, 0.0209, 0.7257, 0.0516, 0.0549, 0.0349], [0.0365, 0.0493, 0.0438, 0.7553, 0.0702, 0.0182, 0.0267], [0.0235, 0.0207, 0.0274, 0.7745, 0.0405, 0.0235, 0.0899], [0.0468, 0.043, 0.0664, 0.7393, 0.0183, 0.0377, 0.0485], [0.0731, 0.0264, 0.0253, 0.702, 0.068, 0.0585, 0.0466], [0.0591, 0.0314, 0.0344, 0.8119, 0.0181, 0.0212, 0.024], [0.0906, 0.0726, 0.0732, 0.6369, 0.043, 0.0315, 0.0522], [0.0376, 0.0818, 0.0824, 0.6321, 0.0484, 0.0649, 0.0529], [0.0395, 0.0298, 0.0654, 0.6259, 0.0901, 0.0902, 0.0591], [0.0552, 0.0665, 0.0641, 0.681, 0.023, 0.0705, 0.0396], [0.0613, 0.0297, 0.0662, 0.664, 0.0515, 0.0681, 0.0593], [0.0768, 0.0901, 0.0314, 0.6263, 0.0818, 0.0536, 0.04]], "emotions": ["green", "green", "green", "green", "green", "green", "green", "green", "green", "green", "green", "green", "green", "green", "green", "green", "green", "green", "green", "green", "green", "green", "green", "green", "green", "green", "green", "green", "green", "green", "green", "green", "green", "green", "green", "green", "green", "green", "green", "green", "green", "green", "green", "green", "green", "green", "green", "green", "green", "green", "green", "green", "green", "green", "green", "green", "green", "green", "green", "green", "green", "green", "green", "green", "green", "green", "green", "green", "green", "green", "green", "green", "green", "green", "green", "green", "green", "green", "green", "green"], "timestamps": [0, 40, 80, 120, 160, 200, 240, 280, 320, 360, 400, 440, 480, 520, 560, 600, 640, 680, 720, 760, 800, 840, 880, 920, 960, 1000, 1040, 1080, 1120, 1160, 1200, 1240, 1280, 1320, 1360, 1400, 1440, 1480, 1520, 1560, 1600, 1640, 1680, 1720, 1760, 1800, 1840, 1880, 1920, 1960, 2000, 2040, 2080, 2120, 2160, 2200, 2240, 2280, 2320, 2360, 2400, 2440, 2480, 2520, 2560, 2600, 2640, 2680, 2720, 2760, 2800, 2840, 2880, 2920, 2960, 3000, 3040, 3080, 3120, 3160]}], "conversation": [], "conversation_timestamps": []}