{"agent_id": "agent-green-1342", "type": "green", "trips": [{"trip_id": 0, "transport_method": "bicycle", "start_time": 0, "path": [[1.5269375, 42.5054942], [1.527727, 42.5054455], [1.5274272, 42.5053451], [1.5282135, 42.505611], [1.5289998, 42.5058769], [1.5295273, 42.5064841], [1.5301468, 42.5070247], [1.5298332, 42.5075931], [1.5293214, 42.508205], [1.5293023, 42.5083172], [1.5289299, 42.5087418], [1.5282356, 42.5090654], [1.528787, 42.5096586], [1.5293883, 42.510203], [1.5294336, 42.5108948], [1.5299557, 42.5114793], [1.5307105, 42.5117771], [1.5308595, 42.5124556], [1.5303936, 42.513142], [1.5303214, 42.513954], [1.5300309, 42.5146093], [1.5294255, 42.5151508], [1.5288957, 42.5157825], [1.5281769, 42.5161976], [1.5274581, 42.5166127], [1.5267393, 42.5170278], [1.5265092, 42.5171105], [1.5272566, 42.5167988], [1.5279853, 42.516441], [1.5286987, 42.5160265], [1.5285018, 42.5160398], [1.5278058, 42.5164921], [1.5271098, 42.5169444], [1.5264138, 42.5173967], [1.5257178, 42.5178489], [1.5250218, 42.5183012], [1.5249332, 42.5183799], [1.5255563, 42.5178346], [1.5261984, 42.5173406], [1.5256838, 42.5177374], [1.5250086, 42.5182201], [1.5243428, 42.518715], [1.523901, 42.5193248], [1.5237748, 42.5201444], [1.5234389, 42.5209029], [1.5229451, 42.5215541], [1.5222669, 42.5220301], [1.5218284, 42.5227211], [1.5214696, 42.5234583], [1.5209457, 42.5241012], [1.5206262, 42.5248572], [1.5206, 42.5256868], [1.5204203, 42.5264826], [1.5199724, 42.5271712], [1.5202428, 42.527912], [1.520629, 42.528634], [1.5205118, 42.5294317], [1.5199405, 42.5300025], [1.5198033, 42.5306061], [1.5196302, 42.5313929], [1.5195954, 42.5321892], [1.519727, 42.5329964], [1.5194808, 42.533779], [1.5199156, 42.5344528], [1.5205099, 42.5350322], [1.5211458, 42.5355653], [1.5217343, 42.5357385], [1.5212117, 42.5363159], [1.520645, 42.5369143], [1.5203671, 42.537662], [1.5201408, 42.5384596], [1.5199365, 42.5392642], [1.5199804, 42.5400863], [1.5200595, 42.5408815], [1.5194014, 42.5413647], [1.5187139, 42.5418297], [1.5181091, 42.5423857], [1.5176382, 42.5430642], [1.5171767, 42.5437469], [1.516939, 42.5445341]], "mood_vectors": [[0.06, 0.0634, 0.0739, 0.0136, 0.0416, 0.0546, 0.6928], [0.03, 0.0857, 0.0833, 0.0139, 0.0679, 0.0546, 0.6646], [0.0265, 0.0403, 0.0893, 0.0871, 0.0689, 0.0317, 0.6563], [0.0782, 0.0535, 0.0429, 0.0413, 0.0247, 0.0766, 0.6828], [0.0333, 0.0654, 0.0623, 0.0471, 0.0251, 0.0367, 0.7301], [0.0629, 0.0474, 0.0338, 0.0129, 0.0636, 0.0707, 0.7087], [0.0501, 0.0544, 0.0709, 0.0715, 0.0775, 0.032, 0.6435], [0.0566, 0.0189, 0.0632, 0.0647, 0.057, 0.0304, 0.7094], [0.0465, 0.0552, 0.0218, 0.044, 0.0272, 0.0587, 0.7466], [0.0712, 0.0364, 0.0437, 0.0389, 0.0449, 0.0485, 0.7165], [0.0695, 0.0565, 0.0513, 0.0519, 0.0158, 0.0245, 0.7307], [0.0481, 0.0241, 0.0146, 0.0823, 0.0403, 0.0263, 0.7643], [0.015, 0.0315, 0.0388, 0.0761, 0.0968, 0.033, 0.7088], [0.0306, 0.0497, 0.0524, 0.0283, 0.0455, 0.0578, 0.7356], [0.0755, 0.0575, 0.0414, 0.0386, 0.0776, 0.0472, 0.6623], [0.0222, 0.0627, 0.028, 0.0621, 0.0781, 0.0587, 0.6882], [0.0777, 0.0174, 0.0666, 0.0831, 0.0436, 0.0758, 0.6358], [0.053, 0.0629, 0.0565, 0.017, 0.0634, 0.0405, 0.7069], [0.0171, 0.0472, 0.0444, 0.0202, 0.0317, 0.0145, 0.8249], [0.0676, 0.0208, 0.0578, 0.0209, 0.0426, 0.0348, 0.7555], [0.0151, 0.041, 0.0692, 0.0459, 0.0142, 0.0469, 0.7677], [0.0429, 0.083, 0.018, 0.0884, 0.0868, 0.0305, 0.6503], [0.0529, 0.017, 0.0451, 0.0645, 0.0792, 0.0335, 0.7077], [0.035, 0.0217, 0.097, 0.0315, 0.0443, 0.0216, 0.749], [0.0363, 0.0297, 0.0862, 0.0627, 0.0692, 0.0781, 0.6378], [0.0449, 0.0275, 0.0266, 0.057, 0.0293, 0.0162, 0.7986], [0.045, 0.028, 0.0691, 0.0489, 0.0626, 0.0488, 0.6975], [0.04, 0.0564, 0.0673, 0.0317, 0.0204, 0.0605, 0.7236], [0.0587, 0.0253, 0.0548, 0.032, 0.0729, 0.0307, 0.7257], [0.065, 0.0941, 0.0346, 0.0318, 0.022, 0.0546, 0.6979], [0.0365, 0.0334, 0.0452, 0.0576, 0.0213, 0.0224, 0.7836], [0.085, 0.0547, 0.0361, 0.0673, 0.0862, 0.0651, 0.6056], [0.0344, 0.0286, 0.0766, 0.052, 0.0959, 0.0387, 0.6739], [0.0766, 0.0795, 0.0804, 0.0304, 0.0712, 0.075, 0.587], [0.0767, 0.047, 0.0406, 0.0396, 0.0128, 0.057, 0.7262], [0.0406, 0.0658, 0.0332, 0.0655, 0.0532, 0.0681, 0.6736], [0.0668, 0.0393, 0.0319, 0.0756, 0.0635, 0.0154, 0.7076], [0.0458, 0.0501, 0.0233, 0.073, 0.0236, 0.0317, 0.7526], [0.0201, 0.0574, 0.0228, 0.0666, 0.0949, 0.0696, 0.6687], [0.071, 0.0846, 0.0453, 0.0731, 0.0284, 0.0856, 0.6119], [0.0354, 0.0494, 0.0317, 0.0706, 0.085, 0.0381, 0.6899], [0.0805, 0.021, 0.0772, 0.0708, 0.0591, 0.0571, 0.6342], [0.0584, 0.0562, 0.0566, 0.0447, 0.0762, 0.0639, 0.644], [0.0642, 0.0767, 0.077, 0.047, 0.0412, 0.058, 0.636], [0.0122, 0.0773, 0.0173, 0.0115, 0.0709, 0.0739, 0.7369], [0.0294, 0.0537, 0.0486, 0.043, 0.0703, 0.047, 0.708], [0.0778, 0.0775, 0.0166, 0.0761, 0.0662, 0.0441, 0.6416], [0.0128, 0.026, 0.0311, 0.0129, 0.0729, 0.0588, 0.7856], [0.073, 0.0636, 0.0489, 0.0342, 0.0635, 0.0329, 0.6839], [0.0288, 0.029, 0.0491, 0.0385, 0.0486, 0.0981, 0.7079], [0.0524, 0.0234, 0.0206, 0.0514, 0.0815, 0.0346, 0.7361], [0.0299, 0.0345, 0.0366, 0.045, 0.0858, 0.0261, 0.7422], [0.0297, 0.0127, 0.075, 0.0504, 0.0323, 0.0591, 0.7407], [0.0522, 0.0662, 0.0363, 0.0619, 0.0246, 0.024, 0.7348], [0.0179, 0.0278, 0.0294, 0.0549, 0.0465, 0.0679, 0.7557], [0.0213, 0.0492, 0.0615, 0.047, 0.0653, 0.0116, 0.744], [0.0705, 0.0283, 0.0433, 0.0481, 0.0567, 0.0261, 0.727], [0.0513, 0.0514, 0.0636, 0.0633, 0.0631, 0.0602, 0.6471], [0.0817, 0.0324, 0.0597, 0.0579, 0.037, 0.0452, 0.686], [0.0427, 0.0695, 0.0202, 0.017, 0.0887, 0.0235, 0.7385], [0.0519, 0.0395, 0.02, 0.0594, 0.0709, 0.0239, 0.7344], [0.0641, 0.0256, 0.0319, 0.0829, 0.0567, 0.0293, 0.7095], [0.0408, 0.0497, 0.0877, 0.067, 0.0681, 0.034, 0.6526], [0.0329, 0.0315, 0.0661, 0.0145, 0.0156, 0.036, 0.8033], [0.0623, 0.0909, 0.0657, 0.0304, 0.0204, 0.0492, 0.6811], [0.024, 0.0807, 0.0622, 0.0303, 0.0918, 0.0806, 0.6304], [0.0735, 0.0202, 0.073, 0.0589, 0.035, 0.0349, 0.7045], [0.0561, 0.0939, 0.0278, 0.0341, 0.045, 0.0339, 0.7092], [0.0389, 0.0158, 0.0724, 0.0455, 0.0494, 0.0571, 0.721], [0.0721, 0.0782, 0.0131, 0.064, 0.0213, 0.0738, 0.6776], [0.0772, 0.0643, 0.0227, 0.0726, 0.0145, 0.0253, 0.7233], [0.015, 0.0415, 0.0403, 0.0468, 0.03, 0.0293, 0.797], [0.0335, 0.0654, 0.0417, 0.0661, 0.0276, 0.0373, 0.7285], [0.0213, 0.0661, 0.037, 0.0265, 0.075, 0.04, 0.7341], [0.0445, 0.0399, 0.087, 0.0408, 0.0524, 0.0277, 0.7077], [0.0843, 0.0782, 0.0392, 0.0367, 0.0231, 0.029, 0.7096], [0.0553, 0.0528, 0.04, 0.0163, 0.0616, 0.0783, 0.6957], [0.0552, 0.066, 0.0837, 0.0685, 0.0246, 0.0163, 0.6857], [0.084, 0.0368, 0.0129, 0.0339, 0.0586, 0.0149, 0.7588], [0.0525, 0.0576, 0.0238, 0.0306, 0.0683, 0.0331, 0.7341]], "emotions": ["purple", "purple", "purple", "purple", "purple", "purple", "purple", "purple", "purple", "purple", "purple", "purple", "purple", "purple", "purple", "purple", "purple", "purple", "purple", "purple", "purple", "purple", "purple", "purple", "purple", "purple", "purple", "purple", "purple", "purple", "purple", "purple", "purple", "purple", "purple", "purple", "purple", "purple", "purple", "purple", "purple", "purple", "purple", "purple", "purple", "purple", "purple", "purple", "purple", "purple", "purple", "purple", "purple", "purple", "purple", "purple", "purple", "purple", "purple", "purple", "purple", "purple", "purple", "purple", "purple", "purple", "purple", "purple", "purple", "purple", "purple", "purple", "purple", "purple", "purple", "purple", "purple", "purple", "purple", "purple"], "timestamps": [0, 40, 80, 120, 160, 200, 240, 280, 320, 360, 400, 440, 480, 520, 560, 600, 640, 680, 720, 760, 800, 840, 880, 920, 960, 1000, 1040, 1080, 1120, 1160, 1200, 1240, 1280, 1320, 1360, 1400, 1440, 1480, 1520, 1560, 1600, 1640, 1680, 1720, 1760, 1800, 1840, 1880, 1920, 1960, 2000, 2040, 2080, 2120, 2160, 2200, 2240, 2280, 2320, 2360, 2400, 2440, 2480, 2520, 2560, 2600, 2640, 2680, 2720, 2760, 2800, 2840, 2880, 2920, 2960, 3000, 3040, 3080, 3120, 3160]}], "conversation": [], "conversation_timestamps": []}