{"agent_id": "agent-red-1581", "type": "red", "trips": [{"trip_id": 0, "transport_method": "bus", "start_time": 0, "path": [[1.535048, 42.5137051], [1.5341825, 42.5138696], [1.5333649, 42.5138418], [1.5325524, 42.5141563], [1.5318892, 42.5147186], [1.5312289, 42.5152989], [1.5308719, 42.5155627], [1.5301077, 42.5159817], [1.5293799, 42.51647], [1.5285785, 42.5166366], [1.5278276, 42.5169253], [1.5270277, 42.5172941], [1.5262174, 42.5176381], [1.5255437, 42.5182018], [1.5248508, 42.5187454], [1.5241442, 42.5192715], [1.5238794, 42.5200893], [1.523476, 42.5208704], [1.5229409, 42.5215574], [1.5222248, 42.5220674], [1.5218026, 42.5228251], [1.5213648, 42.5235766], [1.5208352, 42.5242784], [1.520713, 42.5251024], [1.5207908, 42.5259678], [1.5206275, 42.5268033], [1.5207763, 42.5276063], [1.5210641, 42.5284103], [1.5215853, 42.5290866], [1.5218377, 42.5296426], [1.5212975, 42.5303028], [1.5211735, 42.5309852], [1.5209319, 42.5317817], [1.521355, 42.5325532], [1.5209967, 42.5333057], [1.5209619, 42.5339495], [1.5214613, 42.534613], [1.5222024, 42.5350567], [1.5227201, 42.5357683], [1.5232704, 42.5363538], [1.5240897, 42.5366431], [1.5249529, 42.5368137], [1.5251397, 42.5373535], [1.5245306, 42.5375659], [1.5237248, 42.5378829], [1.5231474, 42.5384431], [1.5231412, 42.5393161], [1.5232329, 42.5401892], [1.5235013, 42.54069], [1.5231836, 42.5411863], [1.5228439, 42.5419719], [1.5229644, 42.542835], [1.5233476, 42.5436242], [1.5237095, 42.5444175], [1.5240649, 42.5452117], [1.5245091, 42.5459709], [1.5247157, 42.5467677], [1.5247034, 42.5476426], [1.5252328, 42.5483312], [1.5255323, 42.5491499], [1.5259883, 42.5499036], [1.5264444, 42.5506574], [1.5264642, 42.5507454], [1.5259556, 42.5500263], [1.5255526, 42.5492431], [1.5255681, 42.5494582], [1.5258322, 42.5502986], [1.5260963, 42.551139], [1.5265398, 42.5518432], [1.5272039, 42.5524162], [1.5279083, 42.5529449], [1.5285301, 42.5535667], [1.5290442, 42.5542756], [1.529649, 42.5549095], [1.5304468, 42.5552818], [1.5312541, 42.555632], [1.5321204, 42.555664], [1.5329989, 42.5556048], [1.5338564, 42.5556681], [1.5340343, 42.5554222]], "mood_vectors": [[0.7503, 0.0224, 0.0745, 0.014, 0.0726, 0.0263, 0.0399], [0.6954, 0.0405, 0.0712, 0.026, 0.063, 0.0434, 0.0604], [0.6819, 0.0527, 0.044, 0.0674, 0.0499, 0.062, 0.042], [0.7913, 0.0555, 0.0346, 0.0329, 0.0236, 0.0225, 0.0397], [0.6666, 0.0263, 0.0627, 0.0563, 0.0692, 0.0563, 0.0626], [0.6501, 0.0729, 0.0717, 0.0439, 0.0707, 0.0278, 0.0629], [0.745, 0.0592, 0.026, 0.0323, 0.0266, 0.0667, 0.0442], [0.7159, 0.0615, 0.0339, 0.0684, 0.0285, 0.013, 0.0787], [0.727, 0.0509, 0.0735, 0.0127, 0.0707, 0.0224, 0.0427], [0.6457, 0.0913, 0.0189, 0.043, 0.0996, 0.0309, 0.0706], [0.7807, 0.0326, 0.0658, 0.0388, 0.0232, 0.0428, 0.0162], [0.765, 0.0363, 0.0212, 0.0467, 0.0739, 0.0228, 0.0342], [0.7645, 0.0404, 0.039, 0.012, 0.0552, 0.0409, 0.0479], [0.6851, 0.0474, 0.0471, 0.0588, 0.0734, 0.0265, 0.0616], [0.6406, 0.0607, 0.0709, 0.0773, 0.0597, 0.0236, 0.0672], [0.6969, 0.0258, 0.073, 0.0509, 0.0541, 0.0221, 0.0772], [0.6923, 0.0562, 0.0185, 0.0475, 0.0509, 0.0675, 0.0671], [0.7461, 0.0146, 0.0236, 0.0712, 0.0359, 0.0376, 0.0709], [0.6967, 0.0234, 0.0565, 0.0716, 0.0715, 0.0463, 0.034], [0.8108, 0.023, 0.0589, 0.0548, 0.0176, 0.0181, 0.0169], [0.7316, 0.0412, 0.0845, 0.0221, 0.0142, 0.0276, 0.0788], [0.6621, 0.0481, 0.0454, 0.064, 0.0433, 0.0956, 0.0415], [0.7063, 0.0449, 0.0552, 0.0615, 0.0356, 0.0679, 0.0286], [0.7646, 0.0305, 0.0214, 0.0583, 0.0517, 0.0124, 0.0611], [0.7121, 0.022, 0.0187, 0.0617, 0.0524, 0.0771, 0.0559], [0.7287, 0.0657, 0.085, 0.0263, 0.0146, 0.0218, 0.0579], [0.6852, 0.0501, 0.0592, 0.0659, 0.0502, 0.0367, 0.0528], [0.6128, 0.0572, 0.0786, 0.0778, 0.0618, 0.0459, 0.0659], [0.634, 0.0982, 0.0845, 0.0534, 0.0508, 0.0642, 0.0151], [0.6969, 0.0769, 0.0394, 0.0548, 0.0171, 0.0184, 0.0964], [0.7188, 0.0283, 0.0598, 0.0415, 0.0567, 0.0617, 0.0332], [0.726, 0.0168, 0.0269, 0.0794, 0.0152, 0.0771, 0.0585], [0.6734, 0.0346, 0.0872, 0.0344, 0.0487, 0.0697, 0.052], [0.6305, 0.0377, 0.0869, 0.0493, 0.0275, 0.0708, 0.0973], [0.6244, 0.0708, 0.077, 0.0285, 0.0629, 0.0692, 0.0672], [0.6256, 0.0657, 0.081, 0.055, 0.0521, 0.0669, 0.0539], [0.6506, 0.074, 0.0376, 0.0474, 0.0593, 0.0794, 0.0516], [0.6999, 0.0372, 0.0401, 0.0696, 0.0306, 0.075, 0.0475], [0.6795, 0.0637, 0.046, 0.0252, 0.0876, 0.0544, 0.0436], [0.6927, 0.0464, 0.0767, 0.0351, 0.0154, 0.0793, 0.0543], [0.7248, 0.0423, 0.0111, 0.0634, 0.0311, 0.0716, 0.0557], [0.6236, 0.0775, 0.0634, 0.061, 0.0828, 0.0517, 0.04], [0.6459, 0.0269, 0.0705, 0.0848, 0.0575, 0.0813, 0.0332], [0.6992, 0.0837, 0.0136, 0.0493, 0.0278, 0.0372, 0.0891], [0.6784, 0.0346, 0.0445, 0.0644, 0.0287, 0.0732, 0.0763], [0.7051, 0.0527, 0.0485, 0.0618, 0.0312, 0.0669, 0.0339], [0.7092, 0.0294, 0.0191, 0.0556, 0.0775, 0.0508, 0.0585], [0.6172, 0.0715, 0.0231, 0.0653, 0.0816, 0.0753, 0.066], [0.6623, 0.0344, 0.0666, 0.0789, 0.0403, 0.0976, 0.02], [0.7047, 0.0437, 0.0297, 0.074, 0.0531, 0.0504, 0.0444], [0.6593, 0.0516, 0.0839, 0.0479, 0.0487, 0.0164, 0.0923], [0.6602, 0.0713, 0.0673, 0.0209, 0.047, 0.0556, 0.0777], [0.7124, 0.0622, 0.0451, 0.0372, 0.0615, 0.0604, 0.0213], [0.698, 0.0688, 0.0188, 0.0518, 0.0658, 0.0296, 0.0672], [0.752, 0.0487, 0.0214, 0.0221, 0.0233, 0.0781, 0.0544], [0.6307, 0.0861, 0.0901, 0.0616, 0.0708, 0.0314, 0.0293], [0.7507, 0.0228, 0.0435, 0.0493, 0.0348, 0.0744, 0.0246], [0.6765, 0.0758, 0.0832, 0.0262, 0.0301, 0.08, 0.0283], [0.6753, 0.0525, 0.0381, 0.0599, 0.0422, 0.0894, 0.0424], [0.654, 0.0382, 0.0534, 0.0817, 0.0717, 0.046, 0.055], [0.702, 0.0409, 0.0554, 0.0413, 0.0438, 0.037, 0.0796], [0.7813, 0.0154, 0.0214, 0.0607, 0.0281, 0.0254, 0.0677], [0.7392, 0.0305, 0.0516, 0.0259, 0.0663, 0.0219, 0.0646], [0.7496, 0.025, 0.0194, 0.0315, 0.081, 0.0186, 0.0749], [0.6719, 0.089, 0.0748, 0.0873, 0.0246, 0.0192, 0.0332], [0.6799, 0.0697, 0.0552, 0.0833, 0.0171, 0.0331, 0.0616], [0.7175, 0.0289, 0.0617, 0.0419, 0.0507, 0.0326, 0.0665], [0.7275, 0.0468, 0.0463, 0.0285, 0.0722, 0.035, 0.0438], [0.6769, 0.0595, 0.044, 0.0923, 0.0605, 0.0166, 0.0502], [0.6594, 0.0716, 0.0665, 0.0188, 0.0657, 0.0594, 0.0586], [0.5991, 0.0759, 0.0304, 0.0801, 0.0797, 0.0772, 0.0576], [0.7246, 0.0464, 0.0282, 0.0612, 0.082, 0.042, 0.0156], [0.7339, 0.0463, 0.0363, 0.0227, 0.0418, 0.0872, 0.0317], [0.7271, 0.0374, 0.0689, 0.042, 0.0347, 0.0731, 0.0167], [0.7557, 0.0491, 0.059, 0.0171, 0.0185, 0.0236, 0.077], [0.808, 0.0174, 0.044, 0.0163, 0.0629, 0.0122, 0.0392], [0.7012, 0.0472, 0.0268, 0.0578, 0.0574, 0.043, 0.0666], [0.7012, 0.02, 0.0465, 0.0574, 0.0277, 0.0442, 0.103], [0.7603, 0.0597, 0.0181, 0.0332, 0.0384, 0.0731, 0.0171], [0.737, 0.0118, 0.0464, 0.0418, 0.0597, 0.0376, 0.0656]], "emotions": ["red", "red", "red", "red", "red", "red", "red", "red", "red", "red", "red", "red", "red", "red", "red", "red", "red", "red", "red", "red", "red", "red", "red", "red", "red", "red", "red", "red", "red", "red", "red", "red", "red", "red", "red", "red", "red", "red", "red", "red", "red", "red", "red", "red", "red", "red", "red", "red", "red", "red", "red", "red", "red", "red", "red", "red", "red", "red", "red", "red", "red", "red", "red", "red", "red", "red", "red", "red", "red", "red", "red", "red", "red", "red", "red", "red", "red", "red", "red", "red"], "timestamps": [0, 40, 80, 120, 160, 200, 240, 280, 320, 360, 400, 440, 480, 520, 560, 600, 640, 680, 720, 760, 800, 840, 880, 920, 960, 1000, 1040, 1080, 1120, 1160, 1200, 1240, 1280, 1320, 1360, 1400, 1440, 1480, 1520, 1560, 1600, 1640, 1680, 1720, 1760, 1800, 1840, 1880, 1920, 1960, 2000, 2040, 2080, 2120, 2160, 2200, 2240, 2280, 2320, 2360, 2400, 2440, 2480, 2520, 2560, 2600, 2640, 2680, 2720, 2760, 2800, 2840, 2880, 2920, 2960, 3000, 3040, 3080, 3120, 3160]}], "conversation": [], "conversation_timestamps": []}