{"agent_id": "agent-purple-1894", "type": "purple", "trips": [{"trip_id": 0, "transport_method": "car", "start_time": 0, "path": [[1.5370604, 42.5107434], [1.5371207, 42.510742], [1.537181, 42.5107406], [1.5372413, 42.5107392], [1.5373017, 42.5107378], [1.537362, 42.5107365], [1.5374223, 42.5107351], [1.5374827, 42.5107337], [1.537543, 42.5107323], [1.5376033, 42.5107309], [1.5376636, 42.5107295], [1.5377238, 42.5107321], [1.5377837, 42.5107392], [1.5378425, 42.5107517], [1.5378889, 42.5107356], [1.5379315, 42.5106928], [1.5379743, 42.5106505], [1.5380327, 42.5106354], [1.5380911, 42.5106203], [1.5381496, 42.5106053], [1.538208, 42.5105902], [1.5382664, 42.5105751], [1.5383248, 42.51056], [1.5383833, 42.510545], [1.5384417, 42.5105299], [1.5385001, 42.5105148], [1.5385586, 42.5104997], [1.538617, 42.5104847], [1.5386738, 42.5104645], [1.5387301, 42.5104428], [1.5387878, 42.5104254], [1.5388439, 42.5104035], [1.5388986, 42.5103781], [1.5389533, 42.5103527], [1.539008, 42.5103273], [1.5390628, 42.5103018], [1.5391156, 42.5102732], [1.5391641, 42.5102373], [1.5392127, 42.5102015], [1.5392612, 42.5101657], [1.5393098, 42.5101298], [1.5393654, 42.5101133], [1.5394245, 42.5101022], [1.5394823, 42.5100851], [1.5395393, 42.5100653], [1.5395948, 42.5100416], [1.5396502, 42.5100179], [1.5397052, 42.509993], [1.5397596, 42.5099668], [1.539814, 42.5099407], [1.5398683, 42.5099145], [1.5399222, 42.5098874], [1.5399733, 42.5098555], [1.540021, 42.5098188], [1.5400595, 42.5097724], [1.5401043, 42.5097319], [1.540149, 42.5096915], [1.5401938, 42.509651], [1.5402493, 42.5096283], [1.5403059, 42.5096074], [1.5403625, 42.5095865], [1.5404191, 42.5095656], [1.5404758, 42.5095448], [1.5405324, 42.5095239], [1.540589, 42.509503], [1.5406456, 42.5094821], [1.5406949, 42.5094544], [1.5407123, 42.5093966], [1.5407297, 42.5093388], [1.5407471, 42.509281], [1.5407645, 42.5092233], [1.5407789, 42.5091647], [1.5407922, 42.5091058], [1.5408055, 42.509047], [1.5408188, 42.5089881], [1.5408321, 42.5089293], [1.5408454, 42.5088704], [1.5408587, 42.5088115], [1.5408706, 42.5087524], [1.5408815, 42.508693]], "mood_vectors": [[0.0438, 0.0371, 0.0166, 0.0275, 0.0823, 0.7224, 0.0702], [0.0301, 0.0654, 0.0948, 0.0429, 0.0405, 0.6914, 0.0348], [0.0222, 0.0321, 0.039, 0.056, 0.0658, 0.7645, 0.0204], [0.0685, 0.0599, 0.0654, 0.0422, 0.039, 0.6618, 0.0632], [0.0533, 0.0327, 0.0122, 0.0695, 0.0167, 0.7565, 0.0592], [0.0652, 0.0551, 0.0542, 0.0418, 0.0176, 0.7406, 0.0256], [0.0335, 0.028, 0.042, 0.0372, 0.0483, 0.764, 0.0471], [0.0767, 0.0146, 0.019, 0.0676, 0.0328, 0.7777, 0.0116], [0.0693, 0.0337, 0.0305, 0.0285, 0.0394, 0.7297, 0.0689], [0.0224, 0.0665, 0.0678, 0.0409, 0.0383, 0.6909, 0.0732], [0.0344, 0.0141, 0.0591, 0.0418, 0.054, 0.7784, 0.0181], [0.0571, 0.0863, 0.0638, 0.06, 0.0507, 0.601, 0.0811], [0.0702, 0.0407, 0.0854, 0.0294, 0.0505, 0.6963, 0.0275], [0.0625, 0.0551, 0.0544, 0.0361, 0.0832, 0.6569, 0.0518], [0.0125, 0.0608, 0.0708, 0.0524, 0.037, 0.7229, 0.0436], [0.0154, 0.0439, 0.087, 0.0617, 0.026, 0.6783, 0.0877], [0.0127, 0.0216, 0.0673, 0.0453, 0.0165, 0.7925, 0.0441], [0.0223, 0.0362, 0.0369, 0.071, 0.0578, 0.7066, 0.0691], [0.0771, 0.0286, 0.0397, 0.0366, 0.0285, 0.7437, 0.0457], [0.0729, 0.0504, 0.0394, 0.0571, 0.0371, 0.7038, 0.0393], [0.034, 0.0441, 0.0404, 0.0297, 0.0828, 0.695, 0.074], [0.0759, 0.0519, 0.0146, 0.0523, 0.0465, 0.713, 0.0457], [0.0575, 0.067, 0.0155, 0.0507, 0.0551, 0.6939, 0.0603], [0.0688, 0.0334, 0.0248, 0.0293, 0.0536, 0.7378, 0.0521], [0.0482, 0.0494, 0.0513, 0.0204, 0.0746, 0.7132, 0.0429], [0.0555, 0.0346, 0.0235, 0.0553, 0.0668, 0.7012, 0.0631], [0.0174, 0.0457, 0.0178, 0.0342, 0.0687, 0.7943, 0.022], [0.0171, 0.0606, 0.0508, 0.0456, 0.061, 0.6833, 0.0817], [0.0547, 0.0379, 0.0282, 0.0298, 0.0253, 0.7521, 0.072], [0.0798, 0.037, 0.0421, 0.0761, 0.0731, 0.6255, 0.0664], [0.0685, 0.065, 0.0441, 0.0721, 0.0509, 0.6618, 0.0376], [0.0497, 0.032, 0.0185, 0.0892, 0.0686, 0.6827, 0.0592], [0.0324, 0.018, 0.076, 0.0357, 0.0506, 0.7697, 0.0176], [0.022, 0.0386, 0.0566, 0.0312, 0.0806, 0.7287, 0.0424], [0.0619, 0.0123, 0.0696, 0.0458, 0.0367, 0.7325, 0.0412], [0.0561, 0.0493, 0.0169, 0.0224, 0.0469, 0.7328, 0.0755], [0.0639, 0.0217, 0.0544, 0.067, 0.0487, 0.6811, 0.0631], [0.062, 0.0743, 0.066, 0.066, 0.0742, 0.5994, 0.058], [0.0424, 0.0622, 0.0138, 0.0435, 0.0649, 0.7172, 0.0561], [0.0625, 0.0732, 0.0262, 0.0553, 0.0611, 0.6307, 0.091], [0.0373, 0.071, 0.0699, 0.0178, 0.0726, 0.6956, 0.0359], [0.0461, 0.0852, 0.0393, 0.0624, 0.0715, 0.6541, 0.0413], [0.0243, 0.081, 0.0702, 0.0489, 0.024, 0.6914, 0.0601], [0.0616, 0.0266, 0.0316, 0.0915, 0.0182, 0.6978, 0.0726], [0.0866, 0.084, 0.0628, 0.0673, 0.0441, 0.6274, 0.0278], [0.0885, 0.0537, 0.0143, 0.0799, 0.0428, 0.6535, 0.0673], [0.0844, 0.0478, 0.0921, 0.0162, 0.025, 0.69, 0.0445], [0.0636, 0.0248, 0.0445, 0.0407, 0.0326, 0.7108, 0.0832], [0.0457, 0.0477, 0.0502, 0.0403, 0.0157, 0.725, 0.0753], [0.0497, 0.0212, 0.0566, 0.0487, 0.0696, 0.6898, 0.0643], [0.0437, 0.0548, 0.0281, 0.024, 0.0368, 0.7508, 0.0618], [0.0833, 0.0474, 0.0422, 0.0179, 0.0619, 0.716, 0.0312], [0.0795, 0.0775, 0.0292, 0.0398, 0.0746, 0.6622, 0.0371], [0.0473, 0.0327, 0.0567, 0.0469, 0.0409, 0.7247, 0.0508], [0.0646, 0.0331, 0.0699, 0.0237, 0.0375, 0.7118, 0.0594], [0.0149, 0.0255, 0.0516, 0.0807, 0.0264, 0.7831, 0.0177], [0.0467, 0.0612, 0.0154, 0.0568, 0.0541, 0.7507, 0.0152], [0.0376, 0.043, 0.0681, 0.0394, 0.0736, 0.6937, 0.0445], [0.0728, 0.065, 0.0217, 0.0787, 0.0147, 0.7045, 0.0426], [0.0567, 0.0453, 0.0346, 0.0722, 0.0606, 0.6457, 0.0848], [0.034, 0.0853, 0.0812, 0.0673, 0.0765, 0.5746, 0.0811], [0.0601, 0.0537, 0.0646, 0.0127, 0.0728, 0.6802, 0.0559], [0.099, 0.0317, 0.0375, 0.0372, 0.0316, 0.718, 0.045], [0.0458, 0.0203, 0.0284, 0.059, 0.0165, 0.8072, 0.0228], [0.0439, 0.021, 0.0476, 0.052, 0.0371, 0.7686, 0.0298], [0.0703, 0.0432, 0.0363, 0.0213, 0.0339, 0.7538, 0.0412], [0.0682, 0.058, 0.0237, 0.0781, 0.0313, 0.6983, 0.0424], [0.0491, 0.0324, 0.0562, 0.0379, 0.0259, 0.7626, 0.0358], [0.0171, 0.082, 0.0583, 0.0579, 0.0622, 0.6817, 0.0407], [0.0583, 0.043, 0.0699, 0.067, 0.0866, 0.6581, 0.017], [0.0529, 0.0213, 0.0679, 0.0764, 0.0749, 0.6868, 0.0199], [0.0587, 0.0269, 0.0198, 0.0588, 0.0454, 0.7774, 0.0131], [0.0189, 0.0796, 0.039, 0.0584, 0.0543, 0.7325, 0.0173], [0.0219, 0.0625, 0.0226, 0.0487, 0.0882, 0.6835, 0.0726], [0.0226, 0.0843, 0.0536, 0.0253, 0.0176, 0.7635, 0.033], [0.0474, 0.09, 0.0172, 0.058, 0.0613, 0.709, 0.0172], [0.0329, 0.0402, 0.0784, 0.0313, 0.0734, 0.7122, 0.0316], [0.0926, 0.0394, 0.0767, 0.076, 0.0815, 0.5775, 0.0564], [0.0359, 0.0888, 0.0945, 0.0667, 0.02, 0.6474, 0.0468], [0.0768, 0.0354, 0.0507, 0.0587, 0.0525, 0.6887, 0.0371]], "emotions": ["purple", "purple", "purple", "purple", "purple", "purple", "purple", "purple", "purple", "purple", "purple", "purple", "purple", "purple", "purple", "purple", "purple", "purple", "purple", "purple", "purple", "purple", "purple", "purple", "purple", "purple", "purple", "purple", "purple", "purple", "purple", "purple", "purple", "purple", "purple", "purple", "purple", "purple", "purple", "purple", "purple", "purple", "purple", "purple", "purple", "purple", "purple", "purple", "purple", "purple", "purple", "purple", "purple", "purple", "purple", "purple", "purple", "purple", "purple", "purple", "purple", "purple", "purple", "purple", "purple", "purple", "purple", "purple", "purple", "purple", "purple", "purple", "purple", "purple", "purple", "purple", "purple", "purple", "purple", "purple"], "timestamps": [0, 40, 80, 120, 160, 200, 240, 280, 320, 360, 400, 440, 480, 520, 560, 600, 640, 680, 720, 760, 800, 840, 880, 920, 960, 1000, 1040, 1080, 1120, 1160, 1200, 1240, 1280, 1320, 1360, 1400, 1440, 1480, 1520, 1560, 1600, 1640, 1680, 1720, 1760, 1800, 1840, 1880, 1920, 1960, 2000, 2040, 2080, 2120, 2160, 2200, 2240, 2280, 2320, 2360, 2400, 2440, 2480, 2520, 2560, 2600, 2640, 2680, 2720, 2760, 2800, 2840, 2880, 2920, 2960, 3000, 3040, 3080, 3120, 3160]}], "conversation": [], "conversation_timestamps": []}