{"agent_id": "agent-green-572", "type": "green", "trips": [{"trip_id": 0, "transport_method": "foot", "start_time": 0, "path": [[1.536014, 42.5104032], [1.536046, 42.5103499], [1.536078, 42.5102967], [1.5361099, 42.5102434], [1.5361419, 42.5101901], [1.5361875, 42.5101552], [1.5362477, 42.5101395], [1.5363078, 42.5101238], [1.5363663, 42.5101042], [1.5364137, 42.5100689], [1.5364755, 42.5100622], [1.5365372, 42.5100555], [1.536599, 42.5100488], [1.5366538, 42.5100618], [1.5366979, 42.5101056], [1.5367419, 42.5101494], [1.5367859, 42.5101932], [1.5368299, 42.5102371], [1.536874, 42.5102809], [1.536918, 42.5103247], [1.536962, 42.5103685], [1.5369726, 42.510429], [1.5369811, 42.5104905], [1.5369996, 42.5105498], [1.5370182, 42.510609], [1.5370368, 42.5106683], [1.5370554, 42.5107276], [1.5371059, 42.5107424], [1.537168, 42.5107409], [1.5372301, 42.5107395], [1.5372922, 42.5107381], [1.5373543, 42.5107366], [1.5374164, 42.5107352], [1.5374785, 42.5107338], [1.5375406, 42.5107324], [1.5376027, 42.5107309], [1.5376648, 42.5107295], [1.5377268, 42.5107323], [1.5377884, 42.51074], [1.5378482, 42.5107548], [1.5378948, 42.5107297], [1.5379385, 42.5106857], [1.5379804, 42.5106615], [1.5380149, 42.5107131], [1.5380494, 42.5107648], [1.5380839, 42.5108164], [1.5381185, 42.510868], [1.538153, 42.5109197], [1.5381875, 42.5109713], [1.5382296, 42.5110166], [1.5382744, 42.5110596], [1.5383193, 42.5111026], [1.5383641, 42.5111456], [1.5384089, 42.5111886], [1.5384538, 42.5112316], [1.5385043, 42.5112585], [1.5385662, 42.5112533], [1.5386281, 42.5112481], [1.53869, 42.511243], [1.5387519, 42.5112378], [1.5388138, 42.5112326], [1.5388757, 42.5112275], [1.5389376, 42.5112223], [1.5389995, 42.5112171], [1.5390614, 42.5112119], [1.5391233, 42.5112068], [1.5391852, 42.5112016], [1.5392434, 42.5112049], [1.539281, 42.5112543], [1.5393187, 42.5113037], [1.5393563, 42.5113531], [1.539394, 42.5114025], [1.5394316, 42.5114519], [1.5394693, 42.5115013], [1.539507, 42.5115507], [1.5395094, 42.5115168], [1.5395002, 42.5114554], [1.5394909, 42.511394], [1.5394817, 42.5113325], [1.5394725, 42.5112711]], "mood_vectors": [[0.0636, 0.0346, 0.0283, 0.052, 0.0854, 0.0868, 0.6493], [0.0853, 0.0168, 0.0327, 0.0257, 0.0829, 0.0326, 0.724], [0.0753, 0.0738, 0.0207, 0.028, 0.0333, 0.0447, 0.7242], [0.0207, 0.0443, 0.0199, 0.0396, 0.0421, 0.0236, 0.8097], [0.0762, 0.0152, 0.0289, 0.053, 0.0704, 0.0689, 0.6873], [0.058, 0.0578, 0.0154, 0.0756, 0.0175, 0.0307, 0.745], [0.0411, 0.0442, 0.0627, 0.0847, 0.0355, 0.0885, 0.6432], [0.0383, 0.0151, 0.0513, 0.0896, 0.0806, 0.031, 0.6941], [0.0343, 0.0525, 0.0503, 0.0434, 0.0508, 0.0624, 0.7062], [0.0651, 0.0471, 0.0661, 0.0783, 0.0774, 0.07, 0.5959], [0.0948, 0.0897, 0.0218, 0.0294, 0.0629, 0.0408, 0.6605], [0.0277, 0.0217, 0.056, 0.0213, 0.067, 0.0424, 0.764], [0.0531, 0.036, 0.0432, 0.0586, 0.0617, 0.0682, 0.6792], [0.0404, 0.0271, 0.0713, 0.062, 0.0583, 0.0437, 0.6971], [0.0509, 0.0429, 0.0477, 0.0742, 0.055, 0.0238, 0.7055], [0.0271, 0.0307, 0.0536, 0.0364, 0.0834, 0.0832, 0.6855], [0.0828, 0.0648, 0.0428, 0.0161, 0.0715, 0.0779, 0.6441], [0.0185, 0.0531, 0.0293, 0.0321, 0.0504, 0.0593, 0.7574], [0.021, 0.0363, 0.0382, 0.0705, 0.0505, 0.0851, 0.6985], [0.0518, 0.0282, 0.0295, 0.0491, 0.0341, 0.0201, 0.7873], [0.0569, 0.0472, 0.0218, 0.0798, 0.0703, 0.0373, 0.6867], [0.0873, 0.0567, 0.0297, 0.0462, 0.0334, 0.0309, 0.7158], [0.0447, 0.0517, 0.0389, 0.0448, 0.0437, 0.069, 0.7072], [0.0822, 0.0349, 0.0645, 0.0518, 0.0134, 0.0125, 0.7407], [0.0326, 0.0631, 0.0696, 0.0514, 0.0571, 0.0293, 0.697], [0.0561, 0.0709, 0.0489, 0.0556, 0.0641, 0.0244, 0.68], [0.0578, 0.0217, 0.0235, 0.0346, 0.0607, 0.0184, 0.7833], [0.0677, 0.0305, 0.0876, 0.0498, 0.065, 0.0836, 0.6158], [0.0246, 0.0426, 0.0702, 0.0165, 0.0449, 0.0748, 0.7263], [0.0427, 0.0566, 0.0585, 0.0503, 0.0382, 0.0264, 0.7274], [0.041, 0.0496, 0.0769, 0.0442, 0.0223, 0.0354, 0.7306], [0.0286, 0.0489, 0.0129, 0.0535, 0.0665, 0.0629, 0.7266], [0.0418, 0.0453, 0.0613, 0.043, 0.0647, 0.0808, 0.6631], [0.0505, 0.0837, 0.0305, 0.0637, 0.0173, 0.0468, 0.7076], [0.0542, 0.0808, 0.0201, 0.019, 0.0183, 0.0676, 0.74], [0.0544, 0.026, 0.071, 0.0367, 0.0554, 0.0128, 0.7437], [0.0476, 0.0421, 0.0264, 0.0384, 0.0183, 0.053, 0.7743], [0.0709, 0.0137, 0.0261, 0.0667, 0.071, 0.0674, 0.6841], [0.0451, 0.0474, 0.0471, 0.0488, 0.0443, 0.0286, 0.7386], [0.0619, 0.0789, 0.0336, 0.0608, 0.0613, 0.0212, 0.6825], [0.0615, 0.0617, 0.0651, 0.0567, 0.0253, 0.0417, 0.6881], [0.0514, 0.0702, 0.036, 0.0154, 0.0606, 0.0144, 0.7519], [0.0366, 0.0792, 0.032, 0.0613, 0.0164, 0.0222, 0.7523], [0.057, 0.0508, 0.0176, 0.0768, 0.0465, 0.0284, 0.7229], [0.0526, 0.0126, 0.0553, 0.0676, 0.0208, 0.0463, 0.7448], [0.0291, 0.0521, 0.0293, 0.0681, 0.074, 0.022, 0.7254], [0.0423, 0.0276, 0.0742, 0.0687, 0.0654, 0.0191, 0.7027], [0.0283, 0.0456, 0.0482, 0.0466, 0.0743, 0.0363, 0.7208], [0.0525, 0.0344, 0.0398, 0.0674, 0.0727, 0.0776, 0.6556], [0.0282, 0.0649, 0.0702, 0.0694, 0.0348, 0.0649, 0.6676], [0.0243, 0.0992, 0.0825, 0.062, 0.019, 0.0629, 0.65], [0.0764, 0.035, 0.0272, 0.0656, 0.0736, 0.0658, 0.6564], [0.0252, 0.0834, 0.0327, 0.0275, 0.0758, 0.0212, 0.7342], [0.0726, 0.0412, 0.0474, 0.0784, 0.0429, 0.0729, 0.6447], [0.0784, 0.0579, 0.0652, 0.0196, 0.0451, 0.0566, 0.6773], [0.0589, 0.0624, 0.0386, 0.0615, 0.0508, 0.0669, 0.661], [0.0335, 0.0271, 0.031, 0.0304, 0.0189, 0.0376, 0.8216], [0.029, 0.0544, 0.0328, 0.0552, 0.081, 0.0255, 0.722], [0.0561, 0.0722, 0.023, 0.0434, 0.0428, 0.0685, 0.6941], [0.0488, 0.0172, 0.0574, 0.0543, 0.0551, 0.0447, 0.7225], [0.0843, 0.0691, 0.079, 0.0286, 0.0379, 0.0446, 0.6564], [0.0672, 0.0448, 0.0209, 0.0156, 0.0572, 0.0613, 0.7329], [0.0665, 0.063, 0.0277, 0.0331, 0.0888, 0.0929, 0.6281], [0.0487, 0.0234, 0.036, 0.025, 0.025, 0.0565, 0.7855], [0.0483, 0.0271, 0.0188, 0.0226, 0.0626, 0.0777, 0.7429], [0.0651, 0.0292, 0.0146, 0.0189, 0.0586, 0.0207, 0.793], [0.0705, 0.0554, 0.0887, 0.0316, 0.0192, 0.0683, 0.6663], [0.0863, 0.0146, 0.0548, 0.0624, 0.0952, 0.0308, 0.6558], [0.0625, 0.0465, 0.0596, 0.0395, 0.0595, 0.0662, 0.6662], [0.088, 0.0817, 0.049, 0.0285, 0.0431, 0.0716, 0.6381], [0.0554, 0.0849, 0.0589, 0.0591, 0.0227, 0.0394, 0.6796], [0.0193, 0.0476, 0.0727, 0.0715, 0.0913, 0.0812, 0.6164], [0.0686, 0.0688, 0.0689, 0.018, 0.0467, 0.0254, 0.7035], [0.0703, 0.0639, 0.0134, 0.0736, 0.0545, 0.0571, 0.6673], [0.0737, 0.0251, 0.0395, 0.014, 0.0593, 0.0629, 0.7256], [0.0671, 0.0615, 0.0564, 0.0409, 0.075, 0.0843, 0.6149], [0.0507, 0.0686, 0.0373, 0.0164, 0.0731, 0.0794, 0.6746], [0.0801, 0.056, 0.0452, 0.0597, 0.0512, 0.0168, 0.6909], [0.0281, 0.0667, 0.0482, 0.065, 0.0605, 0.0831, 0.6483], [0.0427, 0.0341, 0.0112, 0.0471, 0.0279, 0.0747, 0.7623]], "emotions": ["purple", "purple", "purple", "purple", "purple", "purple", "purple", "purple", "purple", "purple", "purple", "purple", "purple", "purple", "purple", "purple", "purple", "purple", "purple", "purple", "purple", "purple", "purple", "purple", "purple", "purple", "purple", "purple", "purple", "purple", "purple", "purple", "purple", "purple", "purple", "purple", "purple", "purple", "purple", "purple", "purple", "purple", "purple", "purple", "purple", "purple", "purple", "purple", "purple", "purple", "purple", "purple", "purple", "purple", "purple", "purple", "purple", "purple", "purple", "purple", "purple", "purple", "purple", "purple", "purple", "purple", "purple", "purple", "purple", "purple", "purple", "purple", "purple", "purple", "purple", "purple", "purple", "purple", "purple", "purple"], "timestamps": [0, 40, 80, 120, 160, 200, 240, 280, 320, 360, 400, 440, 480, 520, 560, 600, 640, 680, 720, 760, 800, 840, 880, 920, 960, 1000, 1040, 1080, 1120, 1160, 1200, 1240, 1280, 1320, 1360, 1400, 1440, 1480, 1520, 1560, 1600, 1640, 1680, 1720, 1760, 1800, 1840, 1880, 1920, 1960, 2000, 2040, 2080, 2120, 2160, 2200, 2240, 2280, 2320, 2360, 2400, 2440, 2480, 2520, 2560, 2600, 2640, 2680, 2720, 2760, 2800, 2840, 2880, 2920, 2960, 3000, 3040, 3080, 3120, 3160]}], "conversation": [], "conversation_timestamps": []}