{"agent_id": "agent-blue-1115", "type": "blue", "trips": [{"trip_id": 0, "transport_method": "car", "start_time": 0, "path": [[1.5227948, 42.5067252], [1.5227799, 42.5066685], [1.5226707, 42.5066983], [1.5225615, 42.5067281], [1.5224522, 42.5067578], [1.522343, 42.5067876], [1.522233, 42.5067767], [1.5221226, 42.5067516], [1.5220122, 42.5067265], [1.5219018, 42.5067015], [1.5217915, 42.5066764], [1.5216811, 42.5066513], [1.5216485, 42.5066777], [1.5217509, 42.5067237], [1.5218565, 42.5067643], [1.5219622, 42.5068049], [1.5220678, 42.5068455], [1.522175, 42.506839], [1.522283, 42.5068052], [1.5222569, 42.5067399], [1.5221752, 42.5066615], [1.5220936, 42.5065831], [1.5220119, 42.5065048], [1.5219302, 42.5064264], [1.5218485, 42.506348], [1.5217669, 42.5062697], [1.5218293, 42.5062758], [1.5219376, 42.5063087], [1.5220459, 42.5063417], [1.5221542, 42.5063747], [1.5222624, 42.5064076], [1.5223707, 42.5064406], [1.522479, 42.5064736], [1.5225873, 42.5065066], [1.5226956, 42.5065395], [1.5228041, 42.5065715], [1.5229156, 42.5065911], [1.523027, 42.5066108], [1.5231385, 42.5066305], [1.52325, 42.5066502], [1.5233614, 42.5066699], [1.523471, 42.5066984], [1.5235805, 42.5067271], [1.5236899, 42.5067558], [1.5237994, 42.5067845], [1.5239089, 42.5068132], [1.5240184, 42.5068419], [1.5241279, 42.5068706], [1.5242374, 42.5068993], [1.5243501, 42.5068904], [1.5244628, 42.5068804], [1.5245755, 42.5068703], [1.5246883, 42.5068603], [1.5247948, 42.5068845], [1.5248966, 42.5069339], [1.5249984, 42.5069833], [1.5251003, 42.5070327], [1.5252075, 42.5070444], [1.525319, 42.5070254], [1.5252808, 42.5070319], [1.5251692, 42.507051], [1.5252355, 42.5070536], [1.5253487, 42.507052], [1.5254619, 42.5070504], [1.5255751, 42.5070487], [1.5256883, 42.5070471], [1.5258014, 42.5070455], [1.5259146, 42.5070438], [1.5260278, 42.5070422], [1.526141, 42.5070406], [1.5262542, 42.5070389], [1.5263673, 42.5070373], [1.5264805, 42.5070357], [1.5265937, 42.507034], [1.5267069, 42.5070324], [1.5268201, 42.5070308], [1.5269332, 42.5070291], [1.5270464, 42.5070275], [1.5271596, 42.5070259], [1.5272728, 42.5070243]], "mood_vectors": [[0.0483, 0.0372, 0.1005, 0.6881, 0.0753, 0.0236, 0.0271], [0.0876, 0.0181, 0.0473, 0.6642, 0.044, 0.0733, 0.0655], [0.0607, 0.0219, 0.0591, 0.6759, 0.0692, 0.0778, 0.0354], [0.0489, 0.0299, 0.0247, 0.7759, 0.0732, 0.0199, 0.0274], [0.054, 0.0595, 0.0153, 0.7322, 0.0358, 0.0621, 0.0411], [0.0714, 0.0641, 0.0291, 0.6915, 0.0525, 0.0355, 0.0558], [0.0118, 0.0367, 0.0264, 0.76, 0.0602, 0.0492, 0.0557], [0.0672, 0.0728, 0.0216, 0.7062, 0.0424, 0.0581, 0.0317], [0.0591, 0.0396, 0.0169, 0.6954, 0.0534, 0.0879, 0.0478], [0.0373, 0.0691, 0.0629, 0.6866, 0.0804, 0.0459, 0.0177], [0.0131, 0.0334, 0.0285, 0.7122, 0.0432, 0.081, 0.0887], [0.0546, 0.0514, 0.0836, 0.5969, 0.0781, 0.0549, 0.0806], [0.0635, 0.0329, 0.0737, 0.6521, 0.0438, 0.0727, 0.0614], [0.0676, 0.0692, 0.0511, 0.677, 0.0319, 0.0684, 0.0348], [0.0169, 0.0297, 0.0646, 0.6686, 0.0702, 0.0618, 0.0881], [0.0378, 0.0221, 0.0688, 0.7094, 0.0462, 0.0686, 0.047], [0.0722, 0.0196, 0.0794, 0.6574, 0.0896, 0.0137, 0.0681], [0.0489, 0.0767, 0.021, 0.6459, 0.061, 0.0685, 0.0779], [0.0991, 0.0276, 0.0462, 0.7311, 0.0217, 0.052, 0.0223], [0.069, 0.0325, 0.0137, 0.8163, 0.0227, 0.0271, 0.0186], [0.0407, 0.0394, 0.0656, 0.7356, 0.041, 0.0442, 0.0336], [0.0736, 0.0578, 0.081, 0.6116, 0.0782, 0.0279, 0.0699], [0.0357, 0.0431, 0.0186, 0.7363, 0.0567, 0.0573, 0.0523], [0.0445, 0.0154, 0.0425, 0.7455, 0.0324, 0.0325, 0.0871], [0.0592, 0.0134, 0.0655, 0.7045, 0.019, 0.0692, 0.0692], [0.0743, 0.0479, 0.0791, 0.6656, 0.0848, 0.0315, 0.0168], [0.0243, 0.0711, 0.0771, 0.5989, 0.0641, 0.0879, 0.0766], [0.0781, 0.0749, 0.0272, 0.6538, 0.0585, 0.0723, 0.0353], [0.0696, 0.0397, 0.0384, 0.6903, 0.0741, 0.063, 0.0249], [0.0516, 0.0804, 0.0436, 0.6807, 0.0376, 0.0323, 0.0739], [0.0713, 0.0471, 0.0622, 0.6818, 0.0622, 0.0381, 0.0373], [0.0297, 0.0476, 0.0812, 0.6455, 0.0903, 0.0549, 0.0507], [0.0246, 0.0887, 0.0408, 0.7365, 0.0174, 0.0189, 0.0731], [0.088, 0.0162, 0.0544, 0.688, 0.0425, 0.0637, 0.0473], [0.0909, 0.049, 0.0528, 0.6473, 0.0728, 0.0694, 0.0178], [0.0892, 0.0377, 0.0698, 0.6577, 0.0566, 0.0261, 0.0627], [0.0282, 0.0566, 0.0348, 0.6825, 0.0553, 0.0341, 0.1085], [0.0397, 0.049, 0.0379, 0.7935, 0.0316, 0.0184, 0.0299], [0.0778, 0.0175, 0.0716, 0.6626, 0.0823, 0.0413, 0.0469], [0.0548, 0.0412, 0.0848, 0.6116, 0.0884, 0.0715, 0.0478], [0.0556, 0.0262, 0.0368, 0.6532, 0.0883, 0.0611, 0.0789], [0.0758, 0.0236, 0.039, 0.7288, 0.0596, 0.0286, 0.0446], [0.0607, 0.0227, 0.0758, 0.6815, 0.0649, 0.0405, 0.0537], [0.038, 0.0335, 0.0242, 0.7549, 0.0915, 0.0421, 0.0158], [0.0391, 0.0726, 0.0817, 0.7003, 0.0737, 0.0165, 0.016], [0.0735, 0.0405, 0.0369, 0.7182, 0.0365, 0.0132, 0.0811], [0.0552, 0.0335, 0.0605, 0.7035, 0.0521, 0.0517, 0.0434], [0.0644, 0.0809, 0.032, 0.7406, 0.022, 0.0173, 0.0429], [0.0662, 0.077, 0.0509, 0.6504, 0.0604, 0.0799, 0.0152], [0.0501, 0.0302, 0.0419, 0.7108, 0.0383, 0.0431, 0.0856], [0.0267, 0.08, 0.0638, 0.6901, 0.0158, 0.0308, 0.0927], [0.0572, 0.0243, 0.0503, 0.7669, 0.0353, 0.0352, 0.0308], [0.0396, 0.0731, 0.0425, 0.7103, 0.0586, 0.0512, 0.0248], [0.0227, 0.0808, 0.0753, 0.6383, 0.0193, 0.0836, 0.0799], [0.0705, 0.0382, 0.0314, 0.7123, 0.0229, 0.0541, 0.0707], [0.0189, 0.02, 0.0364, 0.7524, 0.0597, 0.0423, 0.0704], [0.0725, 0.0706, 0.043, 0.6511, 0.0465, 0.0889, 0.0275], [0.0353, 0.0626, 0.0514, 0.642, 0.0791, 0.061, 0.0687], [0.0633, 0.0608, 0.0734, 0.6645, 0.0275, 0.0291, 0.0814], [0.0703, 0.0142, 0.0663, 0.7094, 0.057, 0.0207, 0.0621], [0.0433, 0.0629, 0.0164, 0.6866, 0.0534, 0.0661, 0.0714], [0.0508, 0.0586, 0.0212, 0.7081, 0.052, 0.0683, 0.0409], [0.0388, 0.0253, 0.0287, 0.7067, 0.0748, 0.0861, 0.0397], [0.0359, 0.0706, 0.0376, 0.6661, 0.0385, 0.0792, 0.0721], [0.0505, 0.0237, 0.0303, 0.7027, 0.0638, 0.0712, 0.0578], [0.0469, 0.0718, 0.051, 0.6631, 0.0588, 0.0608, 0.0475], [0.0787, 0.0265, 0.0294, 0.7375, 0.0597, 0.0237, 0.0445], [0.0475, 0.0581, 0.0488, 0.6972, 0.073, 0.0249, 0.0505], [0.0243, 0.0779, 0.0792, 0.6054, 0.0813, 0.0635, 0.0684], [0.055, 0.0371, 0.0187, 0.7553, 0.044, 0.0536, 0.0363], [0.0589, 0.0184, 0.0225, 0.6904, 0.0676, 0.0583, 0.084], [0.0569, 0.081, 0.0254, 0.6601, 0.0933, 0.0632, 0.0202], [0.0524, 0.0611, 0.0656, 0.7001, 0.0568, 0.0529, 0.0111], [0.0158, 0.0395, 0.048, 0.7245, 0.0623, 0.0374, 0.0725], [0.0411, 0.0477, 0.0315, 0.7135, 0.0889, 0.0488, 0.0285], [0.0732, 0.0606, 0.0296, 0.6957, 0.0432, 0.0612, 0.0364], [0.0449, 0.0816, 0.0273, 0.7542, 0.016, 0.0599, 0.0161], [0.0591, 0.0602, 0.0539, 0.6621, 0.0178, 0.0688, 0.078], [0.0906, 0.0573, 0.0284, 0.6746, 0.0345, 0.0811, 0.0335], [0.035, 0.0216, 0.0194, 0.7409, 0.0576, 0.0743, 0.0512]], "emotions": ["green", "green", "green", "green", "green", "green", "green", "green", "green", "green", "green", "green", "green", "green", "green", "green", "green", "green", "green", "green", "green", "green", "green", "green", "green", "green", "green", "green", "green", "green", "green", "green", "green", "green", "green", "green", "green", "green", "green", "green", "green", "green", "green", "green", "green", "green", "green", "green", "green", "green", "green", "green", "green", "green", "green", "green", "green", "green", "green", "green", "green", "green", "green", "green", "green", "green", "green", "green", "green", "green", "green", "green", "green", "green", "green", "green", "green", "green", "green", "green"], "timestamps": [0, 40, 80, 120, 160, 200, 240, 280, 320, 360, 400, 440, 480, 520, 560, 600, 640, 680, 720, 760, 800, 840, 880, 920, 960, 1000, 1040, 1080, 1120, 1160, 1200, 1240, 1280, 1320, 1360, 1400, 1440, 1480, 1520, 1560, 1600, 1640, 1680, 1720, 1760, 1800, 1840, 1880, 1920, 1960, 2000, 2040, 2080, 2120, 2160, 2200, 2240, 2280, 2320, 2360, 2400, 2440, 2480, 2520, 2560, 2600, 2640, 2680, 2720, 2760, 2800, 2840, 2880, 2920, 2960, 3000, 3040, 3080, 3120, 3160]}], "conversation": [], "conversation_timestamps": []}