{"agent_id": "agent-orange-1473", "type": "orange", "trips": [{"trip_id": 0, "transport_method": "foot", "start_time": 0, "path": [[1.5173852, 42.5059952], [1.5175147, 42.506017], [1.5176442, 42.5060387], [1.5177737, 42.5060605], [1.5178517, 42.50613], [1.517836, 42.5062604], [1.5179456, 42.5063276], [1.5180597, 42.5063926], [1.5181738, 42.5064576], [1.5182878, 42.5065226], [1.5184019, 42.5065875], [1.518516, 42.5066525], [1.5186354, 42.5067055], [1.5187605, 42.5067453], [1.5188742, 42.5068008], [1.5189504, 42.5069077], [1.5190334, 42.5070074], [1.5191473, 42.5070722], [1.5192666, 42.5071271], [1.5193847, 42.5071844], [1.519499, 42.507249], [1.5196117, 42.5073162], [1.5197245, 42.5073834], [1.5198417, 42.5074315], [1.5199725, 42.5074198], [1.5201034, 42.5074095], [1.5202343, 42.5074003], [1.5203653, 42.5073911], [1.5204711, 42.5073178], [1.5205753, 42.5072382], [1.5207051, 42.5072237], [1.5208216, 42.5071788], [1.5209181, 42.5070897], [1.5210153, 42.5070016], [1.5211212, 42.5069241], [1.5212272, 42.5068465], [1.5213332, 42.506769], [1.5214392, 42.5066915], [1.5215451, 42.506614], [1.5214444, 42.5066108], [1.521344, 42.5066884], [1.5212494, 42.5067795], [1.5211538, 42.5068695], [1.5210582, 42.5069595], [1.5210498, 42.5069639], [1.5211416, 42.50687], [1.5212334, 42.5067761], [1.5213252, 42.5066823], [1.521417, 42.5065884], [1.5215088, 42.5064945], [1.5216006, 42.5064006], [1.5216924, 42.5063068], [1.5217701, 42.506203], [1.521827, 42.5060847], [1.521884, 42.5059664], [1.5219409, 42.5058481], [1.5219978, 42.5057298], [1.5220548, 42.5056115], [1.5220648, 42.505481], [1.5220723, 42.5053499], [1.5220797, 42.5052189], [1.5220872, 42.5050878], [1.5220935, 42.5049566], [1.5221051, 42.504828], [1.5221896, 42.5047276], [1.5222741, 42.5046271], [1.5223764, 42.5045739], [1.5225072, 42.504585], [1.522638, 42.5045961], [1.5227678, 42.5045862], [1.5228322, 42.5044969], [1.5228267, 42.5043672], [1.522781, 42.5042448], [1.522695, 42.5041466], [1.5226034, 42.5040525], [1.5225119, 42.5039584], [1.5224204, 42.5038642], [1.5223289, 42.5037701], [1.5222373, 42.5036759], [1.5221458, 42.5035818]], "mood_vectors": [[0.068, 0.0827, 0.0569, 0.0674, 0.6635, 0.0352, 0.0264], [0.0242, 0.0584, 0.0369, 0.0524, 0.6579, 0.0773, 0.093], [0.0387, 0.0219, 0.0233, 0.0665, 0.7701, 0.0336, 0.0459], [0.0565, 0.058, 0.0426, 0.0402, 0.7674, 0.0175, 0.0177], [0.0517, 0.0415, 0.0317, 0.0416, 0.7494, 0.0294, 0.0549], [0.0438, 0.0705, 0.0493, 0.0724, 0.6751, 0.0199, 0.0689], [0.0407, 0.066, 0.0561, 0.0718, 0.7194, 0.0258, 0.0202], [0.0356, 0.0179, 0.0699, 0.0439, 0.7415, 0.0448, 0.0464], [0.0485, 0.0437, 0.0304, 0.0437, 0.801, 0.0154, 0.0173], [0.0216, 0.0666, 0.0384, 0.0398, 0.7057, 0.064, 0.0638], [0.0542, 0.0587, 0.0468, 0.0223, 0.6591, 0.0814, 0.0776], [0.0675, 0.0291, 0.0534, 0.0706, 0.6467, 0.059, 0.0737], [0.0669, 0.0306, 0.0637, 0.08, 0.6555, 0.0581, 0.0453], [0.0805, 0.0254, 0.0677, 0.0829, 0.5994, 0.0769, 0.0672], [0.0583, 0.0326, 0.0662, 0.0889, 0.6044, 0.0866, 0.063], [0.0189, 0.0691, 0.0436, 0.0477, 0.7184, 0.0534, 0.0489], [0.0471, 0.05, 0.0524, 0.028, 0.737, 0.0471, 0.0383], [0.048, 0.0482, 0.0734, 0.069, 0.6905, 0.0316, 0.0393], [0.0668, 0.0816, 0.0443, 0.0371, 0.6996, 0.0175, 0.0531], [0.0179, 0.0466, 0.077, 0.0766, 0.6731, 0.0597, 0.0491], [0.0129, 0.0583, 0.0605, 0.0784, 0.7111, 0.0474, 0.0313], [0.0657, 0.0287, 0.0466, 0.073, 0.6665, 0.0601, 0.0595], [0.0417, 0.0614, 0.0357, 0.0684, 0.7053, 0.0211, 0.0665], [0.1082, 0.028, 0.0387, 0.0292, 0.6829, 0.0328, 0.0802], [0.0448, 0.0437, 0.0531, 0.0424, 0.6844, 0.0702, 0.0613], [0.0718, 0.0498, 0.0251, 0.0404, 0.6876, 0.0525, 0.073], [0.0137, 0.0252, 0.0304, 0.0171, 0.8413, 0.0191, 0.0531], [0.0695, 0.0641, 0.0418, 0.0471, 0.7133, 0.0206, 0.0436], [0.0559, 0.0696, 0.0404, 0.0662, 0.657, 0.0616, 0.0492], [0.0323, 0.0175, 0.0793, 0.0742, 0.6952, 0.0341, 0.0674], [0.0546, 0.0423, 0.0198, 0.0372, 0.7131, 0.0549, 0.0782], [0.0547, 0.049, 0.0405, 0.0437, 0.6968, 0.0328, 0.0825], [0.0822, 0.0614, 0.0213, 0.0636, 0.6533, 0.0361, 0.082], [0.0202, 0.0552, 0.0243, 0.0672, 0.6855, 0.0577, 0.0899], [0.0244, 0.0807, 0.0619, 0.0806, 0.6292, 0.0843, 0.0389], [0.0454, 0.0706, 0.0579, 0.0176, 0.7192, 0.0541, 0.0351], [0.0547, 0.0608, 0.0418, 0.0345, 0.7519, 0.0188, 0.0375], [0.0441, 0.0125, 0.0768, 0.0278, 0.7457, 0.0288, 0.0643], [0.0156, 0.0349, 0.0749, 0.0721, 0.6667, 0.0658, 0.07], [0.0957, 0.0243, 0.0706, 0.0688, 0.6637, 0.0231, 0.0538], [0.0135, 0.0798, 0.0774, 0.0636, 0.6373, 0.0623, 0.0662], [0.0405, 0.0551, 0.0237, 0.0519, 0.739, 0.0408, 0.0491], [0.0657, 0.0688, 0.0679, 0.0152, 0.7131, 0.045, 0.0242], [0.0349, 0.0868, 0.0719, 0.0269, 0.6975, 0.0582, 0.0237], [0.0578, 0.0543, 0.0281, 0.0221, 0.7242, 0.0284, 0.0852], [0.013, 0.0619, 0.0871, 0.0757, 0.6569, 0.0612, 0.0443], [0.0327, 0.0306, 0.0768, 0.0571, 0.7514, 0.0368, 0.0146], [0.0534, 0.0555, 0.0562, 0.0703, 0.6967, 0.02, 0.0479], [0.0692, 0.0803, 0.0162, 0.0905, 0.6553, 0.0227, 0.0657], [0.0746, 0.0352, 0.0258, 0.0613, 0.7074, 0.0396, 0.0561], [0.0633, 0.0682, 0.076, 0.0257, 0.6639, 0.0836, 0.0194], [0.0833, 0.044, 0.0492, 0.0675, 0.6631, 0.0312, 0.0618], [0.042, 0.0782, 0.0337, 0.0144, 0.7597, 0.0337, 0.0384], [0.0759, 0.0523, 0.0223, 0.0237, 0.7851, 0.0187, 0.022], [0.0498, 0.0646, 0.0358, 0.0624, 0.7215, 0.039, 0.0269], [0.0961, 0.0654, 0.096, 0.0894, 0.6071, 0.0295, 0.0165], [0.04, 0.0303, 0.0844, 0.0887, 0.6459, 0.0552, 0.0554], [0.0766, 0.0502, 0.0324, 0.0301, 0.6813, 0.045, 0.0844], [0.0457, 0.0168, 0.0129, 0.0688, 0.7155, 0.0603, 0.08], [0.0334, 0.0324, 0.0658, 0.0438, 0.7054, 0.0535, 0.0658], [0.0641, 0.0822, 0.0841, 0.0667, 0.5895, 0.0385, 0.0749], [0.0552, 0.0243, 0.0469, 0.0868, 0.7162, 0.0373, 0.0334], [0.0243, 0.0588, 0.0571, 0.024, 0.7541, 0.0123, 0.0693], [0.0574, 0.0203, 0.0822, 0.0936, 0.6435, 0.0578, 0.0454], [0.0714, 0.0262, 0.0499, 0.0606, 0.7113, 0.0572, 0.0234], [0.0137, 0.0702, 0.0715, 0.0803, 0.6471, 0.0725, 0.0448], [0.0479, 0.0655, 0.0422, 0.0163, 0.7255, 0.0381, 0.0645], [0.0293, 0.0734, 0.0784, 0.0905, 0.6013, 0.0694, 0.0577], [0.0881, 0.0296, 0.044, 0.0304, 0.7284, 0.0201, 0.0594], [0.0619, 0.067, 0.0706, 0.0523, 0.6615, 0.0638, 0.023], [0.0764, 0.0367, 0.0626, 0.0831, 0.6718, 0.0337, 0.0357], [0.0658, 0.0481, 0.0327, 0.0304, 0.7021, 0.0277, 0.0932], [0.0713, 0.0199, 0.0593, 0.0825, 0.677, 0.0132, 0.0769], [0.0271, 0.0639, 0.0736, 0.0617, 0.6566, 0.0427, 0.0743], [0.0557, 0.04, 0.0309, 0.0795, 0.7626, 0.0183, 0.0131], [0.0683, 0.0917, 0.0191, 0.0348, 0.7023, 0.0569, 0.0269], [0.0407, 0.0449, 0.0522, 0.0945, 0.6947, 0.0338, 0.0393], [0.0557, 0.0823, 0.0213, 0.0257, 0.7661, 0.0264, 0.0225], [0.0209, 0.0723, 0.0434, 0.0452, 0.7446, 0.0524, 0.0211], [0.0342, 0.0503, 0.0859, 0.0288, 0.6898, 0.0285, 0.0825]], "emotions": ["red", "red", "red", "red", "red", "red", "red", "red", "red", "red", "red", "red", "red", "red", "red", "red", "red", "red", "red", "red", "red", "red", "red", "red", "red", "red", "red", "red", "red", "red", "red", "red", "red", "red", "red", "red", "red", "red", "red", "red", "red", "red", "red", "red", "red", "red", "red", "red", "red", "red", "red", "red", "red", "red", "red", "red", "red", "red", "red", "red", "red", "red", "red", "red", "red", "red", "red", "red", "red", "red", "red", "red", "red", "red", "red", "red", "red", "red", "red", "red"], "timestamps": [0, 40, 80, 120, 160, 200, 240, 280, 320, 360, 400, 440, 480, 520, 560, 600, 640, 680, 720, 760, 800, 840, 880, 920, 960, 1000, 1040, 1080, 1120, 1160, 1200, 1240, 1280, 1320, 1360, 1400, 1440, 1480, 1520, 1560, 1600, 1640, 1680, 1720, 1760, 1800, 1840, 1880, 1920, 1960, 2000, 2040, 2080, 2120, 2160, 2200, 2240, 2280, 2320, 2360, 2400, 2440, 2480, 2520, 2560, 2600, 2640, 2680, 2720, 2760, 2800, 2840, 2880, 2920, 2960, 3000, 3040, 3080, 3120, 3160]}], "conversation": [], "conversation_timestamps": []}