{"agent_id": "agent-orange-128", "type": "orange", "trips": [{"trip_id": 0, "transport_method": "bicycle", "start_time": 0, "path": [[1.4913454, 42.4638847], [1.4917281, 42.4658945], [1.4915584, 42.4676279], [1.4920561, 42.4696673], [1.4913532, 42.4716286], [1.4905098, 42.4735476], [1.4908488, 42.4755999], [1.4904497, 42.477627], [1.4901191, 42.4797121], [1.4897886, 42.4817973], [1.4893725, 42.4800386], [1.4901591, 42.4781269], [1.4906042, 42.4768157], [1.4904375, 42.4789203], [1.4902707, 42.4810248], [1.490432, 42.4830538], [1.4916191, 42.4846649], [1.4927666, 42.4862625], [1.4937249, 42.4881401], [1.4947543, 42.4899832], [1.4959852, 42.4916078], [1.4975678, 42.492994], [1.4988196, 42.4944443], [1.4996997, 42.4959019], [1.5015527, 42.4967918], [1.5034352, 42.4977296], [1.5053571, 42.4986017], [1.5072491, 42.499537], [1.5091307, 42.5004795], [1.5096699, 42.5007278], [1.5109724, 42.5013066], [1.5112263, 42.5015275], [1.5125009, 42.5022958], [1.5140082, 42.50374], [1.5154174, 42.5052353], [1.5173891, 42.5059621], [1.5190059, 42.5069856], [1.5209759, 42.5075047], [1.5229636, 42.5077754], [1.5250291, 42.5079607], [1.5269935, 42.5085195], [1.5287249, 42.5095944], [1.5296895, 42.511094], [1.5308693, 42.5124414], [1.5303181, 42.5143376], [1.5288481, 42.5158099], [1.5270199, 42.5168657], [1.5273484, 42.5167123], [1.5287129, 42.5159026], [1.5269427, 42.517053], [1.5251724, 42.5182033], [1.5257383, 42.5176332], [1.5250961, 42.5181576], [1.5238578, 42.5196657], [1.5229729, 42.5215323], [1.5216986, 42.5231149], [1.5206397, 42.5248917], [1.5206083, 42.526926], [1.5213956, 42.5287332], [1.5213178, 42.5302504], [1.5210811, 42.5320333], [1.5208184, 42.533761], [1.5222725, 42.5351416], [1.5236803, 42.5365581], [1.5251626, 42.5373053], [1.5234883, 42.5380242], [1.5232217, 42.5399352], [1.5231211, 42.5412575], [1.5231322, 42.5432452], [1.5240161, 42.5451389], [1.524693, 42.5470283], [1.5253991, 42.5489161], [1.5264854, 42.5507251], [1.525755, 42.5496479], [1.5258012, 42.5502], [1.5267018, 42.5520275], [1.5283418, 42.5533521], [1.5297038, 42.5549412], [1.5316565, 42.5557201], [1.5324402, 42.5563821]], "mood_vectors": [[0.0705, 0.0736, 0.0408, 0.0445, 0.6894, 0.0466, 0.0345], [0.0338, 0.0208, 0.0579, 0.0275, 0.7658, 0.0322, 0.0619], [0.0544, 0.0577, 0.0579, 0.0174, 0.6876, 0.0686, 0.0564], [0.0358, 0.0483, 0.0501, 0.0316, 0.7358, 0.0366, 0.0619], [0.0364, 0.0843, 0.0199, 0.0215, 0.7169, 0.0884, 0.0327], [0.07, 0.0176, 0.0409, 0.0389, 0.7272, 0.0631, 0.0423], [0.0301, 0.0697, 0.0296, 0.03, 0.7164, 0.0828, 0.0414], [0.0554, 0.0285, 0.0575, 0.082, 0.6558, 0.0502, 0.0706], [0.0121, 0.0574, 0.0583, 0.0505, 0.7621, 0.0388, 0.0208], [0.0524, 0.021, 0.0415, 0.0183, 0.7565, 0.0345, 0.0758], [0.0262, 0.085, 0.0183, 0.0431, 0.6769, 0.079, 0.0715], [0.039, 0.0411, 0.0441, 0.0139, 0.7499, 0.0731, 0.0387], [0.028, 0.0631, 0.0445, 0.0801, 0.6392, 0.0813, 0.0638], [0.0231, 0.0259, 0.0206, 0.052, 0.7404, 0.0877, 0.0502], [0.0933, 0.0839, 0.0228, 0.0761, 0.6338, 0.0375, 0.0526], [0.0505, 0.054, 0.0213, 0.0746, 0.7014, 0.0507, 0.0474], [0.0276, 0.0676, 0.0674, 0.0271, 0.7378, 0.0536, 0.0189], [0.0174, 0.0722, 0.0756, 0.07, 0.6577, 0.0232, 0.084], [0.0338, 0.0141, 0.0777, 0.0449, 0.6837, 0.0733, 0.0726], [0.051, 0.0392, 0.0817, 0.0295, 0.715, 0.0198, 0.0639], [0.0661, 0.059, 0.0731, 0.0478, 0.6682, 0.0171, 0.0687], [0.0839, 0.0262, 0.0786, 0.061, 0.6393, 0.0737, 0.0373], [0.0742, 0.0265, 0.0378, 0.0625, 0.6696, 0.0566, 0.0728], [0.0571, 0.0271, 0.0829, 0.0521, 0.6938, 0.0704, 0.0166], [0.0357, 0.0679, 0.0375, 0.0663, 0.6963, 0.063, 0.0333], [0.0381, 0.1023, 0.0458, 0.0623, 0.7086, 0.0231, 0.0198], [0.0202, 0.0719, 0.0334, 0.0304, 0.7109, 0.0669, 0.0663], [0.0838, 0.053, 0.0267, 0.04, 0.6728, 0.0425, 0.0813], [0.0123, 0.0816, 0.0255, 0.0817, 0.7118, 0.0322, 0.055], [0.0883, 0.027, 0.0367, 0.0808, 0.6635, 0.0755, 0.0283], [0.0715, 0.0476, 0.0359, 0.0386, 0.7187, 0.0748, 0.0128], [0.0657, 0.0713, 0.0566, 0.0347, 0.6918, 0.0292, 0.0509], [0.0597, 0.0229, 0.039, 0.0647, 0.6684, 0.0613, 0.084], [0.0297, 0.0645, 0.0784, 0.0661, 0.6271, 0.0663, 0.068], [0.0186, 0.0502, 0.0495, 0.0577, 0.6922, 0.0772, 0.0546], [0.0827, 0.0583, 0.0256, 0.0369, 0.702, 0.0811, 0.0134], [0.0488, 0.0778, 0.0362, 0.061, 0.7196, 0.0378, 0.019], [0.0512, 0.0582, 0.0221, 0.0368, 0.7503, 0.0348, 0.0466], [0.0181, 0.0734, 0.0452, 0.0436, 0.7153, 0.0601, 0.0444], [0.0666, 0.0308, 0.065, 0.0201, 0.756, 0.0155, 0.046], [0.056, 0.0226, 0.0245, 0.0376, 0.7392, 0.0488, 0.0713], [0.0602, 0.0126, 0.0641, 0.0252, 0.7187, 0.0414, 0.0779], [0.038, 0.0499, 0.0615, 0.0466, 0.6633, 0.076, 0.0647], [0.0373, 0.0654, 0.0596, 0.0346, 0.7224, 0.0322, 0.0485], [0.0169, 0.0643, 0.0615, 0.0287, 0.7301, 0.0408, 0.0577], [0.013, 0.0587, 0.0304, 0.0601, 0.7226, 0.0416, 0.0737], [0.0586, 0.0155, 0.0394, 0.0773, 0.7495, 0.0191, 0.0406], [0.0961, 0.031, 0.0783, 0.0315, 0.6499, 0.0352, 0.0779], [0.0624, 0.0627, 0.043, 0.0593, 0.6579, 0.0499, 0.0649], [0.033, 0.0824, 0.1011, 0.027, 0.7041, 0.0319, 0.0205], [0.0647, 0.0675, 0.037, 0.0292, 0.6982, 0.0415, 0.062], [0.034, 0.0815, 0.0494, 0.0274, 0.6632, 0.0712, 0.0732], [0.0731, 0.0814, 0.0347, 0.0568, 0.5951, 0.0808, 0.0781], [0.0952, 0.0291, 0.031, 0.0536, 0.6636, 0.0959, 0.0317], [0.0527, 0.0465, 0.0278, 0.0292, 0.7779, 0.0212, 0.0447], [0.0645, 0.0404, 0.0304, 0.0442, 0.7219, 0.0461, 0.0525], [0.0537, 0.0476, 0.0325, 0.028, 0.7493, 0.0432, 0.0457], [0.099, 0.0198, 0.0314, 0.0525, 0.6772, 0.0802, 0.0399], [0.033, 0.0579, 0.0738, 0.0849, 0.6347, 0.064, 0.0517], [0.0593, 0.0563, 0.0166, 0.0573, 0.7188, 0.0466, 0.0452], [0.0595, 0.0573, 0.0386, 0.0263, 0.7368, 0.0443, 0.0372], [0.0715, 0.0463, 0.063, 0.0597, 0.6827, 0.0578, 0.019], [0.0738, 0.0603, 0.0735, 0.0296, 0.6624, 0.0367, 0.0637], [0.036, 0.0779, 0.0986, 0.0571, 0.6743, 0.0353, 0.0208], [0.0644, 0.0652, 0.023, 0.0768, 0.6737, 0.0283, 0.0686], [0.0152, 0.0524, 0.0348, 0.0727, 0.7068, 0.0514, 0.0666], [0.0401, 0.0464, 0.075, 0.0306, 0.6853, 0.0593, 0.0631], [0.0581, 0.048, 0.0198, 0.0458, 0.6905, 0.0638, 0.074], [0.0392, 0.0281, 0.0378, 0.0515, 0.7559, 0.0503, 0.0372], [0.0695, 0.0592, 0.0819, 0.0639, 0.6573, 0.0394, 0.0288], [0.0319, 0.0644, 0.0562, 0.0528, 0.6932, 0.0262, 0.0752], [0.0543, 0.0184, 0.0669, 0.0122, 0.7062, 0.0711, 0.0709], [0.043, 0.0466, 0.0444, 0.05, 0.6996, 0.0708, 0.0457], [0.0685, 0.0354, 0.0671, 0.042, 0.713, 0.0268, 0.0472], [0.0596, 0.0573, 0.0685, 0.0144, 0.6782, 0.0645, 0.0573], [0.0153, 0.0214, 0.0243, 0.1047, 0.7109, 0.0758, 0.0476], [0.0342, 0.037, 0.0184, 0.0601, 0.7673, 0.0232, 0.0597], [0.0354, 0.0348, 0.0721, 0.0298, 0.7113, 0.0652, 0.0514], [0.0812, 0.0664, 0.0193, 0.0685, 0.6468, 0.0461, 0.0718], [0.0752, 0.0142, 0.0426, 0.0138, 0.7712, 0.0607, 0.0223]], "emotions": ["red", "red", "red", "red", "red", "red", "red", "red", "red", "red", "red", "red", "red", "red", "red", "red", "red", "red", "red", "red", "red", "red", "red", "red", "red", "red", "red", "red", "red", "red", "red", "red", "red", "red", "red", "red", "red", "red", "red", "red", "red", "red", "red", "red", "red", "red", "red", "red", "red", "red", "red", "red", "red", "red", "red", "red", "red", "red", "red", "red", "red", "red", "red", "red", "red", "red", "red", "red", "red", "red", "red", "red", "red", "red", "red", "red", "red", "red", "red", "red"], "timestamps": [0, 40, 80, 120, 160, 200, 240, 280, 320, 360, 400, 440, 480, 520, 560, 600, 640, 680, 720, 760, 800, 840, 880, 920, 960, 1000, 1040, 1080, 1120, 1160, 1200, 1240, 1280, 1320, 1360, 1400, 1440, 1480, 1520, 1560, 1600, 1640, 1680, 1720, 1760, 1800, 1840, 1880, 1920, 1960, 2000, 2040, 2080, 2120, 2160, 2200, 2240, 2280, 2320, 2360, 2400, 2440, 2480, 2520, 2560, 2600, 2640, 2680, 2720, 2760, 2800, 2840, 2880, 2920, 2960, 3000, 3040, 3080, 3120, 3160]}], "conversation": [], "conversation_timestamps": []}