{
  "agent_id": "agent-type-blue-43",
  "type": "blue",
  "trips": [
    {
      "trip_id": 0,
      "transport_method": "bicycle",
      "start_time": 0,
      "path": [
        [
          1.5259285,
          42.505788700000004
        ],
        [
          1.5264756481779964,
          42.50527070084384
        ],
        [
          1.5275344765786394,
          42.5054552106162
        ],
        [
          1.5282338739135306,
          42.50540009776635
        ],
        [
          1.5273063643696236,
          42.50518629453916
        ],
        [
          1.5264419455924123,
          42.50491023448584
        ],
        [
          1.5253893797659421,
          42.504691639829616
        ],
        [
          1.5244896930527956,
          42.50483025588702
        ],
        [
          1.5234307394064828,
          42.50464382376684
        ],
        [
          1.522417767005535,
          42.50456355729113
        ],
        [
          1.5217959463696307,
          42.504477280138836
        ],
        [
          1.5215063651651053,
          42.50483889285811
        ],
        [
          1.5209711495202882,
          42.50461083262864
        ],
        [
          1.5199740451334405,
          42.50422148616956
        ],
        [
          1.5205665760029727,
          42.504918645466596
        ],
        [
          1.52069584628004,
          42.50463650726056
        ],
        [
          1.521127248871413,
          42.50532415501838
        ],
        [
          1.5218099754580223,
          42.50492242070181
        ],
        [
          1.5218918883782913,
          42.50551111866283
        ],
        [
          1.521290150618355,
          42.50608939865002
        ],
        [
          1.5204686329501667,
          42.50586476120621
        ],
        [
          1.5194204831951483,
          42.50562210503221
        ],
        [
          1.5183724556712836,
          42.505575677624755
        ],
        [
          1.5189015951689684,
          42.50635498346474
        ],
        [
          1.5198687178500137,
          42.50641422326453
        ],
        [
          1.5198690458550277,
          42.506485565808404
        ],
        [
          1.5199559112363525,
          42.50695220209383
        ],
        [
          1.5207335999999998,
          42.5070334
        ]
      ],
      "emotions": [
        "purple",
        "purple",
        "purple",
        "purple",
        "purple",
        "green",
        "green",
        "green",
        "green",
        "green",
        "purple",
        "purple",
        "purple",
        "purple",
        "purple",
        "purple",
        "purple",
        "purple",
        "purple",
        "purple",
        "red",
        "red",
        "red",
        "red",
        "red",
        "purple",
        "purple",
        "purple"
      ],
      "mood_vectors": [
        [
          0.09396860896871684,
          0.13137066111998125,
          0.25613897859398643,
          0.02330564721736282,
          0.03960807893969581,
          0.25908360463935337,
          0.1965244205209035
        ],
        [
          0.1587121514030201,
          0.17870425364853504,
          0.15899571727762477,
          0.1664721992123475,
          0.17776696914613765,
          0.04966206573552411,
          0.10968664357681074
        ],
        [
          0.2275274089271603,
          0.015152641673753554,
          0.04077079913142901,
          0.16220497971609713,
          0.2369478362250207,
          0.155236531137223,
          0.1621598031893163
        ],
        [
          0.153181575512387,
          0.10315728076075485,
          0.22292423972352737,
          0.24726563257094142,
          0.048249730097243634,
          0.07218550714843493,
          0.1530360341867107
        ],
        [
          0.17103319205523845,
          0.21848848955963562,
          0.12959332760787226,
          0.166768182453885,
          0.001174553808765425,
          0.11661785544966805,
          0.19632439906493518
        ],
        [
          0.11589691264493127,
          0.1776346882716675,
          0.18279080770951703,
          0.019737567133263485,
          0.08169339287100191,
          0.19371730174570861,
          0.22852932962391018
        ],
        [
          0.17289093550208184,
          0.0009551977625404134,
          0.12547588205451168,
          0.21868251594673205,
          0.13609917919180436,
          0.16978847784449191,
          0.17610781169783774
        ],
        [
          0.16738022982725634,
          0.037998229826516836,
          0.19595835697140757,
          0.1951177356254337,
          0.20960171370596972,
          0.19082379557724422,
          0.0031199384661716343
        ],
        [
          0.014994015570713127,
          0.054942430402702164,
          0.19437353476009517,
          0.11479992989830502,
          0.14091570531872355,
          0.29570041776760153,
          0.18427396628185952
        ],
        [
          0.3167035930683548,
          0.032685086485938125,
          0.1625918255069401,
          0.08788394019789227,
          0.061839054090363214,
          0.14695539218006567,
          0.1913411084704458
        ],
        [
          0.07942268998125095,
          0.17277436810637636,
          0.15465080640401413,
          0.0295110377834841,
          0.16180259788261975,
          0.1174878695643266,
          0.28435063027792806
        ],
        [
          0.2396009747705028,
          0.18779982578417032,
          0.10606699153680414,
          0.023876120280570217,
          0.18795871369101125,
          0.19852539119015808,
          0.0561719827467832
        ],
        [
          0.08892071566522154,
          0.04600985365934312,
          0.1215899908855384,
          0.22911547618927058,
          0.21101656547653946,
          0.05721626059223731,
          0.24613113753184962
        ],
        [
          0.05141924668817046,
          0.1479314424385044,
          0.13005818230294874,
          0.06505167502261901,
          0.23417440518400712,
          0.1168780634531959,
          0.2544869849105544
        ],
        [
          0.3113033103803894,
          0.05011765015234588,
          0.20251815222402578,
          0.1423843766876756,
          0.00010102398236481769,
          0.05935964183326814,
          0.23421584473993043
        ],
        [
          0.18525601904791142,
          0.08779998331758651,
          0.23627502196756833,
          0.045649170275715696,
          0.1605551387702523,
          0.02543317910675517,
          0.25903148751421057
        ],
        [
          0.03507167265961637,
          0.016025373067146177,
          0.02792972491424329,
          0.09700719697976529,
          0.11836422675963389,
          0.33030309358082083,
          0.375298712038774
        ],
        [
          0.07782616418469668,
          0.25881495365767765,
          0.18993564209611336,
          0.054257665179095395,
          0.05534158105336359,
          0.010850125253320509,
          0.3529738685757328
        ],
        [
          0.002364299506151168,
          0.08484721578625123,
          0.23502546193676335,
          0.23828041539362255,
          0.09835051672191718,
          0.11819472675939259,
          0.22293736389590188
        ],
        [
          0.12059937483267416,
          0.09219256924398088,
          0.06757665741697472,
          0.3065251568617355,
          0.057077798164528105,
          0.15300142458350066,
          0.20302701889660604
        ],
        [
          0.17328100774202806,
          0.13474206460321766,
          0.11595274686756572,
          0.17330902265660655,
          0.18337672190287457,
          0.07026878311293389,
          0.14906965311477363
        ],
        [
          0.04969752154883895,
          0.17151580148854426,
          0.09912800905768124,
          0.15847724274205102,
          0.19907067408110155,
          0.036329417791716806,
          0.28578133329006616
        ],
        [
          0.03790308233801746,
          0.11546339039051336,
          0.2353065655322316,
          0.2201246937244705,
          0.17553949737914748,
          0.053877811535725496,
          0.16178495909989404
        ],
        [
          0.2196911512292708,
          0.011271845404883931,
          0.13362147597881605,
          0.30052497636282216,
          0.07474958410978347,
          0.10893719226266899,
          0.15120377465175458
        ],
        [
          0.0186174316779794,
          0.22982165057137818,
          0.1275761371338389,
          0.26411967135096587,
          0.21695836567011031,
          0.013948215339325016,
          0.1289585282564023
        ],
        [
          0.05592533540016204,
          0.31584768682351394,
          0.16306290590044664,
          0.2517818918034822,
          0.0003475298431960077,
          0.16380332403373793,
          0.04923132619546129
        ],
        [
          0.22934101883187108,
          0.24979391882915386,
          0.006448466762260034,
          0.04414935816368473,
          0.21043798092503366,
          0.24769830990267938,
          0.012130946585317269
        ],
        [
          0.15179907660874825,
          0.30673776614640835,
          0.29665997269971806,
          0.046336119963917274,
          0.011782437375856363,
          0.07542027684357705,
          0.11126435036177468
        ]
      ],
      "timestamps": [
        0,
        1,
        2,
        3,
        4,
        5,
        6,
        7,
        8,
        9,
        10,
        11,
        12,
        13,
        14,
        15,
        16,
        17,
        18,
        19,
        20,
        21,
        22,
        23,
        24,
        25,
        26,
        27
      ],
      "distance": 828.3
    },
    {
      "trip_id": 1,
      "transport_method": "foot",
      "start_time": 28,
      "path": [
        [
          1.5204921000000007,
          42.5067582
        ],
        [
          1.5209007700188437,
          42.50671726042706
        ],
        [
          1.5216603133095348,
          42.5074117934327
        ],
        [
          1.5224865996403223,
          42.5072934233685
        ],
        [
          1.5217670089317687,
          42.506543347366645
        ],
        [
          1.5209559186335821,
          42.50596142151948
        ],
        [
          1.521383335772676,
          42.506228941580446
        ],
        [
          1.5214410955023783,
          42.50629101298128
        ],
        [
          1.5208767364605633,
          42.50593110273566
        ],
        [
          1.5217083108536429,
          42.50648216255807
        ],
        [
          1.5224279015621964,
          42.50723223855993
        ],
        [
          1.5217190102970342,
          42.50747297928756
        ],
        [
          1.5212907160311995,
          42.506746246793085
        ],
        [
          1.5212198019780583,
          42.506800880966324
        ],
        [
          1.5218066449282872,
          42.50748551147845
        ],
        [
          1.5223659282507862,
          42.507167639763566
        ],
        [
          1.521659710196636,
          42.50641802389857
        ],
        [
          1.522641997855771,
          42.506378878144496
        ],
        [
          1.5236408293910448,
          42.50666432778495
        ],
        [
          1.5245627640765724,
          42.506626459235115
        ],
        [
          1.5250989245392235,
          42.507096127021825
        ],
        [
          1.5257510828872134,
          42.50715403621652
        ],
        [
          1.5266654541433982,
          42.50730525391004
        ],
        [
          1.5261150053226613,
          42.50789235935452
        ],
        [
          1.5251876671834834,
          42.50742355931272
        ],
        [
          1.525200254430072,
          42.50784349757642
        ],
        [
          1.5245823,
          42.50832570000001
        ]
      ],
      "emotions": [
        "purple",
        "purple",
        "purple",
        "purple",
        "purple",
        "purple",
        "purple",
        "red",
        "red",
        "red",
        "red",
        "red",
        "purple",
        "purple",
        "purple",
        "purple",
        "purple",
        "green",
        "green",
        "green",
        "green",
        "green",
        "purple",
        "purple",
        "purple",
        "purple",
        "purple"
      ],
      "mood_vectors": [
        [
          0.1304668003943943,
          0.20773679115193389,
          0.09243177458072364,
          0.1712553953454976,
          0.1047829459313249,
          0.11073718079978308,
          0.1825891117963426
        ],
        [
          0.1865502122947704,
          0.06739102141150766,
          0.19053586500118208,
          0.15065301597028513,
          0.19761567191983376,
          0.054681560913596494,
          0.15257265248882443
        ],
        [
          0.2971419459514963,
          0.08209583170222567,
          0.09817893110291412,
          0.22223489050398781,
          0.16575080951451815,
          0.12324812287351795,
          0.011349468351340009
        ],
        [
          0.12843605580841772,
          0.2529094506506659,
          0.11434292086013675,
          0.03634514114675131,
          0.23022641716859563,
          0.2238613045480467,
          0.013878709817385971
        ],
        [
          0.2249055592460425,
          0.041004163024781735,
          0.15356738226673736,
          0.1325498594857315,
          0.10632618474694149,
          0.1880631498157259,
          0.15358370141403946
        ],
        [
          0.18803856978090128,
          0.10455393049932271,
          0.15656202183980042,
          0.03861325282524392,
          0.09945650896919177,
          0.1773202327132299,
          0.23545548337231
        ],
        [
          0.218867105408214,
          0.006416902543202448,
          0.08389064080145178,
          0.24447010698432667,
          0.18477041526808408,
          0.12923689088216078,
          0.13234793811256026
        ],
        [
          0.3514879690263948,
          0.20317972092872127,
          0.16505279383448734,
          0.13424161883069918,
          0.08221675074887959,
          0.004855031337835001,
          0.058966115292982756
        ],
        [
          0.21550593822898367,
          0.11714036884473625,
          0.23282814504627597,
          0.005854572798982849,
          0.11093739693898019,
          0.22639979521092146,
          0.09133378293111967
        ],
        [
          0.2998510505532507,
          0.15527974036508882,
          0.3159377833546484,
          0.048785245286229406,
          0.06363014681965012,
          0.007910279797450116,
          0.10860575382368252
        ],
        [
          0.1395576102976722,
          0.061082382965842605,
          0.16032003230392533,
          0.18962722088040554,
          0.15384546317016717,
          0.11997832939441269,
          0.17558896098757443
        ],
        [
          0.14484679194381797,
          0.0913523137942896,
          0.19925493321006293,
          0.14453296260529155,
          0.22093411528548093,
          0.027679921340659837,
          0.17139896182039724
        ],
        [
          0.257636213292309,
          0.047825529253948486,
          0.12369547996925398,
          0.2240986274648431,
          0.05946108221840001,
          0.16074905903538655,
          0.12653400876585882
        ],
        [
          0.13113258686185011,
          0.14474657736038793,
          0.21926009966633034,
          0.0380634773054067,
          0.04745476638538722,
          0.3391773488162429,
          0.08016514360439483
        ],
        [
          0.11378377391444014,
          0.02359505832625894,
          0.2653065294546806,
          0.10456490448331927,
          0.1721668316367109,
          0.25320456214044323,
          0.06737834004414693
        ],
        [
          0.1947496832862367,
          0.11099752776221948,
          0.19172879491622313,
          0.18963740275623395,
          0.15308460037970473,
          0.03987811028969091,
          0.1199238806096911
        ],
        [
          0.11956068670871306,
          0.06161654542673597,
          0.20520397529684314,
          0.13341636295932527,
          0.21349236793888254,
          0.19611241825983075,
          0.0705976434096694
        ],
        [
          0.09769780440847943,
          0.2485834975325584,
          0.00726337015832514,
          0.06768277788737714,
          0.23619298514412923,
          0.15502208897809744,
          0.1875574758910332
        ],
        [
          0.12639981298445047,
          0.2328848768341237,
          0.07730856007755829,
          0.1286936447441732,
          0.11793175591833707,
          0.11124956451300529,
          0.20553178492835195
        ],
        [
          0.18040454754710117,
          0.15739000997698308,
          0.03934475549144174,
          0.21020480057145863,
          0.19307473518090762,
          0.07109445713036781,
          0.14848669410173992
        ],
        [
          0.18187767558776452,
          0.21924016560750953,
          0.06565687755621663,
          0.03454004693890499,
          0.2486123227969495,
          0.046774022481069405,
          0.20329888903158538
        ],
        [
          0.2728438707161181,
          0.19242246843941643,
          0.01618544561122949,
          0.01596992449905064,
          0.054382472145831626,
          0.20957097797604748,
          0.23862484061230615
        ],
        [
          0.13649733693461397,
          0.14434886022732663,
          0.17875695725117846,
          0.17100213023694522,
          0.16376258692962067,
          0.041232895250462656,
          0.16439923316985236
        ],
        [
          0.05828742231458,
          0.17200951768589992,
          0.09538624160141033,
          0.15316913573212929,
          0.24788503675704066,
          0.13820195694946275,
          0.13506068895947698
        ],
        [
          0.13719116498895367,
          0.09919412152406921,
          0.02528349633709563,
          0.20574438637937484,
          0.2033175571237107,
          0.224831723610729,
          0.10443755003606697
        ],
        [
          0.08375333182342197,
          0.24664629162171947,
          0.027260927666284945,
          0.2709301306425932,
          0.09804019900159852,
          0.16519470864505914,
          0.10817441059932277
        ],
        [
          0.12299037412636793,
          0.040156674675152285,
          0.12948834971081316,
          0.1482647459590708,
          0.12709036564905685,
          0.1755844944531205,
          0.25642499542641856
        ]
      ],
      "timestamps": [
        28,
        29,
        30,
        31,
        32,
        33,
        34,
        35,
        36,
        37,
        38,
        39,
        40,
        41,
        42,
        43,
        44,
        45,
        46,
        47,
        48,
        49,
        50,
        51,
        52,
        53,
        54
      ],
      "distance": 638.7
    },
    {
      "trip_id": 2,
      "transport_method": "bicycle",
      "start_time": 55,
      "path": [
        [
          1.5245823,
          42.50832570000001
        ],
        [
          1.5243349727256168,
          42.50783081934834
        ],
        [
          1.5234939988050413,
          42.50779146943904
        ],
        [
          1.523120001664281,
          42.50830123526648
        ],
        [
          1.5238598540178807,
          42.508697575596905
        ],
        [
          1.5246782668458236,
          42.50888436570615
        ],
        [
          1.5251002764742865,
          42.50896677235881
        ],
        [
          1.5242734197943977,
          42.50880531042377
        ],
        [
          1.5238442799232894,
          42.508889480165905
        ],
        [
          1.5236940879708927,
          42.50861735095418
        ],
        [
          1.5229372220357493,
          42.508396445533855
        ],
        [
          1.5221178589016464,
          42.50843691514501
        ],
        [
          1.5221415019545097,
          42.50844231022551
        ],
        [
          1.5220043959937901,
          42.50835457957572
        ],
        [
          1.5212365935433094,
          42.508020322927024
        ],
        [
          1.5204928416043475,
          42.507624602092555
        ],
        [
          1.5197173099633448,
          42.50773070923796
        ],
        [
          1.5196553323749629,
          42.508456036354616
        ],
        [
          1.5195498294763925,
          42.50786165604861
        ],
        [
          1.518822038264721,
          42.50816767985931
        ],
        [
          1.5181622914580537,
          42.50793186966346
        ],
        [
          1.5175726870905328,
          42.50785304378062
        ],
        [
          1.5182676517236067,
          42.5083292644063
        ],
        [
          1.5177201836433194,
          42.50795411496801
        ],
        [
          1.51702175217772,
          42.50748305565159
        ],
        [
          1.5162114300310012,
          42.50726685478571
        ],
        [
          1.5153917464691073,
          42.507072224921856
        ],
        [
          1.5155871945222144,
          42.506772059517736
        ],
        [
          1.516365182329351,
          42.506499897279724
        ],
        [
          1.517205019997946,
          42.50656649019191
        ],
        [
          1.5179525974496566,
          42.50670556515414
        ],
        [
          1.517790608134195,
          42.507178090284114
        ],
        [
          1.5177031955218319,
          42.50660269842446
        ],
        [
          1.518264910124237,
          42.50674429301915
        ],
        [
          1.518795376347267,
          42.50673145924946
        ],
        [
          1.5192243221475765,
          42.50629609973422
        ],
        [
          1.519995416388647,
          42.50627628423311
        ],
        [
          1.5193276315109376,
          42.506243896368524
        ],
        [
          1.5186128289883751,
          42.50613677847902
        ],
        [
          1.518527737269477,
          42.50553952464917
        ],
        [
          1.519348425659503,
          42.505605423059215
        ],
        [
          1.5201691913617297,
          42.50579543776284
        ],
        [
          1.5209580870597612,
          42.50596225180794
        ],
        [
          1.5217611745085013,
          42.506164469735644
        ],
        [
          1.5225094,
          42.5063814
        ]
      ],
      "emotions": [
        "red",
        "red",
        "red",
        "red",
        "red",
        "purple",
        "purple",
        "purple",
        "purple",
        "purple",
        "purple",
        "purple",
        "purple",
        "purple",
        "purple",
        "green",
        "green",
        "green",
        "green",
        "green",
        "green",
        "green",
        "green",
        "green",
        "green",
        "purple",
        "purple",
        "purple",
        "purple",
        "purple",
        "purple",
        "purple",
        "purple",
        "purple",
        "purple",
        "green",
        "green",
        "green",
        "green",
        "green",
        "green",
        "green",
        "green",
        "green",
        "green"
      ],
      "mood_vectors": [
        [
          0.11990025195891048,
          0.04088068294967944,
          0.22981910340407272,
          0.1911031226577567,
          0.10037678503129528,
          0.23597839070085855,
          0.08194166329742686
        ],
        [
          0.02419958786693271,
          0.20139093539208378,
          0.23960895891204614,
          0.19775594424983386,
          0.19746557430538936,
          0.07638793571168072,
          0.06319106356203351
        ],
        [
          0.24409848204206966,
          0.18840560647813331,
          0.11459827064056147,
          0.13206479390564912,
          0.0071979550486376605,
          0.055798308717131005,
          0.25783658316781777
        ],
        [
          0.029906669232363757,
          0.4730999293971502,
          0.12071894965535554,
          0.0010860433238929876,
          0.03072698280966886,
          0.19010141053152746,
          0.15436001505004113
        ],
        [
          0.09020078202221274,
          0.2056012674683247,
          0.12231467212828805,
          0.010326820547902849,
          0.1686588098360728,
          0.2742888613554885,
          0.1286087866417103
        ],
        [
          0.032570015549818046,
          0.21426819923916296,
          0.032814973476578246,
          0.27481122552962906,
          0.1858909746720714,
          0.1607991267951413,
          0.09884548473759901
        ],
        [
          0.1428269015611144,
          0.17543718238641168,
          0.23631655495974208,
          0.12010807148836726,
          0.2202558837930684,
          0.08290413955295148,
          0.02215126625834463
        ],
        [
          0.2012126107285081,
          0.0687883318099492,
          0.16619958871407817,
          0.14374928040585036,
          0.19169595087198082,
          0.1575320635098156,
          0.07082217395981778
        ],
        [
          0.019123612975204065,
          0.16411656217147894,
          0.07607850734645426,
          0.20004148299671032,
          0.22532497146657107,
          0.14236590723663417,
          0.17294895580694725
        ],
        [
          0.16875654652984237,
          0.007937057833516222,
          0.18837087882002918,
          0.09015465694129425,
          0.22801635312332058,
          0.23921328253349988,
          0.07755122421849746
        ],
        [
          0.26737479688831506,
          0.18617110977131876,
          0.0692932204526063,
          0.22385990177820397,
          0.14725022277932318,
          0.014447943342855383,
          0.0916028049873773
        ],
        [
          0.20444829637135775,
          0.05277415286649887,
          0.16540137789489076,
          0.09143302237013268,
          0.17954946035782943,
          0.06661405824650321,
          0.23977963189278728
        ],
        [
          0.11589741849541854,
          0.18444490957821058,
          0.13311994005622976,
          0.08343391595277797,
          0.10982718440525169,
          0.22562461890363575,
          0.14765201260847577
        ],
        [
          0.047058270052904375,
          0.20434351291321712,
          0.23533245099037503,
          0.13373653933963597,
          0.13143539233534188,
          0.13909892037026586,
          0.10899491399825985
        ],
        [
          0.31264616596801503,
          0.036651084176267085,
          0.1636933456394294,
          0.034944727263482786,
          0.09427916847989162,
          0.09745530422367554,
          0.2603302042492386
        ],
        [
          0.019328957987415907,
          0.2751307786529541,
          0.1537024855009947,
          0.27716805236951125,
          0.08841958757793304,
          0.166480156298271,
          0.01976998161291999
        ],
        [
          0.25085692365252116,
          0.1427070618259756,
          0.13881257768085084,
          0.16082373980570083,
          0.03207794850884216,
          0.05370204813890426,
          0.22101970038720514
        ],
        [
          0.045735967608385525,
          0.03932916874187712,
          0.21143562376189592,
          0.259944319339297,
          0.044724125360274807,
          0.027172625437900246,
          0.37165816975036936
        ],
        [
          0.34576050648028384,
          0.13802125818569688,
          0.18742430214200032,
          0.0839513210475142,
          0.07847123342085001,
          0.1303843038797171,
          0.035987074843937567
        ],
        [
          0.1574041743987176,
          0.03661080359797047,
          0.051822209300636815,
          0.1998791400051546,
          0.19884968262480365,
          0.14734483300275733,
          0.20808915706995948
        ],
        [
          0.06480950660616834,
          0.20654353185579252,
          0.037423360081307006,
          0.1869882859745834,
          0.2158022511183064,
          0.22985736559995892,
          0.05857569876388346
        ],
        [
          0.17294474323535947,
          0.21554216105627033,
          0.23134633263967033,
          0.1680673485671843,
          0.0020856473234235375,
          0.08012259049376,
          0.12989117668433203
        ],
        [
          0.028719252940834057,
          0.11385910457774133,
          0.17933157145370188,
          0.19498407020293942,
          0.183659539786249,
          0.13867052054755005,
          0.1607759404909842
        ],
        [
          0.0727519189452576,
          0.1803567507460714,
          0.19079476747177906,
          0.16743828665997784,
          0.1420849519555828,
          0.0671488950719524,
          0.17942442914937898
        ],
        [
          0.31596905907536216,
          0.025134872067313324,
          0.19322818022655158,
          0.17859924707955857,
          0.07543986286742986,
          0.04205709163985379,
          0.16957168704393075
        ],
        [
          0.19587101409844454,
          0.26942144485429975,
          0.14343443493443686,
          0.14581515339689172,
          0.1681768327677318,
          0.025198827394759624,
          0.05208229255343579
        ],
        [
          0.019349844800443324,
          0.08445736556882359,
          0.28986602491656194,
          0.22869502343586562,
          0.05902575942944388,
          0.08446930255760474,
          0.23413667929125687
        ],
        [
          0.21318914933000702,
          0.20428344758471983,
          0.15469076022063166,
          0.021298621983867425,
          0.1143855964919067,
          0.10508544712915313,
          0.18706697725971425
        ],
        [
          0.03610967716932705,
          0.12572702089336826,
          0.23540906565062314,
          0.17359269793562848,
          0.2274264213025911,
          0.02914900734283963,
          0.1725861097056223
        ],
        [
          0.20534341185534496,
          0.03437697395927562,
          0.19875776692275848,
          0.061579099363242545,
          0.2557391249873348,
          0.0640695631982015,
          0.18013405971384208
        ],
        [
          0.21187070311093253,
          0.28210528656197237,
          0.05862985290439728,
          0.16157773642133996,
          0.09073795961199384,
          0.08930491441937786,
          0.10577354696998609
        ],
        [
          0.03627143481792774,
          0.083861517874422,
          0.15302161876912468,
          0.0911886386444905,
          0.148896005855525,
          0.31394166456368455,
          0.17281911947482562
        ],
        [
          0.040204329042448195,
          0.22523418222547378,
          0.06939812068859615,
          0.16056096431314906,
          0.28977518120566254,
          0.0010111791310353153,
          0.21381604339363497
        ],
        [
          0.08774532513070059,
          0.220462461441909,
          0.016822404595538323,
          0.16893536188381822,
          0.18463208439717638,
          0.21437148784942137,
          0.1070308747014361
        ],
        [
          0.0543810137071498,
          0.3113386768480906,
          0.07072505018182952,
          0.05823420360949967,
          0.11146022821961604,
          0.11163875366276121,
          0.2822220737710532
        ],
        [
          0.31167008573720073,
          0.06367167421136787,
          0.09131831160379628,
          0.045706746805926034,
          0.16722260264610211,
          0.20864881697602133,
          0.11176176201958575
        ],
        [
          0.05920006617786206,
          0.26518722877590767,
          0.11583904738736733,
          0.23411273942323466,
          0.1445920341521289,
          0.15376633914129384,
          0.027302544942205506
        ],
        [
          0.15172504419337457,
          0.14580660956998168,
          0.1505809299860798,
          0.17687558360476285,
          0.21462384768425574,
          0.14037280018036963,
          0.0200151847811758
        ],
        [
          0.05992450120453349,
          0.053560436017505215,
          0.051351264601599944,
          0.22686644032270015,
          0.27309061300679466,
          0.1165195109047425,
          0.2186872339421241
        ],
        [
          0.05887802720274221,
          0.17083803625072203,
          0.0893270093367741,
          0.18900001739549924,
          0.20839379817564566,
          0.17209260770570683,
          0.11147050393290997
        ],
        [
          0.1097203248438905,
          0.011972897751366634,
          0.20573284537383404,
          0.07584876653485702,
          0.3827117307828354,
          0.03873756806215153,
          0.1752758666510649
        ],
        [
          0.01669856168069325,
          0.13988134056730842,
          0.07861199936065401,
          0.21890968933001662,
          0.36001385182378703,
          0.002243077164309428,
          0.18364148007323125
        ],
        [
          0.08444687025226832,
          0.037808995614590585,
          0.13858103329471125,
          0.17972007971346038,
          0.1652376033666681,
          0.2238873339212908,
          0.17031808383701053
        ],
        [
          0.04131697412114009,
          0.26675386555317493,
          0.24800049088693296,
          0.021504826252171882,
          0.09507654547017197,
          0.23409908496787898,
          0.09324821274852914
        ],
        [
          0.27648363312794993,
          0.03760922990706821,
          0.05639763023285233,
          0.2083665488676741,
          0.23127077931693993,
          0.13327675348021975,
          0.0565954250672958
        ]
      ],
      "timestamps": [
        55,
        56,
        57,
        58,
        59,
        60,
        61,
        62,
        63,
        64,
        65,
        66,
        67,
        68,
        69,
        70,
        71,
        72,
        73,
        74,
        75,
        76,
        77,
        78,
        79,
        80,
        81,
        82,
        83,
        84,
        85,
        86,
        87,
        88,
        89,
        90,
        91,
        92,
        93,
        94,
        95,
        96,
        97,
        98,
        99
      ],
      "distance": 891.7
    }
  ],
  "conversation": [
    "I should call them back.",
    "Should I walk up to the old town or take the bus?",
    "Tempted to sit and people-watch for a bit."
  ],
  "conversation_timestamps": [
    6,
    25,
    99
  ]
}
