{
  "agent_id": "agent-type-blue-49",
  "type": "blue",
  "trips": [
    {
      "trip_id": 0,
      "transport_method": "foot",
      "start_time": 0,
      "path": [
        [
          1.5218310999999998,
          42.5049263
        ],
        [
          1.522037375216807,
          42.50495864211877
        ],
        [
          1.521914607955938,
          42.5054254644763
        ],
        [
          1.5217941760006233,
          42.50589309116977
        ],
        [
          1.521476995474645,
          42.50615450703409
        ],
        [
          1.5210247612286742,
          42.505987781288084
        ],
        [
          1.5208223738802025,
          42.50596344392326
        ],
        [
          1.5212740064797858,
          42.506134352318504
        ],
        [
          1.521544062628713,
          42.50643831978429
        ],
        [
          1.5210912581509977,
          42.506350199059064
        ],
        [
          1.5212129132186916,
          42.50619796596572
        ],
        [
          1.5209553523340689,
          42.50601376609702
        ],
        [
          1.520891980507214,
          42.5059369396676
        ],
        [
          1.5213429415513833,
          42.50610961225145
        ],
        [
          1.5216686192611857,
          42.50644078944051
        ],
        [
          1.5220029185812627,
          42.50678925127367
        ],
        [
          1.5223372179013397,
          42.50713771310683
        ],
        [
          1.5223786517582871,
          42.50750728776279
        ],
        [
          1.5219203618794095,
          42.50750333952753
        ],
        [
          1.5215263902852134,
          42.50727219180956
        ],
        [
          1.5211911035066308,
          42.5069246847788
        ],
        [
          1.520743402061363,
          42.50678665727404
        ],
        [
          1.520720620217995,
          42.50678407747364
        ],
        [
          1.5207968293150627,
          42.506973472900874
        ],
        [
          1.5208295048193559,
          42.50719370354587
        ],
        [
          1.520442321051473,
          42.50742488031366
        ],
        [
          1.5201639180132656,
          42.50756051987396
        ],
        [
          1.519714926323634,
          42.50773192334992
        ],
        [
          1.5192819127962014,
          42.50794559548214
        ],
        [
          1.5188470745445815,
          42.50815558924277
        ],
        [
          1.5186686263201306,
          42.508419989387505
        ],
        [
          1.518385016764455,
          42.50839343844164
        ],
        [
          1.517980758137978,
          42.508132672182256
        ],
        [
          1.517582418455963,
          42.507859712144324
        ],
        [
          1.5177475212260534,
          42.50797284789359
        ],
        [
          1.5181458609080682,
          42.508245807931516
        ],
        [
          1.5181385994099166,
          42.508240832030545
        ],
        [
          1.5177402597279017,
          42.50796787199262
        ],
        [
          1.5175896799541146,
          42.507864688045295
        ],
        [
          1.5179880196361297,
          42.50813764808323
        ],
        [
          1.5183921410843961,
          42.50835990469975
        ],
        [
          1.5188325275748757,
          42.508162614321314
        ],
        [
          1.5192673658264957,
          42.507952620560694
        ],
        [
          1.5195734149677413,
          42.50799453155966
        ],
        [
          1.519657808898771,
          42.50846998854928
        ],
        [
          1.5197597980645838,
          42.50860581209829
        ],
        [
          1.5196074634995174,
          42.50818635355707
        ],
        [
          1.5196409573186187,
          42.507769599620026
        ],
        [
          1.5200840342455562,
          42.507583091951595
        ],
        [
          1.5205260510776102,
          42.50764227153284
        ],
        [
          1.5209523546573387,
          42.5078690907174
        ],
        [
          1.5213786582370674,
          42.508095909901954
        ],
        [
          1.5216593252668436,
          42.50833389634236
        ],
        [
          1.5212638875520308,
          42.508359011833896
        ],
        [
          1.521345244818389,
          42.5084118688761
        ],
        [
          1.5217193107391862,
          42.50827715755368
        ],
        [
          1.5212930071594577,
          42.508050338369124
        ],
        [
          1.520866703579729,
          42.50782351918456
        ],
        [
          1.5204404000000005,
          42.50759670000001
        ]
      ],
      "emotions": [
        "purple",
        "purple",
        "purple",
        "purple",
        "purple",
        "purple",
        "purple",
        "purple",
        "purple",
        "purple",
        "green",
        "green",
        "green",
        "green",
        "green",
        "green",
        "green",
        "green",
        "green",
        "green",
        "green",
        "green",
        "green",
        "green",
        "green",
        "purple",
        "purple",
        "purple",
        "purple",
        "purple",
        "red",
        "red",
        "red",
        "red",
        "red",
        "purple",
        "purple",
        "purple",
        "purple",
        "purple",
        "purple",
        "purple",
        "purple",
        "purple",
        "purple",
        "purple",
        "purple",
        "purple",
        "purple",
        "purple",
        "purple",
        "purple",
        "purple",
        "purple",
        "purple",
        "purple",
        "purple",
        "purple",
        "purple"
      ],
      "mood_vectors": [
        [
          0.02623725516434152,
          0.14463077192351026,
          0.26154808380457495,
          0.17661731080830845,
          0.020247499475140002,
          0.13342614280768372,
          0.23729293601644108
        ],
        [
          0.12651181056059368,
          0.18613670165828614,
          0.09104506659734149,
          0.07065737654807547,
          0.29661742624825527,
          0.1418545057009328,
          0.08717711268651505
        ],
        [
          0.22156621555611128,
          0.12892488271959715,
          0.17062272422619396,
          0.17043356412814437,
          0.20253226396194224,
          0.001967701693346889,
          0.10395264771466409
        ],
        [
          0.22720137024701853,
          0.1675707848211211,
          0.025874585604105244,
          0.13482806863454982,
          0.2462261728211218,
          0.09345095568038846,
          0.10484806219169508
        ],
        [
          0.08442598231150657,
          0.08230141385567763,
          0.21035863053073062,
          0.30459579612200394,
          0.15681608174165293,
          0.08696595332089241,
          0.07453614211753583
        ],
        [
          0.04747554759554848,
          0.29216614159903576,
          0.19365413349931324,
          0.11628227526125591,
          0.08980366406738112,
          0.1474326325941371,
          0.11318560538332843
        ],
        [
          0.14737067067384166,
          0.16642473193364632,
          0.13052018317434128,
          0.19322821273968835,
          0.16275670239026982,
          0.07805311231698103,
          0.1216463867712315
        ],
        [
          0.031801822969465585,
          0.1878219251412245,
          0.10875123512316498,
          0.15991710429264946,
          0.13892067244054845,
          0.23558288065299582,
          0.1372043593799512
        ],
        [
          0.15106529190224804,
          0.16111432013571927,
          0.04136521658073276,
          0.15921717180261952,
          0.20976522708452852,
          0.27390931897265186,
          0.0035634535215000552
        ],
        [
          0.19759997428312873,
          0.06483167003431592,
          0.19286278086342865,
          0.06717843403441298,
          0.14753621366916544,
          0.21275527028364707,
          0.11723565683190118
        ],
        [
          0.07375962786974141,
          0.23447162569203345,
          0.1595681698591663,
          0.051870979902928493,
          0.01973298963854148,
          0.24511834752631212,
          0.2154782595112767
        ],
        [
          0.04333085055325358,
          0.16155416910525297,
          0.20210924817800996,
          0.2706550413686284,
          0.2011957251470754,
          0.010140953463699934,
          0.1110140121840798
        ],
        [
          0.03115581660126804,
          0.07536488054716887,
          0.18194893983800936,
          0.1431647728574237,
          0.25062986973945306,
          0.08696408399369182,
          0.2307716364229851
        ],
        [
          0.02061339511802157,
          0.11644823071616071,
          0.25438460011165853,
          0.2706184520645286,
          0.1301630830836311,
          0.1979520014727376,
          0.009820237433261833
        ],
        [
          0.19580138977510153,
          0.04470240655998174,
          0.23580879634899143,
          0.06175316927471998,
          0.11496591116796709,
          0.2925080145101533,
          0.05446031236308484
        ],
        [
          0.17806700097001,
          0.14071104342641996,
          0.10168100440011141,
          0.12039662597569695,
          0.1932199349009768,
          0.07470451206141622,
          0.19121987826536868
        ],
        [
          0.015333895813172042,
          0.11099733610892684,
          0.29764822995599616,
          0.11523906851023613,
          0.017636482923910353,
          0.16372778512320446,
          0.27941720156455396
        ],
        [
          0.29135621331828226,
          0.08524443361082151,
          0.2598789017350184,
          0.1634627752096574,
          0.01214120474080751,
          0.05256294922568698,
          0.13535352215972596
        ],
        [
          0.2083716953492669,
          0.012402433145284414,
          0.05484728099944536,
          0.22933356663525506,
          0.09582416475726134,
          0.2134906362969505,
          0.18573022281653648
        ],
        [
          0.26767017764976375,
          0.03612293691090952,
          0.19051061117716014,
          0.24756096389466217,
          0.16888507415270046,
          0.014859736052709158,
          0.07439050016209481
        ],
        [
          0.14527709267554217,
          0.17091263617066463,
          0.1423604518730612,
          0.07805720802678678,
          0.1882131670066833,
          0.1457526208469222,
          0.1294268234003397
        ],
        [
          0.09221931744622212,
          0.021450960954226536,
          0.3118993184394432,
          0.06063960651701934,
          0.25674530716316196,
          0.16605917995744157,
          0.09098630952248525
        ],
        [
          0.17232545614165642,
          0.17135088013360666,
          0.2078407007360894,
          0.09534489653211678,
          0.030423974133356166,
          0.13799575838006356,
          0.18471833394311107
        ],
        [
          0.009418311453781292,
          0.08743575622708394,
          0.259028543243111,
          0.21811534712869027,
          0.1265573109047385,
          0.025392683946681597,
          0.27405204709591335
        ],
        [
          0.24328871511468186,
          0.1799061790266302,
          0.044317302774098476,
          0.059462685752933654,
          0.28366073078746756,
          0.07559704654263304,
          0.11376734000155528
        ],
        [
          0.16028925234216626,
          0.10046074920526485,
          0.020540354216110994,
          0.16074112504512428,
          0.28082745324549746,
          0.1857575300566601,
          0.09138353588917604
        ],
        [
          0.15731477453062787,
          0.10252105320867676,
          0.19412826233722566,
          0.22198893378294857,
          0.07390757716076256,
          0.10580625949929755,
          0.14433313948046111
        ],
        [
          0.16532791920713336,
          0.013824021702394235,
          0.10712794449795572,
          0.11209444583602901,
          0.2557694003565781,
          0.2517407323257053,
          0.09411553607420434
        ],
        [
          0.20321398014777384,
          0.1584132584003744,
          0.11790086343273683,
          0.1626371762464711,
          0.2078666025501539,
          0.12843737360955043,
          0.02153074561293949
        ],
        [
          0.20202004555088426,
          0.023750497540257782,
          0.12143004370237402,
          0.16201569520245684,
          0.022531329555228335,
          0.10000481627744419,
          0.3682475721713545
        ],
        [
          0.10710284441771199,
          0.11807176822693723,
          0.22275772209382766,
          0.12444622059909337,
          0.10642324419441751,
          0.09933255645510608,
          0.22186564401290618
        ],
        [
          0.21413359543583202,
          0.06325642889572027,
          0.05388465462498559,
          0.1540938937676769,
          0.24810722695887164,
          0.22112955745337384,
          0.04539464286353974
        ],
        [
          0.14560801940461923,
          0.11692396406912202,
          0.17814066360568415,
          0.19787116793372617,
          0.16084637914568284,
          0.08124380943398478,
          0.11936599640718076
        ],
        [
          0.19608674930545134,
          0.14948701585638582,
          0.15516895969237363,
          0.10169908241119169,
          0.11968702759920645,
          0.09661004497117107,
          0.18126112016422008
        ],
        [
          0.21362845015796708,
          0.1679956144925737,
          0.20138729094338287,
          0.1375163560873558,
          0.06598508142536509,
          0.0069152209285547,
          0.20657198596480086
        ],
        [
          0.3715291779770458,
          0.32250635903257785,
          0.08296846053303118,
          0.041170600780743145,
          0.12923196097500875,
          0.03904499782970874,
          0.013548442871884493
        ],
        [
          0.2402819552615475,
          0.24306192115809733,
          0.19859879001392133,
          0.011399677101536183,
          0.02237568025390003,
          0.25205434050191255,
          0.032227635709085094
        ],
        [
          0.09973280439539765,
          0.2267421407119712,
          0.29221351479793073,
          0.30614308459537803,
          0.04743550129390328,
          0.02009912676193375,
          0.007633827443485305
        ],
        [
          0.068430445353021,
          0.2602495122451975,
          0.2366818810395961,
          0.18056057546851184,
          0.10013010299842355,
          0.13750522924395453,
          0.01644225365129551
        ],
        [
          0.09362957185949057,
          0.2959113394643035,
          0.11731946932240687,
          0.17102673603267232,
          0.2045897700095224,
          0.08370296490361272,
          0.03382014840799157
        ],
        [
          0.3085731914770815,
          0.1523687934775736,
          0.020868223244141986,
          0.13856643163514817,
          0.11405838781030575,
          0.10724431310884965,
          0.1583206592468994
        ],
        [
          0.1627915726252376,
          0.1585563124060352,
          0.16067797240280696,
          0.14824351305492553,
          0.2082999224917547,
          0.14535553929127804,
          0.016075167727962032
        ],
        [
          0.2457206640676823,
          0.12895607362227973,
          0.026791554629458342,
          0.24000641523090022,
          0.05889024076191178,
          0.11141830729792902,
          0.18821674438983868
        ],
        [
          0.2012060940818415,
          0.11056842663210036,
          0.05668941269148325,
          0.2286301939365619,
          0.13589326939797056,
          0.12406764385688519,
          0.14294495940315732
        ],
        [
          0.2633004715844928,
          0.06603501781313395,
          0.03138496217958841,
          0.09946492382497495,
          0.1997659860651234,
          0.2125575872528005,
          0.12749105127988594
        ],
        [
          0.06263962377129574,
          0.1493919860555018,
          0.16191638430687705,
          0.18227779291067095,
          0.10707704296472574,
          0.1634064755043553,
          0.1732906944865734
        ],
        [
          0.21713744568188798,
          0.23627063555253075,
          0.11797379497916227,
          0.012301815707175829,
          0.01819520547380597,
          0.22306873951266046,
          0.17505236309277666
        ],
        [
          0.22397409966311904,
          0.2747065864540607,
          0.16132502886569763,
          0.16230749434129274,
          0.05573049389229105,
          0.08298493026548417,
          0.03897136651805467
        ],
        [
          0.05336608885353181,
          0.16555345315655104,
          0.17332713183324483,
          0.16805561702315777,
          0.059973226302008034,
          0.1900237361044017,
          0.18970074672710474
        ],
        [
          0.18650017730025606,
          0.16231943991870112,
          0.2666653077062889,
          0.1038878363521656,
          0.23626385530169267,
          0.0029047048469572965,
          0.04145867857393835
        ],
        [
          0.07337921097375061,
          0.08352391446618194,
          0.27472231338339326,
          0.21508030968897263,
          0.13836814478709805,
          0.051413565059790424,
          0.163512541640813
        ],
        [
          0.19673962365951778,
          0.16446105259713947,
          0.1527688406259845,
          0.10522914636971396,
          0.09772458963493807,
          0.07230283505788632,
          0.21077391205481982
        ],
        [
          0.050467806394609085,
          0.058630933615001636,
          0.2236404256283544,
          0.1672548027041938,
          0.08225211425499171,
          0.04103626387935039,
          0.376717653523499
        ],
        [
          0.085309740406018,
          0.17043275880151315,
          0.13383369177603052,
          0.10083868775646822,
          0.16957175159915588,
          0.15105475558068965,
          0.18895861408012454
        ],
        [
          0.19742573860018756,
          0.17405912446797206,
          0.16223027033373708,
          0.08776114718130117,
          0.008004304769539866,
          0.20728024343745072,
          0.16323917120981155
        ],
        [
          0.1300941923676667,
          0.2278443012870726,
          0.028785932049307936,
          0.25813272853151314,
          0.22266210109405626,
          0.12143849311996391,
          0.011042251550419546
        ],
        [
          0.049766408645246146,
          0.2409035078201798,
          0.256899846047211,
          0.005498522904161395,
          0.05746167104426638,
          0.25030637857579313,
          0.1391636649631421
        ],
        [
          0.09944260170980289,
          0.18231169564060842,
          0.0951136550330545,
          0.167531835114252,
          0.20420622086043397,
          0.10822155602316197,
          0.14317243561868626
        ],
        [
          0.20054924793912537,
          0.19227997155922558,
          0.08573494281709709,
          0.18586107824384226,
          0.1947575407965108,
          0.13216603164176743,
          0.008651187002431468
        ]
      ],
      "timestamps": [
        0,
        1,
        2,
        3,
        4,
        5,
        6,
        7,
        8,
        9,
        10,
        11,
        12,
        13,
        14,
        15,
        16,
        17,
        18,
        19,
        20,
        21,
        22,
        23,
        24,
        25,
        26,
        27,
        28,
        29,
        30,
        31,
        32,
        33,
        34,
        35,
        36,
        37,
        38,
        39,
        40,
        41,
        42,
        43,
        44,
        45,
        46,
        47,
        48,
        49,
        50,
        51,
        52,
        53,
        54,
        55,
        56,
        57,
        58
      ],
      "distance": 881.9
    },
    {
      "trip_id": 1,
      "transport_method": "car",
      "start_time": 59,
      "path": [
        [
          1.5205310000000003,
          42.50749189999999
        ],
        [
          1.5208505628394084,
          42.50718788262976
        ],
        [
          1.5209565551235904,
          42.506822088936794
        ],
        [
          1.5206792094926755,
          42.506779388151344
        ],
        [
          1.5212843564619873,
          42.50702037809546
        ],
        [
          1.5217709360546832,
          42.5074815786298
        ],
        [
          1.522416527626828,
          42.50747918031618
        ],
        [
          1.5221673402780276,
          42.506960638657446
        ],
        [
          1.521695815742713,
          42.506469138094666
        ],
        [
          1.521194515665769,
          42.50605278011149
        ],
        [
          1.520817366896836,
          42.50590837018236
        ],
        [
          1.5214534411692813,
          42.50615192245714
        ],
        [
          1.5218373500382212,
          42.5057241603826
        ],
        [
          1.5220101306789624,
          42.50506533801343
        ],
        [
          1.5217446358375033,
          42.50491042177317
        ],
        [
          1.521087618968602,
          42.50474347483779
        ],
        [
          1.520461297584112,
          42.504496149707315
        ],
        [
          1.5207019524080114,
          42.50489815152179
        ],
        [
          1.5204165547123625,
          42.504461736171066
        ],
        [
          1.5201061163028857,
          42.5042913804073
        ],
        [
          1.5205566376747384,
          42.5044868742219
        ],
        [
          1.5199848678693304,
          42.50422752400767
        ],
        [
          1.5203478611634254,
          42.50442446641183
        ],
        [
          1.5201776343294768,
          42.50432284355116
        ],
        [
          1.5199178853878708,
          42.50444644248155
        ],
        [
          1.519506857874748,
          42.504541410657886
        ],
        [
          1.5188502,
          42.50436160000001
        ]
      ],
      "emotions": [
        "purple",
        "red",
        "red",
        "red",
        "red",
        "red",
        "green",
        "green",
        "green",
        "green",
        "green",
        "purple",
        "purple",
        "purple",
        "purple",
        "purple",
        "green",
        "green",
        "green",
        "green",
        "green",
        "red",
        "red",
        "red",
        "red",
        "red",
        "purple"
      ],
      "mood_vectors": [
        [
          0.13866432986823518,
          0.020075180167131716,
          0.11561049725844111,
          0.219433353612196,
          0.14237138821940706,
          0.1481303291991799,
          0.215714921675409
        ],
        [
          0.03367615390453836,
          0.16785571764054083,
          0.20638459568972098,
          0.012414673359759598,
          0.2566693564446792,
          0.1511912910229336,
          0.1718082119378275
        ],
        [
          0.1902729491805853,
          0.11544702083376444,
          0.251254892783146,
          0.0017092663766807618,
          0.10098885117324723,
          0.08902665277144045,
          0.2513003668811358
        ],
        [
          0.0900222462209284,
          0.16636455832563038,
          0.20774864535401097,
          0.09408135888857415,
          0.25971754868952057,
          0.036640677279842625,
          0.14542496524149282
        ],
        [
          0.11045757086886986,
          0.0020334037415388646,
          0.0712177885101375,
          0.11201604003248572,
          0.018068419670811957,
          0.3651422571151128,
          0.3210645200610433
        ],
        [
          0.03829049114670215,
          0.24308360962856457,
          0.13523067439906036,
          0.14771253270560786,
          0.18093426695624418,
          0.15275258970852676,
          0.10199583545529417
        ],
        [
          0.10298159947829419,
          0.18360594767232918,
          0.02910767310356964,
          0.21901700905055962,
          0.16517846328786615,
          0.09838404621335248,
          0.20172526119402875
        ],
        [
          0.2873794473210086,
          0.003733878046389904,
          0.23955729636724568,
          0.003984686656757898,
          0.2898206688972493,
          0.01181487945878172,
          0.16370914325256689
        ],
        [
          0.0056533119088412204,
          0.26426738515128895,
          0.10386796835718788,
          0.2565924086476993,
          0.3238558559110878,
          0.03696925732083281,
          0.008793812703062093
        ],
        [
          0.011905505491823306,
          0.11246907721546748,
          0.21562945623865365,
          0.08318719182949812,
          0.11107850940921475,
          0.2043374818725535,
          0.2613927779427892
        ],
        [
          0.0965615728785953,
          0.08755376965084315,
          0.13585229971743412,
          0.10541284260716953,
          0.1754817384095916,
          0.2104391054639507,
          0.18869867127241557
        ],
        [
          0.21314538636341868,
          0.18630028497452228,
          0.0708957474234837,
          0.09781632377297307,
          0.14812664808771073,
          0.19957331300408485,
          0.08414229637380675
        ],
        [
          0.19031785959817812,
          0.3154554283028461,
          0.13831602219192096,
          0.029098643626897853,
          0.21693906466012566,
          0.06970344178594381,
          0.04016953983408748
        ],
        [
          0.07877452967191338,
          0.18332574054585132,
          0.10980107505450058,
          0.1332571342534941,
          0.047494903129851274,
          0.17255834126765104,
          0.2747882760767383
        ],
        [
          0.04459779566767078,
          0.07396335158032416,
          0.09293362177623898,
          0.2539896673213501,
          0.29322183993796147,
          0.22623819882034774,
          0.015055524896106785
        ],
        [
          0.12960743460817187,
          0.06762659372750725,
          0.24123132995854932,
          0.08621985663167546,
          0.12999217402252802,
          0.21986747658217579,
          0.12545513446939235
        ],
        [
          0.23230114752448963,
          0.058023696995055225,
          0.25677076594988113,
          0.20911550500090292,
          0.16999122429318195,
          0.06049075909469424,
          0.0133069011417949
        ],
        [
          0.029370588091832316,
          0.049536650580136,
          0.1658647020353608,
          0.3259770077165495,
          0.16933426037574845,
          0.1714192234434274,
          0.0884975677569455
        ],
        [
          0.10904925245233858,
          0.09916971372613254,
          0.14308321188277415,
          0.17124053695091174,
          0.13981823857924663,
          0.1652562384048118,
          0.1723828080037846
        ],
        [
          0.12817559480855434,
          0.16058205219849564,
          0.15247158242270384,
          0.19139417030931838,
          0.07627065734275207,
          0.07206500731183578,
          0.21904093560634
        ],
        [
          0.02695652741500998,
          0.21362390950131982,
          0.15013746375622358,
          0.14729531928879278,
          0.19863630352849207,
          0.17601355677012803,
          0.08733691974003376
        ],
        [
          0.18687595361391132,
          0.2289441285411254,
          0.14875368843354064,
          0.06259106400777005,
          0.07073995772806635,
          0.07221127432824981,
          0.22988393334733642
        ],
        [
          0.04661805453113373,
          0.3605579213619641,
          0.16563036044638577,
          0.042456668825042274,
          0.06522431936214679,
          0.23516820997617846,
          0.08434446549714883
        ],
        [
          0.16410187396821288,
          0.07179175212631071,
          0.1593641112310019,
          0.05229811488598172,
          0.24012421857554556,
          0.2938206599743241,
          0.018499269238623155
        ],
        [
          0.22094633150544518,
          0.154445162041266,
          0.30037594607292945,
          0.04810196533198693,
          0.04789101291445141,
          0.22796732833031358,
          0.0002722538036074267
        ],
        [
          0.04966174086249425,
          0.21307476474354622,
          0.23262340321340677,
          0.001994273800426523,
          0.2366288261433527,
          0.09768354191797024,
          0.16833344931880326
        ],
        [
          0.10889501473478347,
          0.09670383042655366,
          0.17941569420783957,
          0.14116717728318665,
          0.17974315553639683,
          0.17321494284921427,
          0.12086018496202554
        ]
      ],
      "timestamps": [
        59,
        60,
        61,
        62,
        63,
        64,
        65,
        66,
        67,
        68,
        69,
        70,
        71,
        72,
        73,
        74,
        75,
        76,
        77,
        78,
        79,
        80,
        81,
        82,
        83,
        84,
        85
      ],
      "distance": 599.1
    },
    {
      "trip_id": 2,
      "transport_method": "bicycle",
      "start_time": 86,
      "path": [
        [
          1.5188502,
          42.50436160000001
        ],
        [
          1.5187628897147494,
          42.504564678053534
        ],
        [
          1.518600484204512,
          42.504921356461516
        ],
        [
          1.518539558620913,
          42.504902534396805
        ],
        [
          1.5184571016611421,
          42.50518514894428
        ],
        [
          1.5186147183994152,
          42.50540028959245
        ],
        [
          1.5186714859604442,
          42.505590810990824
        ],
        [
          1.518640441315318,
          42.50561934141895
        ],
        [
          1.5186061490359006,
          42.50552126866321
        ],
        [
          1.5183594392673878,
          42.5056894578704
        ],
        [
          1.5185422534113702,
          42.50604553908103
        ],
        [
          1.518797369450706,
          42.50634957730565
        ],
        [
          1.5191935831498329,
          42.50631163249029
        ],
        [
          1.5194995000000002,
          42.5063641
        ]
      ],
      "emotions": [
        "purple",
        "purple",
        "purple",
        "purple",
        "red",
        "red",
        "red",
        "red",
        "red",
        "green",
        "green",
        "green",
        "green",
        "green"
      ],
      "mood_vectors": [
        [
          0.20533497739912512,
          0.13127645527466497,
          0.23141288847312017,
          0.2025030351921167,
          0.06477379530885047,
          0.11884141688933382,
          0.04585743146278884
        ],
        [
          0.17793001330007702,
          0.18760197089077255,
          0.029170967378219455,
          0.024896663205918858,
          0.29166181107943057,
          0.21079933306407217,
          0.07793924108150935
        ],
        [
          0.006803103806724828,
          0.06364523594835185,
          0.2743010971172227,
          0.21942447317303557,
          0.02223786249506373,
          0.3208016831612162,
          0.09278654429838508
        ],
        [
          0.1480677282856179,
          0.10264868166111703,
          0.15754280941314758,
          0.026379957460966965,
          0.2592320297340666,
          0.24571477474315842,
          0.0604140187019255
        ],
        [
          0.1746158927464508,
          0.256677494049074,
          0.13674011949424972,
          0.04644673894504224,
          0.11214550993583292,
          0.04099358393078725,
          0.2323806608985631
        ],
        [
          0.276218175293577,
          0.14784572865830237,
          0.16191218251377867,
          0.230464997717051,
          0.09520095112465086,
          0.07520653418061782,
          0.013151430512022241
        ],
        [
          0.03616119752265014,
          0.2412605497431241,
          0.13914620699868083,
          0.25993172888946237,
          0.18598955511706577,
          0.07364431796703019,
          0.06386644376198655
        ],
        [
          0.13145637009589262,
          0.22337946297081684,
          0.08762091903681786,
          0.087563820857971,
          0.39924533566744863,
          0.02486511456751498,
          0.04586897680353797
        ],
        [
          0.06137337561028526,
          0.19110616229155858,
          0.09767289364298794,
          0.24558558767158084,
          0.09795994582654707,
          0.21731148283003354,
          0.08899055212700675
        ],
        [
          0.13332322021749077,
          0.07990007906410272,
          0.22172867371204613,
          0.08379341498739995,
          0.19675869204757201,
          0.2533729515753088,
          0.031122968396079604
        ],
        [
          0.11748348591433985,
          0.16369929852710297,
          0.22579462654142782,
          0.091870612691192,
          0.12337651586552734,
          0.14004341000539577,
          0.13773205045501433
        ],
        [
          0.2590544728444299,
          0.3362561009461985,
          0.17035098195954998,
          0.046484455075146175,
          0.002240199192010628,
          0.16149173170752362,
          0.02412205827514122
        ],
        [
          0.10620685548636152,
          0.13255227336842773,
          0.05354695751942157,
          0.021918627490119136,
          0.11199340973489863,
          0.374579497654476,
          0.19920237874629543
        ],
        [
          0.030903938363849776,
          0.004900060625435716,
          0.026753158351066987,
          0.18381738647076373,
          0.25533383205143495,
          0.19813627284342372,
          0.3001553512940251
        ]
      ],
      "timestamps": [
        86,
        87,
        88,
        89,
        90,
        91,
        92,
        93,
        94,
        95,
        96,
        97,
        98,
        99
      ],
      "distance": 804
    }
  ],
  "conversation": [
    "Let's loop around the park before heading back.",
    "Where did the time go?",
    "How is this just a neighborhood and not a whole city?"
  ],
  "conversation_timestamps": [
    53,
    74,
    76
  ]
}
