{"agent_id": "agent-blue-1920", "type": "blue", "trips": [{"trip_id": 0, "transport_method": "foot", "start_time": 0, "path": [[1.7328299, 42.5426276], [1.7350666, 42.5444876], [1.7339508, 42.5466452], [1.7341335, 42.5473684], [1.7308748, 42.5454961], [1.7273663, 42.5441699], [1.7236367, 42.5437614], [1.7198778, 42.5438291], [1.7161196, 42.5439566], [1.7123604, 42.5440489], [1.7086059, 42.5442502], [1.704857, 42.5445413], [1.7011956, 42.5453111], [1.6983027, 42.5476619], [1.6958861, 42.550469], [1.6931587, 42.5530155], [1.6904279, 42.5555792], [1.6877535, 42.5581827], [1.6846805, 42.5603483], [1.6816462, 42.5625323], [1.6797213, 42.5656647], [1.6783924, 42.5691824], [1.6793243, 42.5660233], [1.6800798, 42.5647273], [1.678764, 42.5682499], [1.6768994, 42.5714594], [1.6740712, 42.5739176], [1.6719501, 42.5752636], [1.6684358, 42.5765749], [1.6654389, 42.5760239], [1.6616953, 42.576277], [1.6581349, 42.5758383], [1.6566132, 42.5754495], [1.6530006, 42.5746891], [1.6495396, 42.5759037], [1.6462497, 42.5772862], [1.6425675, 42.5779807], [1.6388396, 42.5781688], [1.635134, 42.577815], [1.6325111, 42.5782392], [1.6289218, 42.5778631], [1.6255148, 42.5767696], [1.6258366, 42.5769745], [1.6223808, 42.5756001], [1.6190486, 42.5741224], [1.6157786, 42.5727133], [1.6121178, 42.571985], [1.6085253, 42.5713169], [1.6056852, 42.57052], [1.6032033, 42.5682212], [1.5997988, 42.5666533], [1.5977466, 42.5659151], [1.5953933, 42.5651797], [1.5956919, 42.5654582], [1.5930261, 42.5644898], [1.5903989, 42.562373], [1.588751, 42.5594999], [1.586699, 42.5588891], [1.584591, 42.5579174], [1.5837831, 42.5560634], [1.58131, 42.5552345], [1.5776582, 42.5549174], [1.5757176, 42.5551933], [1.5746642, 42.5550256], [1.5719236, 42.5555485], [1.5686527, 42.5557101], [1.5650327, 42.5547299], [1.5635659, 42.5553824], [1.561632, 42.5563834], [1.5624827, 42.5576893], [1.5587713, 42.5580871], [1.5550279, 42.5581126], [1.5560963, 42.5586029], [1.5538357, 42.5591643], [1.5501902, 42.5585718], [1.5464891, 42.5582987], [1.5437332, 42.5575626], [1.5408993, 42.5580741], [1.5374728, 42.5571456], [1.5345311, 42.5563922]], "mood_vectors": [[0.0656, 0.0516, 0.0452, 0.6842, 0.0667, 0.057, 0.0297], [0.066, 0.0377, 0.0514, 0.708, 0.075, 0.0247, 0.0372], [0.0741, 0.067, 0.0297, 0.6908, 0.028, 0.0524, 0.0581], [0.044, 0.0919, 0.0604, 0.6671, 0.0707, 0.0445, 0.0215], [0.0454, 0.0657, 0.034, 0.6733, 0.0329, 0.0781, 0.0707], [0.0387, 0.0342, 0.0577, 0.7037, 0.0314, 0.0572, 0.0771], [0.0161, 0.0333, 0.0155, 0.7508, 0.0763, 0.0625, 0.0455], [0.0262, 0.0639, 0.0309, 0.6712, 0.0526, 0.0662, 0.089], [0.0768, 0.0874, 0.0287, 0.6927, 0.029, 0.0432, 0.0422], [0.0312, 0.0684, 0.0686, 0.6204, 0.0882, 0.04, 0.0833], [0.0669, 0.0743, 0.0602, 0.6064, 0.0633, 0.0531, 0.0757], [0.0506, 0.0437, 0.0614, 0.6683, 0.0587, 0.0536, 0.0637], [0.0504, 0.0591, 0.0677, 0.7036, 0.0366, 0.0449, 0.0378], [0.0211, 0.0534, 0.0639, 0.6404, 0.0844, 0.0587, 0.0781], [0.0876, 0.0764, 0.0344, 0.6413, 0.077, 0.066, 0.0173], [0.0303, 0.0307, 0.0749, 0.7308, 0.0731, 0.0143, 0.0459], [0.0184, 0.0857, 0.0782, 0.6741, 0.0248, 0.0755, 0.0431], [0.0706, 0.0425, 0.0145, 0.6448, 0.0835, 0.0905, 0.0537], [0.0624, 0.0711, 0.0749, 0.6422, 0.0509, 0.0198, 0.0788], [0.031, 0.0696, 0.0226, 0.6782, 0.0704, 0.0791, 0.0491], [0.0565, 0.0439, 0.0741, 0.6591, 0.0515, 0.0394, 0.0755], [0.0455, 0.0448, 0.0177, 0.7596, 0.059, 0.054, 0.0194], [0.0557, 0.0858, 0.0149, 0.6684, 0.0838, 0.077, 0.0144], [0.041, 0.0612, 0.0124, 0.7128, 0.0759, 0.036, 0.0608], [0.0863, 0.0647, 0.0887, 0.609, 0.0273, 0.0315, 0.0926], [0.0508, 0.028, 0.039, 0.6895, 0.0693, 0.0564, 0.067], [0.0514, 0.0647, 0.0378, 0.6778, 0.0534, 0.0525, 0.0624], [0.0229, 0.0278, 0.0688, 0.6794, 0.0395, 0.0856, 0.0759], [0.0274, 0.0725, 0.0663, 0.716, 0.033, 0.0712, 0.0137], [0.0622, 0.0142, 0.0442, 0.7041, 0.0592, 0.068, 0.0481], [0.0639, 0.0173, 0.0531, 0.7325, 0.0153, 0.07, 0.048], [0.0478, 0.0151, 0.0639, 0.7418, 0.039, 0.0379, 0.0544], [0.0748, 0.0771, 0.0531, 0.6364, 0.071, 0.075, 0.0127], [0.0721, 0.0773, 0.0664, 0.6148, 0.0595, 0.0386, 0.0714], [0.0246, 0.059, 0.0163, 0.7361, 0.0636, 0.0712, 0.0292], [0.0495, 0.0389, 0.0841, 0.6481, 0.0688, 0.0591, 0.0516], [0.0582, 0.0606, 0.0447, 0.71, 0.0541, 0.0377, 0.0348], [0.0912, 0.0231, 0.0283, 0.7295, 0.0589, 0.0318, 0.0372], [0.0504, 0.0292, 0.0725, 0.6841, 0.0434, 0.0448, 0.0756], [0.0635, 0.0192, 0.0371, 0.6852, 0.0652, 0.0844, 0.0455], [0.0732, 0.0322, 0.0577, 0.7107, 0.0385, 0.0601, 0.0275], [0.08, 0.0611, 0.0771, 0.668, 0.0548, 0.0283, 0.0307], [0.013, 0.0448, 0.0208, 0.7605, 0.0626, 0.03, 0.0683], [0.0699, 0.0367, 0.0463, 0.7385, 0.0386, 0.0496, 0.0204], [0.0436, 0.0428, 0.0215, 0.7246, 0.0219, 0.0723, 0.0732], [0.0826, 0.0527, 0.045, 0.7107, 0.0295, 0.026, 0.0534], [0.0536, 0.0241, 0.0475, 0.6484, 0.0609, 0.0759, 0.0896], [0.062, 0.0466, 0.0491, 0.6933, 0.0443, 0.0443, 0.0604], [0.0508, 0.1022, 0.0448, 0.7045, 0.0571, 0.0214, 0.0192], [0.03, 0.0444, 0.0292, 0.7005, 0.0623, 0.0763, 0.0573], [0.0581, 0.0263, 0.0937, 0.6945, 0.0328, 0.0463, 0.0482], [0.0492, 0.0679, 0.0772, 0.6534, 0.0669, 0.0142, 0.0711], [0.0457, 0.0774, 0.0581, 0.7027, 0.0596, 0.0115, 0.045], [0.075, 0.0409, 0.0226, 0.8012, 0.0192, 0.0161, 0.025], [0.0389, 0.0366, 0.0394, 0.7657, 0.0303, 0.039, 0.0501], [0.0575, 0.0621, 0.0671, 0.5924, 0.0801, 0.0746, 0.0662], [0.0689, 0.0654, 0.0294, 0.7182, 0.0248, 0.0284, 0.0651], [0.0444, 0.0884, 0.0194, 0.7068, 0.0578, 0.0309, 0.0523], [0.0188, 0.0278, 0.0462, 0.7167, 0.0609, 0.0509, 0.0788], [0.0343, 0.056, 0.0366, 0.7164, 0.0313, 0.0688, 0.0566], [0.0242, 0.0627, 0.0662, 0.7125, 0.0465, 0.0228, 0.065], [0.0813, 0.0277, 0.0376, 0.6692, 0.0678, 0.0971, 0.0193], [0.0929, 0.0194, 0.0281, 0.6554, 0.0816, 0.0564, 0.0662], [0.0301, 0.0575, 0.0631, 0.7304, 0.0223, 0.05, 0.0467], [0.0555, 0.0286, 0.0579, 0.6831, 0.0619, 0.0459, 0.0671], [0.0156, 0.0745, 0.0907, 0.6659, 0.0441, 0.0223, 0.0868], [0.0657, 0.1053, 0.0985, 0.6467, 0.0262, 0.0387, 0.019], [0.0478, 0.0584, 0.0558, 0.6751, 0.0551, 0.0591, 0.0488], [0.0609, 0.0779, 0.0204, 0.7489, 0.0228, 0.0346, 0.0346], [0.0866, 0.0541, 0.0378, 0.6212, 0.0587, 0.0877, 0.0539], [0.0776, 0.0293, 0.0702, 0.6479, 0.076, 0.083, 0.0159], [0.0445, 0.0374, 0.0689, 0.6966, 0.0313, 0.0599, 0.0614], [0.0494, 0.0486, 0.0742, 0.6857, 0.0627, 0.0434, 0.0361], [0.0375, 0.0553, 0.0468, 0.7007, 0.0973, 0.0236, 0.0388], [0.0668, 0.091, 0.0591, 0.6416, 0.0164, 0.0825, 0.0425], [0.0697, 0.0293, 0.0462, 0.717, 0.0671, 0.0175, 0.0532], [0.0291, 0.0525, 0.049, 0.7599, 0.0156, 0.0624, 0.0315], [0.0729, 0.0253, 0.0167, 0.7367, 0.023, 0.0503, 0.0751], [0.0457, 0.0252, 0.0471, 0.6783, 0.0686, 0.0611, 0.074], [0.0374, 0.06, 0.0469, 0.6366, 0.0515, 0.0802, 0.0875]], "emotions": ["green", "green", "green", "green", "green", "green", "green", "green", "green", "green", "green", "green", "green", "green", "green", "green", "green", "green", "green", "green", "green", "green", "green", "green", "green", "green", "green", "green", "green", "green", "green", "green", "green", "green", "green", "green", "green", "green", "green", "green", "green", "green", "green", "green", "green", "green", "green", "green", "green", "green", "green", "green", "green", "green", "green", "green", "green", "green", "green", "green", "green", "green", "green", "green", "green", "green", "green", "green", "green", "green", "green", "green", "green", "green", "green", "green", "green", "green", "green", "green"], "timestamps": [0, 40, 80, 120, 160, 200, 240, 280, 320, 360, 400, 440, 480, 520, 560, 600, 640, 680, 720, 760, 800, 840, 880, 920, 960, 1000, 1040, 1080, 1120, 1160, 1200, 1240, 1280, 1320, 1360, 1400, 1440, 1480, 1520, 1560, 1600, 1640, 1680, 1720, 1760, 1800, 1840, 1880, 1920, 1960, 2000, 2040, 2080, 2120, 2160, 2200, 2240, 2280, 2320, 2360, 2400, 2440, 2480, 2520, 2560, 2600, 2640, 2680, 2720, 2760, 2800, 2840, 2880, 2920, 2960, 3000, 3040, 3080, 3120, 3160]}], "conversation": [], "conversation_timestamps": []}