{"agent_id": "agent-red-1481", "type": "red", "trips": [{"trip_id": 0, "transport_method": "foot", "start_time": 0, "path": [[1.5241083, 42.5075245], [1.5241346, 42.5076851], [1.5242449, 42.5077493], [1.5244065, 42.5077652], [1.5245602, 42.5078141], [1.5247128, 42.5078695], [1.5248692, 42.5079146], [1.5250256, 42.5079597], [1.525182, 42.5080048], [1.5253383, 42.5080499], [1.5254948, 42.5080948], [1.5256466, 42.5081526], [1.5257999, 42.5082037], [1.5259613, 42.5082252], [1.5261201, 42.5082593], [1.5262798, 42.5082909], [1.52644, 42.5083192], [1.5266014, 42.5083397], [1.5267636, 42.5083521], [1.5269263, 42.5083579], [1.527089, 42.5083598], [1.5272518, 42.5083614], [1.5274143, 42.5083676], [1.5275734, 42.5083976], [1.5277241, 42.5084586], [1.5278738, 42.5085226], [1.5280234, 42.5085866], [1.5281731, 42.5086506], [1.5283195, 42.5087216], [1.5284662, 42.5087917], [1.5286246, 42.5088291], [1.528783, 42.5088666], [1.528942, 42.5089011], [1.5291014, 42.5089339], [1.5291333, 42.5089057], [1.5289743, 42.508888], [1.5288652, 42.5088863], [1.5290232, 42.5089252], [1.5291813, 42.5089642], [1.5293393, 42.5090031], [1.5294973, 42.5090421], [1.5296554, 42.509081], [1.5298129, 42.5091219], [1.5299678, 42.5091714], [1.5301216, 42.5092248], [1.5302754, 42.5092781], [1.5304293, 42.5093309], [1.5305837, 42.5093745], [1.5307372, 42.5093552], [1.5308904, 42.5094099], [1.531043, 42.5094667], [1.5311953, 42.5095241], [1.531347, 42.509583], [1.531499, 42.5096411], [1.531652, 42.5096965], [1.5318054, 42.5097508], [1.5319588, 42.5098052], [1.5321139, 42.5098546], [1.5322706, 42.5098578], [1.5324163, 42.5099291], [1.5325761, 42.5099575], [1.5327382, 42.5099719], [1.5329005, 42.5099823], [1.5330625, 42.5099981], [1.5332245, 42.5100139], [1.5333818, 42.5100479], [1.5335313, 42.5101124], [1.5336805, 42.5101774], [1.5338248, 42.5102526], [1.5339691, 42.5103279], [1.5341134, 42.5104032], [1.5342577, 42.5104784], [1.534402, 42.5105537], [1.5345463, 42.5106289], [1.5346906, 42.5107042], [1.5348349, 42.5107795], [1.5349746, 42.5108148], [1.5350978, 42.5107084], [1.5352209, 42.510602], [1.535374, 42.5105509]], "mood_vectors": [[0.6294, 0.0336, 0.0485, 0.0909, 0.0991, 0.0549, 0.0437], [0.7036, 0.067, 0.067, 0.0489, 0.0214, 0.051, 0.041], [0.7207, 0.0314, 0.0246, 0.0683, 0.0535, 0.0636, 0.038], [0.6498, 0.0787, 0.03, 0.0738, 0.066, 0.0478, 0.0539], [0.6992, 0.0269, 0.0706, 0.0866, 0.0452, 0.0287, 0.0428], [0.6153, 0.0926, 0.0583, 0.0858, 0.096, 0.0147, 0.0374], [0.7497, 0.0303, 0.0668, 0.0698, 0.0144, 0.0484, 0.0206], [0.7438, 0.0198, 0.0281, 0.0571, 0.053, 0.0649, 0.0332], [0.7316, 0.028, 0.066, 0.0302, 0.0835, 0.0251, 0.0356], [0.5845, 0.0621, 0.0572, 0.0759, 0.0768, 0.0575, 0.086], [0.6833, 0.0686, 0.0586, 0.0546, 0.0222, 0.0609, 0.0517], [0.6079, 0.0774, 0.0789, 0.0739, 0.0549, 0.067, 0.0399], [0.6668, 0.0496, 0.0645, 0.0255, 0.0637, 0.0594, 0.0704], [0.7452, 0.0486, 0.0681, 0.0395, 0.033, 0.0262, 0.0393], [0.7711, 0.0424, 0.0402, 0.0371, 0.0517, 0.0171, 0.0405], [0.7429, 0.051, 0.029, 0.0249, 0.0542, 0.0393, 0.0588], [0.72, 0.048, 0.0658, 0.0466, 0.0429, 0.031, 0.0457], [0.6746, 0.0433, 0.0377, 0.0406, 0.0782, 0.0739, 0.0518], [0.6818, 0.08, 0.0616, 0.0669, 0.0268, 0.0351, 0.0477], [0.6339, 0.016, 0.0847, 0.0398, 0.0661, 0.0931, 0.0663], [0.6516, 0.0138, 0.058, 0.0605, 0.0763, 0.0665, 0.0733], [0.7844, 0.0406, 0.041, 0.0413, 0.0313, 0.0132, 0.0482], [0.6648, 0.0731, 0.0693, 0.0322, 0.0172, 0.0797, 0.0637], [0.6624, 0.0736, 0.045, 0.0266, 0.0606, 0.0701, 0.0617], [0.7346, 0.014, 0.0311, 0.0242, 0.0556, 0.0934, 0.047], [0.6678, 0.0198, 0.0801, 0.0826, 0.0505, 0.0265, 0.0727], [0.6111, 0.059, 0.0802, 0.0518, 0.0559, 0.0838, 0.0582], [0.7204, 0.0305, 0.0458, 0.0531, 0.0607, 0.0182, 0.0714], [0.7448, 0.0364, 0.0179, 0.0801, 0.0464, 0.0486, 0.0258], [0.6335, 0.0498, 0.0466, 0.0555, 0.0677, 0.0632, 0.0838], [0.7091, 0.0771, 0.0554, 0.0251, 0.025, 0.0393, 0.0691], [0.7057, 0.0643, 0.0193, 0.0945, 0.0139, 0.0362, 0.0661], [0.7485, 0.0283, 0.082, 0.0193, 0.0391, 0.0164, 0.0664], [0.6842, 0.0682, 0.0488, 0.0436, 0.0925, 0.0247, 0.0379], [0.6832, 0.0291, 0.0272, 0.0518, 0.0829, 0.0381, 0.0876], [0.702, 0.0652, 0.0373, 0.015, 0.069, 0.0887, 0.0228], [0.6764, 0.0681, 0.0659, 0.0708, 0.0123, 0.0448, 0.0617], [0.6821, 0.0607, 0.0359, 0.027, 0.0784, 0.0609, 0.055], [0.699, 0.0257, 0.0607, 0.0609, 0.0732, 0.0568, 0.0237], [0.732, 0.0419, 0.0451, 0.0331, 0.0739, 0.0619, 0.0121], [0.666, 0.0635, 0.0874, 0.0496, 0.0553, 0.0564, 0.0218], [0.6794, 0.0694, 0.0485, 0.0267, 0.0516, 0.0476, 0.0768], [0.6543, 0.0541, 0.0383, 0.077, 0.0571, 0.0541, 0.0651], [0.7146, 0.0806, 0.0549, 0.0462, 0.0487, 0.0144, 0.0406], [0.7006, 0.0139, 0.069, 0.0442, 0.0322, 0.0773, 0.0629], [0.7022, 0.0699, 0.0189, 0.0281, 0.0503, 0.057, 0.0736], [0.6993, 0.0481, 0.0521, 0.0403, 0.0941, 0.0417, 0.0245], [0.7409, 0.0548, 0.0235, 0.0691, 0.0293, 0.0691, 0.0134], [0.6994, 0.0585, 0.0769, 0.0351, 0.0434, 0.0229, 0.0638], [0.6715, 0.0867, 0.0134, 0.0468, 0.0539, 0.082, 0.0457], [0.6714, 0.0811, 0.0292, 0.06, 0.0844, 0.0256, 0.0483], [0.655, 0.0227, 0.0688, 0.0761, 0.0358, 0.0624, 0.0792], [0.7028, 0.0336, 0.0598, 0.0528, 0.0263, 0.0535, 0.0711], [0.6894, 0.0574, 0.0382, 0.076, 0.0713, 0.0163, 0.0513], [0.7093, 0.0323, 0.0473, 0.0289, 0.0578, 0.0679, 0.0565], [0.675, 0.0633, 0.0187, 0.0134, 0.0644, 0.084, 0.0813], [0.726, 0.0292, 0.0486, 0.055, 0.0529, 0.0617, 0.0265], [0.7884, 0.027, 0.0244, 0.0175, 0.0202, 0.0372, 0.0853], [0.6714, 0.0357, 0.0613, 0.0548, 0.0541, 0.0646, 0.0581], [0.7632, 0.0206, 0.0596, 0.0407, 0.028, 0.0629, 0.025], [0.7143, 0.0828, 0.0556, 0.0532, 0.0388, 0.0332, 0.0221], [0.6912, 0.0513, 0.0325, 0.0348, 0.0682, 0.0476, 0.0745], [0.7614, 0.0763, 0.0228, 0.0306, 0.0338, 0.0313, 0.0438], [0.7363, 0.0261, 0.0851, 0.0211, 0.0273, 0.0413, 0.0627], [0.7386, 0.0239, 0.0294, 0.0702, 0.0524, 0.0653, 0.0203], [0.7938, 0.0128, 0.0417, 0.0226, 0.0416, 0.014, 0.0735], [0.7197, 0.0727, 0.0164, 0.0468, 0.0677, 0.0626, 0.014], [0.6983, 0.0583, 0.064, 0.0516, 0.0591, 0.0412, 0.0275], [0.7054, 0.083, 0.07, 0.0552, 0.0219, 0.0319, 0.0326], [0.6898, 0.029, 0.0358, 0.1029, 0.0302, 0.0341, 0.0782], [0.7935, 0.0129, 0.03, 0.0784, 0.0229, 0.0147, 0.0476], [0.7109, 0.0662, 0.0546, 0.0383, 0.0408, 0.0162, 0.0732], [0.8102, 0.0155, 0.0462, 0.0465, 0.0293, 0.0392, 0.0131], [0.636, 0.0326, 0.0714, 0.0743, 0.0634, 0.0746, 0.0478], [0.7352, 0.0827, 0.0443, 0.022, 0.0304, 0.0272, 0.0582], [0.7025, 0.0143, 0.0715, 0.0651, 0.0466, 0.0421, 0.058], [0.7449, 0.0276, 0.0571, 0.0225, 0.0406, 0.0772, 0.0301], [0.7543, 0.0219, 0.0587, 0.0526, 0.0596, 0.0278, 0.0252], [0.6537, 0.0137, 0.0366, 0.0563, 0.0827, 0.067, 0.0899], [0.7598, 0.0138, 0.0731, 0.0214, 0.073, 0.0399, 0.019]], "emotions": ["red", "red", "red", "red", "red", "red", "red", "red", "red", "red", "red", "red", "red", "red", "red", "red", "red", "red", "red", "red", "red", "red", "red", "red", "red", "red", "red", "red", "red", "red", "red", "red", "red", "red", "red", "red", "red", "red", "red", "red", "red", "red", "red", "red", "red", "red", "red", "red", "red", "red", "red", "red", "red", "red", "red", "red", "red", "red", "red", "red", "red", "red", "red", "red", "red", "red", "red", "red", "red", "red", "red", "red", "red", "red", "red", "red", "red", "red", "red", "red"], "timestamps": [0, 40, 80, 120, 160, 200, 240, 280, 320, 360, 400, 440, 480, 520, 560, 600, 640, 680, 720, 760, 800, 840, 880, 920, 960, 1000, 1040, 1080, 1120, 1160, 1200, 1240, 1280, 1320, 1360, 1400, 1440, 1480, 1520, 1560, 1600, 1640, 1680, 1720, 1760, 1800, 1840, 1880, 1920, 1960, 2000, 2040, 2080, 2120, 2160, 2200, 2240, 2280, 2320, 2360, 2400, 2440, 2480, 2520, 2560, 2600, 2640, 2680, 2720, 2760, 2800, 2840, 2880, 2920, 2960, 3000, 3040, 3080, 3120, 3160]}], "conversation": [], "conversation_timestamps": []}