{"agent_id": "agent-orange-598", "type": "orange", "trips": [{"trip_id": 0, "transport_method": "foot", "start_time": 0, "path": [[1.5551522, 42.518068], [1.5560613, 42.5185299], [1.5567385, 42.5193731], [1.5574667, 42.5201276], [1.558242, 42.5208927], [1.5590645, 42.5216067], [1.5597405, 42.5220181], [1.559845, 42.5222142], [1.5607846, 42.5227506], [1.561661, 42.5233966], [1.562388, 42.5242042], [1.5633111, 42.5247457], [1.564293, 42.5251842], [1.5653413, 42.5254375], [1.5663194, 42.5259133], [1.5671826, 42.5265779], [1.5680801, 42.5271893], [1.5690136, 42.527732], [1.5699427, 42.5282913], [1.570853, 42.5288899], [1.5716975, 42.5292879], [1.5727434, 42.5294437], [1.5733683, 42.5300339], [1.5740492, 42.5308607], [1.5750243, 42.5313385], [1.5760885, 42.5315691], [1.577167, 42.5317207], [1.5782543, 42.5317834], [1.5781347, 42.5317916], [1.5777035, 42.5317441], [1.578793, 42.5317471], [1.5798825, 42.53175], [1.5809716, 42.5317289], [1.5820603, 42.5316885], [1.5831293, 42.5318577], [1.5840507, 42.5324311], [1.5848491, 42.5331716], [1.5857347, 42.5337733], [1.5866501, 42.5343527], [1.5876085, 42.5348683], [1.5884151, 42.5355426], [1.5889215, 42.536496], [1.5897157, 42.5371902], [1.5907077, 42.5376406], [1.5915788, 42.538263], [1.5917527, 42.5393248], [1.5919805, 42.5403622], [1.5921219, 42.5412961], [1.5915558, 42.542191], [1.5915389, 42.5432735], [1.5918249, 42.5443078], [1.5914266, 42.5453207], [1.5914766, 42.5463782], [1.5917945, 42.5474133], [1.5916726, 42.5484903], [1.5913802, 42.5495388], [1.5910036, 42.5505603], [1.5905449, 42.5515154], [1.5897276, 42.5522269], [1.5889099, 42.5529315], [1.5886807, 42.5539726], [1.5885862, 42.5550497], [1.5887466, 42.556094], [1.5886846, 42.5571737], [1.5889372, 42.5582244], [1.5892848, 42.5592321], [1.5895189, 42.5597591], [1.5897499, 42.5600362], [1.5902328, 42.5610013], [1.5903976, 42.5620736], [1.5906623, 42.5630951], [1.5912477, 42.5639812], [1.5923187, 42.5641405], [1.5933161, 42.564538], [1.593999, 42.5649578], [1.5950115, 42.5652488], [1.596065, 42.5654945], [1.5968716, 42.5660817], [1.5976005, 42.5667238], [1.5983658, 42.5670063]], "mood_vectors": [[0.0293, 0.0285, 0.0772, 0.0712, 0.6937, 0.0342, 0.0659], [0.0372, 0.0642, 0.0225, 0.0691, 0.7002, 0.0388, 0.068], [0.0711, 0.0273, 0.0681, 0.0337, 0.7716, 0.0138, 0.0143], [0.0291, 0.0854, 0.0369, 0.0596, 0.6567, 0.0776, 0.0548], [0.0793, 0.0315, 0.0484, 0.0411, 0.6724, 0.064, 0.0632], [0.0304, 0.0633, 0.0821, 0.0291, 0.6707, 0.0419, 0.0825], [0.0477, 0.051, 0.0432, 0.0708, 0.72, 0.0158, 0.0515], [0.0632, 0.0232, 0.0613, 0.066, 0.671, 0.0872, 0.0281], [0.0379, 0.0582, 0.0527, 0.0688, 0.7445, 0.0244, 0.0135], [0.0479, 0.0758, 0.0241, 0.0243, 0.7452, 0.0588, 0.0239], [0.0788, 0.0419, 0.0207, 0.0244, 0.7166, 0.0677, 0.0499], [0.0498, 0.078, 0.071, 0.0651, 0.6565, 0.0593, 0.0204], [0.0492, 0.0469, 0.0307, 0.0292, 0.769, 0.0338, 0.0412], [0.0622, 0.0462, 0.0237, 0.0479, 0.6937, 0.0502, 0.0761], [0.065, 0.0517, 0.0964, 0.0286, 0.6381, 0.0561, 0.0642], [0.0256, 0.0754, 0.0878, 0.0666, 0.5884, 0.078, 0.0781], [0.0777, 0.0699, 0.0197, 0.0715, 0.66, 0.0242, 0.0769], [0.0157, 0.0716, 0.0142, 0.0759, 0.6855, 0.069, 0.0681], [0.0214, 0.0848, 0.0674, 0.0548, 0.7157, 0.0129, 0.043], [0.0514, 0.0376, 0.0727, 0.0325, 0.7067, 0.0365, 0.0626], [0.0227, 0.0942, 0.0185, 0.0162, 0.7514, 0.0671, 0.03], [0.0302, 0.0531, 0.0783, 0.079, 0.6505, 0.0711, 0.0379], [0.0877, 0.0572, 0.0451, 0.0547, 0.6414, 0.0271, 0.0868], [0.0732, 0.0138, 0.0185, 0.0622, 0.7206, 0.0373, 0.0746], [0.0128, 0.0445, 0.0462, 0.0635, 0.7024, 0.084, 0.0465], [0.0774, 0.0744, 0.0819, 0.0641, 0.6507, 0.029, 0.0226], [0.0684, 0.0595, 0.06, 0.0323, 0.6708, 0.061, 0.048], [0.0408, 0.0219, 0.025, 0.0663, 0.7073, 0.072, 0.0668], [0.0564, 0.0408, 0.0567, 0.0316, 0.7527, 0.0272, 0.0347], [0.0785, 0.0315, 0.0436, 0.0536, 0.7084, 0.0621, 0.0223], [0.0614, 0.0809, 0.0731, 0.0311, 0.6359, 0.0784, 0.0391], [0.0853, 0.0179, 0.0343, 0.0697, 0.7297, 0.0399, 0.0234], [0.039, 0.0255, 0.0198, 0.0702, 0.7848, 0.0189, 0.0418], [0.0564, 0.0402, 0.0797, 0.0502, 0.6822, 0.0735, 0.0177], [0.0588, 0.0404, 0.0595, 0.0821, 0.6558, 0.0642, 0.0392], [0.0251, 0.0481, 0.0433, 0.0154, 0.7204, 0.0968, 0.051], [0.0619, 0.0147, 0.0892, 0.0928, 0.6089, 0.0776, 0.0549], [0.067, 0.0563, 0.0453, 0.0681, 0.6726, 0.0652, 0.0255], [0.0447, 0.0545, 0.0847, 0.0274, 0.6887, 0.0318, 0.0682], [0.0311, 0.0424, 0.061, 0.0648, 0.7017, 0.0607, 0.0383], [0.0466, 0.0499, 0.0435, 0.0732, 0.6955, 0.0339, 0.0574], [0.0423, 0.0714, 0.0574, 0.0771, 0.6498, 0.0293, 0.0727], [0.0368, 0.0371, 0.0711, 0.0967, 0.6842, 0.0512, 0.0229], [0.0653, 0.0716, 0.0241, 0.0555, 0.7183, 0.0382, 0.0269], [0.076, 0.0464, 0.0335, 0.0287, 0.7302, 0.0424, 0.0429], [0.0347, 0.0543, 0.032, 0.0848, 0.6638, 0.0879, 0.0425], [0.0669, 0.0644, 0.038, 0.0386, 0.6168, 0.0964, 0.0789], [0.0497, 0.0639, 0.0347, 0.0614, 0.6818, 0.0457, 0.0628], [0.0464, 0.0342, 0.0626, 0.0433, 0.704, 0.0549, 0.0545], [0.0507, 0.0529, 0.0504, 0.0564, 0.6425, 0.0738, 0.0733], [0.072, 0.0803, 0.018, 0.0699, 0.6863, 0.0302, 0.0433], [0.0248, 0.0218, 0.0409, 0.1076, 0.701, 0.0624, 0.0415], [0.0705, 0.0332, 0.0726, 0.0593, 0.7225, 0.0275, 0.0144], [0.0445, 0.0709, 0.0454, 0.0227, 0.6759, 0.0754, 0.0652], [0.0584, 0.0488, 0.055, 0.0758, 0.7029, 0.04, 0.019], [0.0448, 0.053, 0.062, 0.0422, 0.6936, 0.0415, 0.063], [0.0725, 0.0745, 0.0675, 0.0337, 0.667, 0.0236, 0.061], [0.0789, 0.0313, 0.0562, 0.0256, 0.706, 0.0712, 0.0308], [0.0737, 0.0376, 0.071, 0.0772, 0.5869, 0.0882, 0.0654], [0.02, 0.0394, 0.0504, 0.0593, 0.7365, 0.0347, 0.0597], [0.0958, 0.0766, 0.0349, 0.0791, 0.6346, 0.0225, 0.0564], [0.037, 0.0304, 0.0428, 0.033, 0.7962, 0.0141, 0.0466], [0.0497, 0.0496, 0.0509, 0.0658, 0.6557, 0.0475, 0.0808], [0.0624, 0.0683, 0.0194, 0.0777, 0.7036, 0.0391, 0.0296], [0.0156, 0.0185, 0.072, 0.0406, 0.8, 0.0227, 0.0307], [0.0736, 0.0436, 0.0737, 0.0747, 0.6652, 0.042, 0.0272], [0.0161, 0.0661, 0.0693, 0.0517, 0.6788, 0.0543, 0.0636], [0.0452, 0.0539, 0.0354, 0.0679, 0.6674, 0.087, 0.0431], [0.0533, 0.0441, 0.0432, 0.0368, 0.7702, 0.02, 0.0323], [0.0596, 0.0428, 0.0531, 0.0267, 0.6985, 0.0554, 0.0639], [0.024, 0.0334, 0.0329, 0.0295, 0.782, 0.0438, 0.0544], [0.0741, 0.0746, 0.0741, 0.0399, 0.6622, 0.0501, 0.0249], [0.0661, 0.0699, 0.0698, 0.0183, 0.7048, 0.0554, 0.0155], [0.0261, 0.0211, 0.0547, 0.0723, 0.7748, 0.0241, 0.0269], [0.0666, 0.0432, 0.0378, 0.0203, 0.7554, 0.0431, 0.0336], [0.0478, 0.0776, 0.0755, 0.0341, 0.6461, 0.056, 0.0627], [0.0663, 0.0797, 0.0584, 0.0209, 0.717, 0.0406, 0.0171], [0.0465, 0.0211, 0.0254, 0.0644, 0.7674, 0.0282, 0.0471], [0.0714, 0.0413, 0.0616, 0.0387, 0.681, 0.0517, 0.0544], [0.0342, 0.0786, 0.0387, 0.0135, 0.7643, 0.0306, 0.04]], "emotions": ["red", "red", "red", "red", "red", "red", "red", "red", "red", "red", "red", "red", "red", "red", "red", "red", "red", "red", "red", "red", "red", "red", "red", "red", "red", "red", "red", "red", "red", "red", "red", "red", "red", "red", "red", "red", "red", "red", "red", "red", "red", "red", "red", "red", "red", "red", "red", "red", "red", "red", "red", "red", "red", "red", "red", "red", "red", "red", "red", "red", "red", "red", "red", "red", "red", "red", "red", "red", "red", "red", "red", "red", "red", "red", "red", "red", "red", "red", "red", "red"], "timestamps": [0, 40, 80, 120, 160, 200, 240, 280, 320, 360, 400, 440, 480, 520, 560, 600, 640, 680, 720, 760, 800, 840, 880, 920, 960, 1000, 1040, 1080, 1120, 1160, 1200, 1240, 1280, 1320, 1360, 1400, 1440, 1480, 1520, 1560, 1600, 1640, 1680, 1720, 1760, 1800, 1840, 1880, 1920, 1960, 2000, 2040, 2080, 2120, 2160, 2200, 2240, 2280, 2320, 2360, 2400, 2440, 2480, 2520, 2560, 2600, 2640, 2680, 2720, 2760, 2800, 2840, 2880, 2920, 2960, 3000, 3040, 3080, 3120, 3160]}], "conversation": [], "conversation_timestamps": []}