{
  "agent_id": "agent-type-red-40",
  "type": "red",
  "trips": [
    {
      "trip_id": 0,
      "transport_method": "bicycle",
      "start_time": 0,
      "path": [
        [
          1.5276484000000001,
          42.507704199999985
        ],
        [
          1.5274110143345423,
          42.50740960694992
        ],
        [
          1.5273776503317193,
          42.507241356070665
        ],
        [
          1.527889067333684,
          42.50729109378229
        ],
        [
          1.5275994971855176,
          42.50720157620316
        ],
        [
          1.5270873315781897,
          42.50716025332176
        ],
        [
          1.5265751659708615,
          42.507118930440356
        ],
        [
          1.5261771634807573,
          42.506986034014936
        ],
        [
          1.526581148347253,
          42.50689370945784
        ],
        [
          1.5270931936360264,
          42.506936497448
        ],
        [
          1.5269617610752009,
          42.50692551456183
        ],
        [
          1.5264497157864276,
          42.506882726571675
        ],
        [
          1.5261321710350852,
          42.50708278579903
        ],
        [
          1.5256205780593972,
          42.50703489198853
        ],
        [
          1.5251101684766906,
          42.506978127094705
        ],
        [
          1.524606292952107,
          42.50687770435913
        ],
        [
          1.5241058440382886,
          42.50681644338291
        ],
        [
          1.5236056259099493,
          42.50669895730421
        ],
        [
          1.5231057121866844,
          42.5065801832429
        ],
        [
          1.5226058836475804,
          42.506461050454156
        ],
        [
          1.5221060551084764,
          42.50634191766542
        ],
        [
          1.521664703507233,
          42.50643670779655
        ],
        [
          1.5220204230026009,
          42.506807497265754
        ],
        [
          1.5223761424979687,
          42.50717828673496
        ],
        [
          1.5223086535320263,
          42.5075592330114
        ],
        [
          1.5218036835512279,
          42.50748518532289
        ],
        [
          1.5214232070799203,
          42.507164633434044
        ],
        [
          1.5210458836293628,
          42.50682892430677
        ],
        [
          1.5209953387194415,
          42.506790030362076
        ],
        [
          1.5207616095562406,
          42.507006853271605
        ],
        [
          1.5202960982985918,
          42.5072189917851
        ],
        [
          1.519815889534505,
          42.50704031613378
        ],
        [
          1.5193197511189338,
          42.50692028112546
        ],
        [
          1.5188117361756033,
          42.5068963553187
        ],
        [
          1.5183224158051067,
          42.50676480742398
        ],
        [
          1.5178318567193514,
          42.506617954888775
        ],
        [
          1.517320892519804,
          42.5065671626027
        ],
        [
          1.516810312971735,
          42.506509458920405
        ],
        [
          1.5162997334236659,
          42.50645175523811
        ],
        [
          1.5160006601442795,
          42.50638315219239
        ],
        [
          1.516069835919184,
          42.50635368222374
        ],
        [
          1.5165827468014794,
          42.506384400568095
        ],
        [
          1.516757742316226,
          42.50639488108755
        ],
        [
          1.5162448314339307,
          42.506364162743196
        ],
        [
          1.5160679275667766,
          42.506411193714946
        ],
        [
          1.5165748880922776,
          42.50648285213112
        ],
        [
          1.517085467640347,
          42.506540555813416
        ],
        [
          1.5175961583036182,
          42.50659692710141
        ],
        [
          1.5179209409520078,
          42.50629105777464
        ],
        [
          1.5176176021787822,
          42.50606590579565
        ],
        [
          1.5176395750556992,
          42.50607195879833
        ],
        [
          1.5179113011826797,
          42.5063117101597
        ],
        [
          1.5175734000000003,
          42.5065957
        ]
      ],
      "emotions": [
        "red",
        "red",
        "red",
        "red",
        "red",
        "purple",
        "purple",
        "purple",
        "purple",
        "purple",
        "red",
        "red",
        "red",
        "red",
        "red",
        "green",
        "green",
        "green",
        "green",
        "green",
        "purple",
        "purple",
        "purple",
        "purple",
        "purple",
        "green",
        "green",
        "green",
        "green",
        "green",
        "red",
        "red",
        "red",
        "red",
        "red",
        "purple",
        "purple",
        "purple",
        "purple",
        "purple",
        "purple",
        "purple",
        "purple",
        "purple",
        "purple",
        "purple",
        "purple",
        "purple",
        "purple",
        "purple",
        "purple",
        "purple",
        "purple"
      ],
      "mood_vectors": [
        [
          0.20431165489589445,
          0.20339784793954113,
          0.06552585733145974,
          0.12670678007955086,
          0.36223413957859246,
          0.02927980922630489,
          0.008543910948656464
        ],
        [
          0.25330063837709677,
          0.25136604447986316,
          0.04654995763790176,
          0.05321552908397791,
          0.11318860011934095,
          0.0617282888242219,
          0.22065094147759753
        ],
        [
          0.03516540143471857,
          0.14286671491812486,
          0.21222839797623308,
          0.0725407481261606,
          0.21140361610422723,
          0.108164378916816,
          0.21763074252371964
        ],
        [
          0.1944508524264345,
          0.15639986502932163,
          0.048757097717309135,
          0.3055898656986198,
          0.14119278377495495,
          0.0059141989582837465,
          0.1476953363950763
        ],
        [
          0.29883155056589616,
          0.29252608700944677,
          0.11884649752413907,
          0.060924074497289524,
          0.10369491809221401,
          0.009924647793682653,
          0.11525222451733186
        ],
        [
          0.10970194722571631,
          0.0937980386826486,
          0.08973438466649683,
          0.0648300292660242,
          0.07498787898226429,
          0.33728485875801734,
          0.22966286241883244
        ],
        [
          0.09584450372107556,
          0.12639982746619677,
          0.1226585869803319,
          0.20299410917985608,
          0.16801129911124543,
          0.06138490653080619,
          0.22270676701048817
        ],
        [
          0.03322713955228066,
          0.14420341360315655,
          0.36206645266032006,
          0.17275507347044144,
          0.06196632539539572,
          0.05325715241779101,
          0.1725244429006146
        ],
        [
          0.34233821303310086,
          0.01479474419846891,
          0.26409707051852566,
          0.2052932924165915,
          0.1262172127770484,
          0.012305644842067785,
          0.03495382221419677
        ],
        [
          0.2685163245207919,
          0.049429591237468984,
          0.17798436913587545,
          0.19761566977487768,
          0.14779523935439534,
          0.0013402967413578752,
          0.15731850923523272
        ],
        [
          0.1960063615961656,
          0.1348487939965247,
          0.1892849641691834,
          0.17689468259990396,
          0.08359925813918338,
          0.09017383552316235,
          0.12919210397587658
        ],
        [
          0.15658177686327795,
          0.0351440247794222,
          0.09631154070801808,
          0.19150481153563315,
          0.24725208196380066,
          0.2171954730949704,
          0.056010291054877585
        ],
        [
          0.14371382811857564,
          0.1790016832515291,
          0.0421093070669803,
          0.17886404135446468,
          0.09413310480952998,
          0.09238716217865779,
          0.2697908732202626
        ],
        [
          0.06621497576589949,
          0.17839085507132374,
          0.2761067140486915,
          0.05330196582330403,
          0.06794019300157686,
          0.2133950917850827,
          0.14465020450412155
        ],
        [
          0.10493073598457323,
          0.1759417139412358,
          0.16252297934400922,
          0.03804543798364733,
          0.20272691196031256,
          0.10525317410563645,
          0.21057904668058536
        ],
        [
          0.26925576096143833,
          0.08194051895069443,
          0.28140176569278774,
          0.00438539926458667,
          0.14168738383712687,
          0.18079309755910655,
          0.04053607373425945
        ],
        [
          0.09726273709696033,
          0.18356334346927353,
          0.20694167319074275,
          0.12183265435046373,
          0.19847772859572538,
          0.1515417211251631,
          0.040380142171671324
        ],
        [
          0.039271820874463,
          0.2025862345951948,
          0.24144511017347695,
          0.001145725956081717,
          0.09915262888012774,
          0.2569040048805421,
          0.1594944746401138
        ],
        [
          0.2832024028805215,
          0.3194926047618644,
          0.04482811222683419,
          0.03838941995723309,
          0.0356248321463261,
          0.2606920463169606,
          0.017770581710260164
        ],
        [
          0.13201205867975693,
          0.16814449617868255,
          0.03886760699256438,
          0.19976808519502315,
          0.2123038372346874,
          0.0702706764335015,
          0.17863323928578412
        ],
        [
          0.07870321668761707,
          0.22734365379897584,
          0.11909035656984354,
          0.1700821562363653,
          0.225259927861584,
          0.001997950431804753,
          0.1775227384138095
        ],
        [
          0.17443440581651098,
          0.19698998444893803,
          0.18210931715403736,
          0.08053489728777788,
          0.06502087862386426,
          0.15246247504607438,
          0.14844804162279707
        ],
        [
          0.04349366019150956,
          0.20919157860404466,
          0.05485601040708334,
          0.23590874401324435,
          0.19190847839412148,
          0.21935619514979643,
          0.04528533324020017
        ],
        [
          0.24579551687629841,
          0.2599537618253479,
          0.18786169385082643,
          0.17441448842395002,
          0.10245542107317362,
          0.017796456124342358,
          0.011722661826061211
        ],
        [
          0.036262555299278985,
          0.06363559611309391,
          0.21534300525104424,
          0.20805004006181751,
          0.06003029479335124,
          0.2783925972265203,
          0.13828591125489384
        ],
        [
          0.17132106535334787,
          0.03287097004861193,
          0.20089871766664544,
          0.1291148024249501,
          0.058626939403665645,
          0.1314933575163982,
          0.2756741475863808
        ],
        [
          0.11370836958330242,
          0.21365310081333852,
          0.10094124743053821,
          0.06547595755985136,
          0.26627509364954766,
          0.17540043825432833,
          0.06454579270909352
        ],
        [
          0.1151924474911104,
          0.0713260592587012,
          0.2660529997308144,
          0.3571398229214954,
          0.011469858025858393,
          0.146023970787356,
          0.03279484178466416
        ],
        [
          0.19222434585052764,
          0.11939517247899001,
          0.13106179165077134,
          0.005758956237388766,
          0.0361301668960086,
          0.26098049203537416,
          0.2544490748509394
        ],
        [
          0.11356029402880251,
          0.06310547497581574,
          0.20375927146371672,
          0.135102488038952,
          0.0924678992615208,
          0.21611558340167503,
          0.17588898882951728
        ],
        [
          0.0816907765247946,
          0.011290345096963885,
          0.12904001675524512,
          0.15919216185249416,
          0.22681043086445346,
          0.20663176909902392,
          0.18534449980702472
        ],
        [
          0.11120727555633317,
          0.1308898956658885,
          0.18980792749602415,
          0.2241175957295664,
          0.07152023189419517,
          0.12857481798725526,
          0.1438822556707373
        ],
        [
          0.0645132114528928,
          0.11768075559288203,
          0.23119165160993846,
          0.14494997912444763,
          0.17330687031514058,
          0.10766893237055299,
          0.16068859953414555
        ],
        [
          0.014157409485758365,
          0.2284498666986937,
          0.11895537670899496,
          0.22175847140615826,
          0.1878554299995762,
          0.15991895969621117,
          0.06890448600460744
        ],
        [
          0.2752035157257577,
          0.09287175005312877,
          0.11241181796679932,
          0.14836681449511996,
          0.13161395282170169,
          0.17197264175470725,
          0.0675595071827853
        ],
        [
          0.17727198968221097,
          0.25438926782904303,
          0.20166936614546901,
          0.1518465228129643,
          0.07146385522254639,
          0.0670074589628244,
          0.076351539344942
        ],
        [
          0.13057918064274787,
          0.12109460535598311,
          0.09526529883966947,
          0.14533803183820013,
          0.18212784147997882,
          0.1834720885869794,
          0.1421229532564413
        ],
        [
          0.05857119582311906,
          0.046973858739979266,
          0.2650048745551552,
          0.23565631250934552,
          0.022468501162734494,
          0.21588285476026162,
          0.15544240244940488
        ],
        [
          0.08998695401898708,
          0.21769795997206018,
          0.20650934350412548,
          0.19589592539678044,
          0.21733272755915006,
          0.035477775633357675,
          0.03709931391553914
        ],
        [
          0.1820894920189987,
          0.1557976934911467,
          0.13119784005544577,
          0.1497770225036352,
          0.07481061454845604,
          0.1846609566333251,
          0.12166638074899243
        ],
        [
          0.22542763037442867,
          0.04944763438101835,
          0.0787579531240344,
          0.3469698733219304,
          0.026550494525680056,
          0.10856247521791339,
          0.1642839390549946
        ],
        [
          0.10374838146106932,
          0.2513962447313352,
          0.2392097238473076,
          0.1026291782467754,
          0.03444573405457014,
          0.15557935803058837,
          0.11299137962835393
        ],
        [
          0.044034085220886476,
          0.34724695980058434,
          0.11425204038857426,
          0.0035065848410917116,
          0.3730380826561235,
          0.050189548957820365,
          0.0677326981349193
        ],
        [
          0.26999398245348855,
          0.12037344390338103,
          0.24185759943789345,
          0.06238313352197073,
          0.06271125521042765,
          0.1416674953219911,
          0.10101309015084751
        ],
        [
          0.20368279900167077,
          0.19642060089665517,
          0.16962952470477374,
          0.1718498611022474,
          0.03258580100875879,
          0.20032371258916093,
          0.025507700696733155
        ],
        [
          0.23160337032690767,
          0.02609247483871036,
          0.23155785497725803,
          0.18524847306426256,
          0.10639458545807078,
          0.09364353251130478,
          0.12545970882348575
        ],
        [
          0.2171874655263317,
          0.028803328823040725,
          0.21558971452196185,
          0.23497076075439424,
          0.06644311449293734,
          0.0311490892163382,
          0.2058565266649959
        ],
        [
          0.24206166434443152,
          0.07725239638246356,
          0.007810179204909423,
          0.15918220517301726,
          0.05494935242103462,
          0.19068160634316952,
          0.26806259613097416
        ],
        [
          0.26067684344783637,
          0.0006589385716383371,
          0.3139569915676958,
          0.19385216900600913,
          0.032578752136605875,
          0.05531721097608366,
          0.14295909429413078
        ],
        [
          0.17606254926166817,
          0.01274151486783111,
          0.1735893309546194,
          0.2226577537931567,
          0.13241338314941298,
          0.1644804320045246,
          0.11805503596878701
        ],
        [
          0.02204568384620882,
          0.14017777272317303,
          0.0028691514031258256,
          0.16610364046278292,
          0.3296936111168608,
          0.3054636996683903,
          0.03364644077945823
        ],
        [
          0.04177014501929161,
          0.19351467560012484,
          0.09825591505938078,
          0.0881629930675184,
          0.21002807821836228,
          0.1936482630035008,
          0.17461993003182136
        ],
        [
          0.12823281854275298,
          0.08395673252555909,
          0.2618752579924099,
          0.1496676083939463,
          0.12780029466075207,
          0.0731669923500565,
          0.1753002955345231
        ]
      ],
      "timestamps": [
        0,
        1,
        2,
        3,
        4,
        5,
        6,
        7,
        8,
        9,
        10,
        11,
        12,
        13,
        14,
        15,
        16,
        17,
        18,
        19,
        20,
        21,
        22,
        23,
        24,
        25,
        26,
        27,
        28,
        29,
        30,
        31,
        32,
        33,
        34,
        35,
        36,
        37,
        38,
        39,
        40,
        41,
        42,
        43,
        44,
        45,
        46,
        47,
        48,
        49,
        50,
        51,
        52
      ],
      "distance": 1121.7
    },
    {
      "trip_id": 1,
      "transport_method": "car",
      "start_time": 53,
      "path": [
        [
          1.5175734000000003,
          42.5065957
        ],
        [
          1.5179055763033846,
          42.50614523578755
        ],
        [
          1.5175809769178925,
          42.50605581641122
        ],
        [
          1.5182360629788223,
          42.50634705521716
        ],
        [
          1.5188033975884214,
          42.50683989862042
        ],
        [
          1.519092064465269,
          42.50634207344426
        ],
        [
          1.5198117166874603,
          42.50615340081295
        ],
        [
          1.5196399390288902,
          42.50617795649652
        ],
        [
          1.5189214212068878,
          42.50635601183583
        ],
        [
          1.5184260369727942,
          42.50585679362117
        ],
        [
          1.5187696094676735,
          42.50548321147507
        ],
        [
          1.5195019819152358,
          42.505640972725026
        ],
        [
          1.5202343617076228,
          42.50581052528895
        ],
        [
          1.520956398115952,
          42.50601416184548
        ],
        [
          1.5215637150310837,
          42.50642278586102
        ],
        [
          1.521456693809821,
          42.506307775677335
        ],
        [
          1.5208094654286926,
          42.50595855906168
        ],
        [
          1.5212887350253979,
          42.50608885662073
        ],
        [
          1.5219582742081534,
          42.506282357469146
        ],
        [
          1.5227010548467466,
          42.50639488603298
        ],
        [
          1.522018091660764,
          42.506272486228546
        ],
        [
          1.5219532101227102,
          42.50557137552871
        ],
        [
          1.5226080087936091,
          42.50574300290978
        ],
        [
          1.5219531375974773,
          42.505543533473464
        ],
        [
          1.5219909094032615,
          42.50626646043589
        ],
        [
          1.5227266727022113,
          42.50640182996572
        ],
        [
          1.5219858483298314,
          42.506286211442905
        ],
        [
          1.5214453088388613,
          42.506148808595036
        ],
        [
          1.5207432632552473,
          42.50587999596372
        ],
        [
          1.521261026892424,
          42.506171773105976
        ],
        [
          1.5211735099510852,
          42.50621941692097
        ],
        [
          1.5207458537614875,
          42.505934486911066
        ],
        [
          1.5200150466820193,
          42.505759751871544
        ],
        [
          1.5192826668896322,
          42.505590199307626
        ],
        [
          1.518550357865892,
          42.50553425807619
        ],
        [
          1.5185431102738183,
          42.50604664682421
        ],
        [
          1.5189973664008496,
          42.50647923135865
        ],
        [
          1.5194802099181157,
          42.506730632227985
        ],
        [
          1.5192317616319904,
          42.50666267916911
        ],
        [
          1.5188264548359631,
          42.50635108595651
        ],
        [
          1.5189813399321892,
          42.50694751566147
        ],
        [
          1.519651639707405,
          42.50728784850381
        ],
        [
          1.5200693390830495,
          42.50758724423883
        ],
        [
          1.5193861409462315,
          42.507895261223126
        ],
        [
          1.5187091949481606,
          42.50822217458768
        ],
        [
          1.5182849362957578,
          42.507829189357324
        ],
        [
          1.5184793,
          42.507102999999994
        ]
      ],
      "emotions": [
        "purple",
        "purple",
        "purple",
        "purple",
        "purple",
        "purple",
        "purple",
        "green",
        "green",
        "green",
        "green",
        "green",
        "purple",
        "purple",
        "purple",
        "purple",
        "purple",
        "purple",
        "purple",
        "purple",
        "purple",
        "purple",
        "red",
        "red",
        "red",
        "red",
        "red",
        "purple",
        "purple",
        "purple",
        "purple",
        "purple",
        "red",
        "red",
        "red",
        "red",
        "red",
        "green",
        "green",
        "green",
        "green",
        "green",
        "green",
        "green",
        "green",
        "green",
        "green"
      ],
      "mood_vectors": [
        [
          0.13718280351355083,
          0.2721307587920202,
          0.12486933961523844,
          0.09780557492836783,
          0.15280120534212244,
          0.10794816489674175,
          0.1072621529119585
        ],
        [
          0.17869620531550473,
          0.1834023978679842,
          0.08039021875331963,
          0.14184220241119644,
          0.2055544890719979,
          0.1277870804849163,
          0.0823274060950808
        ],
        [
          0.04981922164632441,
          0.28854454161170334,
          0.08286758455005032,
          0.08612627545012852,
          0.2743422657901371,
          0.1601613164945893,
          0.05813879445706696
        ],
        [
          0.05573751177643815,
          0.018970713884465314,
          0.32321813169385577,
          0.05071576450010783,
          0.09185363583628624,
          0.23504565960745005,
          0.22445858270139665
        ],
        [
          0.18267590781617143,
          0.027621108083594303,
          0.02048306560017836,
          0.13482352973089903,
          0.11820492494711349,
          0.27190651377213254,
          0.24428495004991088
        ],
        [
          0.021084786757928194,
          0.08104390604608956,
          0.232514300072624,
          0.25189594097808204,
          0.14373962654513642,
          0.09772684554783524,
          0.17199459405230458
        ],
        [
          0.08864419902055849,
          0.19272825837899502,
          0.20249553976229664,
          0.06974217601090307,
          0.15251064986512836,
          0.10059038574498537,
          0.19328879121713313
        ],
        [
          0.16575071283477572,
          0.10849407787483271,
          0.2510837208096112,
          0.20976765862636343,
          0.026336066108971577,
          0.1682811504738221,
          0.0702866132716232
        ],
        [
          0.2483262264501303,
          0.08943686305770157,
          0.03626270254723725,
          0.2067993559231639,
          0.05314182324702068,
          0.1806625887097859,
          0.1853704400649604
        ],
        [
          0.05943506918681036,
          0.23255588787995812,
          0.19335600439358672,
          0.056180775872076275,
          0.06415712741735105,
          0.17477937729218118,
          0.21953575795803634
        ],
        [
          0.18019099363795146,
          0.16359406183953076,
          0.03126077460724652,
          0.11611571767795259,
          0.18058925886849722,
          0.1574083022511469,
          0.17084089111767464
        ],
        [
          0.26986643040140856,
          0.24432860872085468,
          0.09550555986841136,
          0.1910014561751278,
          0.04826714696089907,
          0.01888109999354175,
          0.13214969787975678
        ],
        [
          0.09621138902363736,
          0.29262574235078764,
          0.10933621377481177,
          0.11930263231914107,
          0.018680025741551528,
          0.32552458423207864,
          0.038319412557991976
        ],
        [
          0.1371655651638474,
          0.1833214453773353,
          0.15016717750521882,
          0.2160927327782092,
          0.1166917856664185,
          0.0901592154720005,
          0.10640207803697027
        ],
        [
          0.2371279814906328,
          0.23314994070491682,
          0.2500032298075318,
          0.024115278608231455,
          0.1187212050996185,
          0.07810160486972861,
          0.05878075941933995
        ],
        [
          0.10780300944219245,
          0.11069914215049692,
          0.13312875224452472,
          0.18746041346874,
          0.16706164875965474,
          0.21261780458968024,
          0.08122922934471093
        ],
        [
          0.039600935920038174,
          0.032827091050444,
          0.2551871459403699,
          0.17408699291775864,
          0.07307724989637407,
          0.25472745523653656,
          0.17049312903847863
        ],
        [
          0.22770987687892016,
          0.18170311094619987,
          0.02206851918769902,
          0.09389956377987778,
          0.10574992171696791,
          0.14323451495056552,
          0.22563449253976978
        ],
        [
          0.04867824118087839,
          0.23596224407888655,
          0.0756315433078783,
          0.07802531383321502,
          0.08836559099380831,
          0.16785366424255058,
          0.30548340236278276
        ],
        [
          0.24724169671281107,
          0.12304596080207998,
          0.10857999028673582,
          0.2649703445533658,
          0.06943444495734924,
          0.0945164789497072,
          0.09221108373795084
        ],
        [
          0.24420858142125992,
          0.0473102131929179,
          0.08021703629672014,
          0.11926069291325232,
          0.11476462322939325,
          0.1717673241517026,
          0.22247152879475382
        ],
        [
          0.07956165213477907,
          0.18776645154882918,
          0.02105067205663077,
          0.1871072325457911,
          0.2041525509049707,
          0.12347940029007201,
          0.19688204051892724
        ],
        [
          0.1884325443320934,
          0.0648878453251697,
          0.19826268029427857,
          0.23265572477764632,
          0.026954086660948614,
          0.2676781993745135,
          0.021128919235349916
        ],
        [
          0.21441447164925742,
          0.0922224732034111,
          0.20169966469041364,
          0.1991010986120113,
          0.06915527162955945,
          0.14840313378195932,
          0.0750038864333878
        ],
        [
          0.1573683830924362,
          0.12281822880230835,
          0.14392590701321914,
          0.1804196356924211,
          0.18243861352148555,
          0.044489839175002446,
          0.1685393927031272
        ],
        [
          0.13589247008936256,
          0.15057040498924665,
          0.2992537653390457,
          0.18888469990950651,
          0.031834494646765264,
          0.08373038492586544,
          0.10983378010020795
        ],
        [
          0.2602740078604325,
          0.07185754400622214,
          0.1723605098003469,
          0.10482411258864517,
          0.2429887294659812,
          0.10784710144246562,
          0.039847994835906536
        ],
        [
          0.14754959386031596,
          0.10829808033470427,
          0.160933378155915,
          0.19752825717460135,
          0.08299141766158899,
          0.021044105152479727,
          0.2816551676603948
        ],
        [
          0.2725626546476109,
          0.05364604807384663,
          0.13925561305204823,
          0.14505431933803345,
          0.23281446647232165,
          0.12889757002438115,
          0.027769328391757872
        ],
        [
          0.10741861842294047,
          0.17058749219711117,
          0.2157175473599754,
          0.025151397546981237,
          0.07371090536356747,
          0.19395980922746173,
          0.21345422988196253
        ],
        [
          0.1684903673806114,
          0.21627996529403784,
          0.10518507819746728,
          0.011279906741298713,
          0.04736410702487356,
          0.22255498201057783,
          0.22884559335113341
        ],
        [
          0.095058006109272,
          0.2707248258875957,
          0.06293909680544008,
          0.11084045422485189,
          0.1229845764048129,
          0.07874670477732308,
          0.2587063357907044
        ],
        [
          0.1819951059909253,
          0.2304564199757141,
          0.23575597621092675,
          0.24203384622004037,
          0.029717383551968277,
          0.022905900003718442,
          0.05713536804670679
        ],
        [
          0.03573304526716294,
          0.15870678289187953,
          0.09536641102609439,
          0.1977219110394747,
          0.2910861483504149,
          0.1431553967256941,
          0.0782303046992794
        ],
        [
          0.12120967480457863,
          0.17480626816217887,
          0.13306191460885206,
          0.21625454172839081,
          0.02467419606787173,
          0.18158359987959874,
          0.14840980474852908
        ],
        [
          0.05949449297665685,
          0.21281277150087768,
          0.13897234031212158,
          0.0786872045889257,
          0.08015935674457861,
          0.2211300975020971,
          0.20874373637474242
        ],
        [
          0.1343212550249918,
          0.17757923886960084,
          0.1723027496156301,
          0.2461840961503126,
          0.12143579683547172,
          0.01784538187143995,
          0.130331481632553
        ],
        [
          0.19018892798334674,
          0.1359341803390204,
          0.19684976872492682,
          0.0020273386351666056,
          0.33739677469040963,
          0.0769529672155346,
          0.06065004241159521
        ],
        [
          0.102606694945511,
          0.14185456716208808,
          0.23384352059273864,
          0.2428343536341063,
          0.16191698116649694,
          0.05750256831597853,
          0.05944131418308048
        ],
        [
          0.20649646670413438,
          0.18366821401908467,
          0.1489587288060136,
          0.01968568952452223,
          0.17198566250041583,
          0.1333285023699262,
          0.13587673607590306
        ],
        [
          0.002854739456648833,
          0.2702655550027308,
          0.21392932944550053,
          0.008847592432632313,
          0.0659634966841461,
          0.1979841849454868,
          0.24015510203285462
        ],
        [
          0.17665789602313609,
          0.0005485628726244775,
          0.15440530733103608,
          0.16116798519351394,
          0.13053314839832378,
          0.1644704414104258,
          0.21221665877093987
        ],
        [
          0.13734257866693275,
          0.09378952867912968,
          0.184661381889053,
          0.12407562640376817,
          0.11210618539210657,
          0.14936908212140457,
          0.19865561684760524
        ],
        [
          0.1335136334743323,
          0.20250501454866507,
          0.16072427862829924,
          0.0663851593415845,
          0.17880043876084664,
          0.137391237921964,
          0.12068023732430827
        ],
        [
          0.21975685256669067,
          0.17764466752858052,
          0.07995135004400197,
          0.15467725215004233,
          0.18684063051136718,
          0.10088531784897918,
          0.08024392935033818
        ],
        [
          0.027340267496053637,
          0.1008681428060467,
          0.11664740300211095,
          0.15747553109433632,
          0.21478476853855918,
          0.19518824836050724,
          0.18769563870238593
        ],
        [
          0.20595776978870964,
          0.15086392975214885,
          0.08626064377594363,
          0.04339897863707957,
          0.17092346844885095,
          0.2873888165330139,
          0.05520639306425354
        ]
      ],
      "timestamps": [
        53,
        54,
        55,
        56,
        57,
        58,
        59,
        60,
        61,
        62,
        63,
        64,
        65,
        66,
        67,
        68,
        69,
        70,
        71,
        72,
        73,
        74,
        75,
        76,
        77,
        78,
        79,
        80,
        81,
        82,
        83,
        84,
        85,
        86,
        87,
        88,
        89,
        90,
        91,
        92,
        93,
        94,
        95,
        96,
        97,
        98,
        99
      ],
      "distance": 592.2
    }
  ],
  "conversation": [
    "Ugh, stepped in eucalyptus again.",
    "Everyone looks like they're on their own quest.",
    "Is that a sushi place... next to a Russian bakery?"
  ],
  "conversation_timestamps": [
    8,
    18,
    46
  ]
}
