{"agent_id": "agent-blue-380", "type": "blue", "trips": [{"trip_id": 0, "transport_method": "foot", "start_time": 0, "path": [[1.7357002, 42.5435171], [1.7349939, 42.5444357], [1.734014, 42.5466553], [1.7339424, 42.5472637], [1.7305409, 42.5453326], [1.7268557, 42.5440479], [1.7229571, 42.5437563], [1.7190447, 42.5438574], [1.7151325, 42.5439844], [1.7112199, 42.544089], [1.7073139, 42.5443432], [1.7034202, 42.5447132], [1.6999647, 42.5462993], [1.6971169, 42.5488911], [1.694631, 42.5519058], [1.6915695, 42.5543259], [1.6889882, 42.5572656], [1.6867155, 42.5571041], [1.6851327, 42.5549078], [1.6814429, 42.5536014], [1.683399, 42.5539556], [1.6849105, 42.5548008], [1.681256, 42.5533985], [1.6799028, 42.5508671], [1.6804849, 42.5502436], [1.6826561, 42.548367], [1.6839686, 42.5455827], [1.6837009, 42.5440216], [1.6820271, 42.5414933], [1.6785573, 42.5397437], [1.6750352, 42.5381142], [1.6732356, 42.5389783], [1.6693789, 42.5392962], [1.665499, 42.5393903], [1.6632512, 42.5369885], [1.6608526, 42.5397595], [1.6571578, 42.5409525], [1.6535699, 42.5423081], [1.6498737, 42.5418966], [1.6463477, 42.5415359], [1.6425081, 42.540775], [1.6386685, 42.5400142], [1.6366559, 42.5396331], [1.6402875, 42.5406718], [1.643894, 42.5413873], [1.645695, 42.5414061], [1.6418557, 42.5406435], [1.6380165, 42.5398809], [1.6342002, 42.5390799], [1.631115, 42.5390827], [1.6272642, 42.5386104], [1.6235012, 42.5379715], [1.6198724, 42.5365041], [1.6176989, 42.5356704], [1.6215801, 42.5355312], [1.6253162, 42.5355842], [1.6249463, 42.5375802], [1.6215109, 42.5371708], [1.6178802, 42.5357082], [1.6174348, 42.5361515], [1.6176179, 42.5370843], [1.6138007, 42.536556], [1.6099669, 42.536194], [1.6060789, 42.5362958], [1.6021784, 42.5366243], [1.6027112, 42.5369183], [1.6062076, 42.5364962], [1.6063407, 42.536253], [1.6024369, 42.5365381], [1.5985431, 42.536518], [1.5951918, 42.5365503], [1.5913915, 42.5358304], [1.5900949, 42.5356209], [1.5938632, 42.5361998], [1.5925484, 42.5360468], [1.5886792, 42.5354548], [1.5879608, 42.5352511], [1.5843057, 42.5350598], [1.5809518, 42.5339194], [1.5779037, 42.5329537]], "mood_vectors": [[0.0704, 0.0749, 0.0149, 0.6802, 0.0731, 0.0552, 0.0314], [0.0842, 0.0547, 0.0532, 0.6241, 0.061, 0.0384, 0.0844], [0.0902, 0.0155, 0.0855, 0.6829, 0.0882, 0.0161, 0.0216], [0.073, 0.0442, 0.0223, 0.7486, 0.0453, 0.0232, 0.0434], [0.0602, 0.078, 0.0368, 0.686, 0.0435, 0.0631, 0.0326], [0.0985, 0.0777, 0.0399, 0.639, 0.0703, 0.0574, 0.0172], [0.0299, 0.046, 0.022, 0.7128, 0.0661, 0.0427, 0.0805], [0.0231, 0.0339, 0.0684, 0.6998, 0.0616, 0.0616, 0.0515], [0.03, 0.0579, 0.0357, 0.6947, 0.0591, 0.0817, 0.041], [0.0639, 0.0912, 0.0257, 0.689, 0.0233, 0.0484, 0.0587], [0.0623, 0.0273, 0.0206, 0.7065, 0.0532, 0.0798, 0.0502], [0.0404, 0.0258, 0.0694, 0.7247, 0.0213, 0.0522, 0.0662], [0.0534, 0.0464, 0.0541, 0.6877, 0.0683, 0.0556, 0.0345], [0.0153, 0.0319, 0.0827, 0.7505, 0.0285, 0.0417, 0.0494], [0.0715, 0.0422, 0.0386, 0.7097, 0.0345, 0.0539, 0.0496], [0.0334, 0.0757, 0.046, 0.7343, 0.04, 0.0352, 0.0355], [0.0841, 0.0672, 0.0717, 0.6391, 0.0734, 0.0203, 0.0442], [0.0774, 0.0647, 0.0386, 0.6713, 0.0137, 0.072, 0.0623], [0.0652, 0.0301, 0.0202, 0.7148, 0.0455, 0.075, 0.0491], [0.0816, 0.0747, 0.0421, 0.6547, 0.0215, 0.0387, 0.0867], [0.0562, 0.0247, 0.0771, 0.643, 0.0768, 0.0557, 0.0665], [0.0816, 0.0529, 0.0418, 0.6818, 0.0548, 0.0477, 0.0394], [0.0911, 0.0239, 0.0576, 0.6201, 0.0779, 0.058, 0.0714], [0.06, 0.0784, 0.0392, 0.6913, 0.0317, 0.0685, 0.0309], [0.0558, 0.0278, 0.0308, 0.7074, 0.0665, 0.0679, 0.0439], [0.0493, 0.0691, 0.0627, 0.6685, 0.0661, 0.0587, 0.0256], [0.0224, 0.0522, 0.0811, 0.703, 0.0304, 0.02, 0.0909], [0.0379, 0.0667, 0.0613, 0.6835, 0.0803, 0.0315, 0.0389], [0.0143, 0.0581, 0.02, 0.7952, 0.0233, 0.0339, 0.0551], [0.0143, 0.0742, 0.0687, 0.7185, 0.0542, 0.0417, 0.0283], [0.0346, 0.0343, 0.0625, 0.7585, 0.0159, 0.0323, 0.0619], [0.0397, 0.0206, 0.0637, 0.7827, 0.0471, 0.0162, 0.0301], [0.075, 0.0173, 0.0233, 0.6771, 0.0477, 0.0665, 0.093], [0.033, 0.0905, 0.0521, 0.7061, 0.0615, 0.0301, 0.0268], [0.0751, 0.0701, 0.0191, 0.6315, 0.0842, 0.0641, 0.0559], [0.0367, 0.0564, 0.0139, 0.7618, 0.0159, 0.0279, 0.0873], [0.0345, 0.0676, 0.0656, 0.6834, 0.0395, 0.0343, 0.075], [0.0728, 0.0808, 0.0292, 0.7048, 0.0711, 0.0265, 0.0148], [0.0933, 0.0363, 0.0156, 0.7045, 0.067, 0.0656, 0.0177], [0.0607, 0.0504, 0.0374, 0.7076, 0.0303, 0.0547, 0.0587], [0.0446, 0.0268, 0.0565, 0.7006, 0.0657, 0.0386, 0.0672], [0.0828, 0.0817, 0.0764, 0.6278, 0.0608, 0.0461, 0.0244], [0.09, 0.0422, 0.0175, 0.6648, 0.0747, 0.043, 0.0678], [0.0795, 0.0738, 0.0214, 0.6806, 0.0375, 0.0792, 0.0281], [0.0426, 0.0553, 0.0376, 0.7593, 0.0345, 0.0532, 0.0174], [0.0128, 0.0426, 0.0477, 0.6816, 0.0756, 0.0614, 0.0783], [0.0437, 0.0556, 0.0477, 0.6539, 0.0625, 0.0619, 0.0746], [0.0343, 0.0554, 0.0836, 0.7009, 0.0303, 0.0674, 0.0282], [0.0771, 0.0858, 0.0923, 0.6098, 0.0351, 0.0478, 0.0521], [0.0713, 0.0564, 0.0157, 0.7154, 0.0193, 0.0698, 0.0522], [0.0759, 0.0659, 0.0598, 0.6779, 0.0157, 0.0277, 0.0772], [0.0401, 0.0852, 0.0132, 0.7742, 0.0137, 0.0472, 0.0265], [0.0564, 0.0555, 0.0168, 0.7173, 0.0557, 0.0608, 0.0375], [0.0612, 0.0157, 0.0591, 0.7257, 0.0793, 0.0425, 0.0165], [0.0594, 0.0624, 0.0198, 0.7051, 0.0584, 0.0593, 0.0355], [0.0354, 0.0633, 0.0299, 0.7475, 0.0239, 0.0471, 0.053], [0.0723, 0.0398, 0.0518, 0.6499, 0.1047, 0.0556, 0.0258], [0.0388, 0.0274, 0.0297, 0.8039, 0.0162, 0.0618, 0.0222], [0.069, 0.0862, 0.0366, 0.6279, 0.0787, 0.0235, 0.0781], [0.0291, 0.0535, 0.0681, 0.7088, 0.0205, 0.0538, 0.0661], [0.0436, 0.0836, 0.0498, 0.675, 0.0572, 0.0718, 0.0189], [0.0514, 0.0726, 0.0234, 0.713, 0.0598, 0.0399, 0.0399], [0.0229, 0.0193, 0.0172, 0.7574, 0.0682, 0.0701, 0.0449], [0.072, 0.0379, 0.0938, 0.6322, 0.0626, 0.0735, 0.0279], [0.0524, 0.0685, 0.0137, 0.7413, 0.0437, 0.0398, 0.0405], [0.0486, 0.0498, 0.0209, 0.7628, 0.035, 0.0544, 0.0285], [0.0369, 0.0916, 0.0192, 0.651, 0.0853, 0.0866, 0.0294], [0.0133, 0.0515, 0.0726, 0.749, 0.0559, 0.0268, 0.0308], [0.0567, 0.0139, 0.046, 0.7324, 0.0311, 0.0874, 0.0325], [0.0535, 0.0515, 0.0291, 0.6772, 0.0474, 0.0667, 0.0746], [0.054, 0.0631, 0.0174, 0.7448, 0.0341, 0.0133, 0.0733], [0.0623, 0.0889, 0.0526, 0.6116, 0.0782, 0.0473, 0.0592], [0.0325, 0.0869, 0.0156, 0.7635, 0.0391, 0.0177, 0.0446], [0.0265, 0.0721, 0.0401, 0.756, 0.0512, 0.031, 0.0232], [0.0382, 0.0187, 0.07, 0.7527, 0.045, 0.0282, 0.0472], [0.0421, 0.0256, 0.0464, 0.6903, 0.0568, 0.0709, 0.0678], [0.0761, 0.082, 0.0313, 0.6548, 0.0512, 0.0755, 0.0291], [0.0386, 0.0193, 0.0922, 0.6768, 0.0737, 0.0589, 0.0404], [0.0841, 0.0389, 0.0945, 0.7034, 0.0332, 0.0198, 0.0261], [0.0376, 0.0284, 0.0521, 0.6757, 0.0756, 0.0643, 0.0663]], "emotions": ["green", "green", "green", "green", "green", "green", "green", "green", "green", "green", "green", "green", "green", "green", "green", "green", "green", "green", "green", "green", "green", "green", "green", "green", "green", "green", "green", "green", "green", "green", "green", "green", "green", "green", "green", "green", "green", "green", "green", "green", "green", "green", "green", "green", "green", "green", "green", "green", "green", "green", "green", "green", "green", "green", "green", "green", "green", "green", "green", "green", "green", "green", "green", "green", "green", "green", "green", "green", "green", "green", "green", "green", "green", "green", "green", "green", "green", "green", "green", "green"], "timestamps": [0, 40, 80, 120, 160, 200, 240, 280, 320, 360, 400, 440, 480, 520, 560, 600, 640, 680, 720, 760, 800, 840, 880, 920, 960, 1000, 1040, 1080, 1120, 1160, 1200, 1240, 1280, 1320, 1360, 1400, 1440, 1480, 1520, 1560, 1600, 1640, 1680, 1720, 1760, 1800, 1840, 1880, 1920, 1960, 2000, 2040, 2080, 2120, 2160, 2200, 2240, 2280, 2320, 2360, 2400, 2440, 2480, 2520, 2560, 2600, 2640, 2680, 2720, 2760, 2800, 2840, 2880, 2920, 2960, 3000, 3040, 3080, 3120, 3160]}], "conversation": [], "conversation_timestamps": []}