{"agent_id": "agent-orange-1983", "type": "orange", "trips": [{"trip_id": 0, "transport_method": "bicycle", "start_time": 0, "path": [[1.5270498, 42.5107445], [1.5269963, 42.5103231], [1.5265779, 42.5100687], [1.5261565, 42.5098194], [1.5264056, 42.5099423], [1.526852, 42.5101435], [1.5272984, 42.5103448], [1.5277449, 42.510546], [1.5281913, 42.5107472], [1.5286378, 42.5109484], [1.5290842, 42.5111496], [1.5295307, 42.5113508], [1.5296368, 42.5114225], [1.5291538, 42.5113458], [1.5286662, 42.5113047], [1.5281955, 42.511171], [1.527736, 42.5110018], [1.527277, 42.5108311], [1.5272879, 42.5108085], [1.5277608, 42.5109356], [1.5282337, 42.5110627], [1.5287066, 42.5111898], [1.5291795, 42.511317], [1.5296524, 42.5114441], [1.5301253, 42.5115712], [1.5305925, 42.5117153], [1.5309569, 42.5120284], [1.5312218, 42.5123506], [1.5316639, 42.5121496], [1.5321431, 42.5122164], [1.5326112, 42.5123507], [1.5330132, 42.5126271], [1.5330503, 42.5128487], [1.5334345, 42.5129439], [1.5338903, 42.5130427], [1.5343762, 42.5130852], [1.5348274, 42.5129518], [1.5352852, 42.5127829], [1.5357682, 42.5127023], [1.5362013, 42.5125012], [1.5366498, 42.5123044], [1.5370327, 42.5120054], [1.5374673, 42.5117994], [1.5379132, 42.5116039], [1.5383396, 42.5113925], [1.5386939, 42.5110566], [1.5390457, 42.510716], [1.5391256, 42.5102657], [1.5395571, 42.5100577], [1.5399944, 42.5098397], [1.5403938, 42.509575], [1.5407952, 42.5093275], [1.541252, 42.5091705], [1.541714, 42.5090509], [1.5421428, 42.5088892], [1.5419622, 42.5088863], [1.542357, 42.5089031], [1.5428458, 42.5089293], [1.5433301, 42.5090017], [1.5437908, 42.509153], [1.5442561, 42.509298], [1.5447454, 42.5093185], [1.545234, 42.5093508], [1.5456834, 42.5091998], [1.5461169, 42.5089719], [1.5465503, 42.5087441], [1.5469838, 42.5085163], [1.5471229, 42.5085915], [1.546772, 42.5089277], [1.5463302, 42.5091306], [1.5458791, 42.5093071], [1.5454134, 42.5093458], [1.5457737, 42.5091522], [1.5462071, 42.5089242], [1.5466405, 42.5086963], [1.5470739, 42.5084683], [1.5474816, 42.5084984], [1.5477397, 42.5089144], [1.5480583, 42.5092639], [1.5484257, 42.5094124]], "mood_vectors": [[0.0328, 0.0777, 0.0614, 0.024, 0.73, 0.0167, 0.0575], [0.0186, 0.0606, 0.0677, 0.0405, 0.7277, 0.013, 0.072], [0.0808, 0.0551, 0.0875, 0.0922, 0.5963, 0.05, 0.0381], [0.0774, 0.0372, 0.0319, 0.0524, 0.6938, 0.075, 0.0323], [0.027, 0.0148, 0.0706, 0.0244, 0.8127, 0.023, 0.0276], [0.0425, 0.0541, 0.0518, 0.0513, 0.6813, 0.0624, 0.0566], [0.0632, 0.0574, 0.0151, 0.0514, 0.6402, 0.0873, 0.0854], [0.0778, 0.0125, 0.0449, 0.0583, 0.7499, 0.0347, 0.022], [0.0433, 0.0542, 0.0549, 0.0391, 0.7598, 0.0248, 0.024], [0.0249, 0.0551, 0.0667, 0.0859, 0.6122, 0.0713, 0.084], [0.0604, 0.0322, 0.0565, 0.0227, 0.7324, 0.0206, 0.0752], [0.072, 0.0716, 0.0118, 0.0647, 0.7033, 0.0483, 0.0283], [0.0693, 0.0679, 0.0415, 0.0156, 0.7289, 0.0513, 0.0254], [0.0209, 0.0336, 0.0701, 0.0675, 0.7299, 0.0655, 0.0125], [0.0298, 0.0344, 0.0235, 0.1003, 0.7377, 0.0408, 0.0334], [0.0662, 0.0746, 0.0135, 0.0553, 0.7278, 0.0216, 0.0409], [0.017, 0.0842, 0.0607, 0.05, 0.6867, 0.0506, 0.0508], [0.0691, 0.0582, 0.0722, 0.0391, 0.701, 0.0303, 0.03], [0.0226, 0.0277, 0.0874, 0.0358, 0.7286, 0.0249, 0.073], [0.0586, 0.0715, 0.0344, 0.0713, 0.7116, 0.0313, 0.0213], [0.0661, 0.0703, 0.0663, 0.0188, 0.6961, 0.0214, 0.0609], [0.0221, 0.0256, 0.0751, 0.0145, 0.8134, 0.0221, 0.0272], [0.0743, 0.0663, 0.0479, 0.0411, 0.6961, 0.0431, 0.0312], [0.0629, 0.0141, 0.061, 0.0397, 0.6923, 0.0588, 0.0712], [0.0859, 0.0215, 0.0281, 0.0425, 0.7683, 0.0205, 0.0332], [0.0916, 0.0926, 0.0516, 0.0224, 0.6078, 0.0674, 0.0666], [0.0791, 0.0714, 0.0405, 0.0335, 0.6956, 0.0162, 0.0637], [0.0649, 0.0346, 0.0813, 0.0659, 0.6039, 0.0731, 0.0763], [0.0325, 0.0659, 0.0511, 0.0497, 0.7197, 0.0527, 0.0283], [0.0859, 0.0249, 0.036, 0.0562, 0.7003, 0.0193, 0.0776], [0.0581, 0.0578, 0.0728, 0.0739, 0.6724, 0.0496, 0.0153], [0.0825, 0.0315, 0.0696, 0.0156, 0.6935, 0.0477, 0.0594], [0.0924, 0.0143, 0.0925, 0.0474, 0.6847, 0.0376, 0.0311], [0.0568, 0.0436, 0.0147, 0.078, 0.6602, 0.0789, 0.0679], [0.0556, 0.0277, 0.0355, 0.0232, 0.748, 0.0398, 0.0702], [0.0734, 0.0698, 0.0892, 0.0415, 0.5899, 0.0608, 0.0754], [0.0814, 0.0625, 0.0485, 0.0128, 0.7072, 0.0119, 0.0757], [0.0577, 0.0206, 0.0738, 0.0426, 0.6718, 0.0694, 0.0642], [0.0281, 0.0603, 0.0594, 0.0248, 0.6949, 0.0512, 0.0814], [0.0256, 0.0244, 0.0684, 0.0796, 0.6683, 0.0665, 0.0673], [0.0472, 0.0267, 0.0402, 0.0187, 0.7939, 0.0552, 0.0181], [0.074, 0.0827, 0.0476, 0.0263, 0.5972, 0.0846, 0.0877], [0.0427, 0.0793, 0.0183, 0.0274, 0.7267, 0.0407, 0.065], [0.0711, 0.0504, 0.0797, 0.0634, 0.622, 0.0383, 0.0751], [0.0511, 0.0495, 0.0398, 0.0725, 0.7376, 0.0231, 0.0263], [0.0402, 0.051, 0.0506, 0.0381, 0.7093, 0.0305, 0.0803], [0.0325, 0.0468, 0.0672, 0.0649, 0.6415, 0.0708, 0.0762], [0.0676, 0.0735, 0.0335, 0.0611, 0.6703, 0.0175, 0.0764], [0.0359, 0.1019, 0.0522, 0.0253, 0.7242, 0.0212, 0.0393], [0.0836, 0.0532, 0.0155, 0.0158, 0.7289, 0.0542, 0.0487], [0.0755, 0.0768, 0.0692, 0.0178, 0.6603, 0.0731, 0.0272], [0.075, 0.0507, 0.0297, 0.0324, 0.7343, 0.0185, 0.0594], [0.0615, 0.074, 0.0421, 0.0203, 0.6341, 0.0813, 0.0867], [0.0182, 0.0342, 0.0804, 0.0336, 0.7146, 0.039, 0.0799], [0.025, 0.0644, 0.0376, 0.0602, 0.722, 0.056, 0.0347], [0.0489, 0.0671, 0.0295, 0.0182, 0.704, 0.1056, 0.0267], [0.0254, 0.0322, 0.0811, 0.0958, 0.6879, 0.0435, 0.0342], [0.0333, 0.0499, 0.0284, 0.0438, 0.748, 0.0514, 0.0451], [0.0616, 0.0278, 0.0797, 0.066, 0.617, 0.0636, 0.0844], [0.0774, 0.0291, 0.0704, 0.0684, 0.6746, 0.059, 0.021], [0.0529, 0.0851, 0.0673, 0.04, 0.6756, 0.021, 0.0581], [0.0145, 0.024, 0.0495, 0.0661, 0.7906, 0.0151, 0.0403], [0.0123, 0.0543, 0.0751, 0.0299, 0.7229, 0.0498, 0.0557], [0.0425, 0.0135, 0.0236, 0.0531, 0.7463, 0.0415, 0.0795], [0.0505, 0.0379, 0.0563, 0.0232, 0.7279, 0.0168, 0.0875], [0.0467, 0.0189, 0.0645, 0.0769, 0.6984, 0.0413, 0.0532], [0.0719, 0.0284, 0.0614, 0.0248, 0.7641, 0.0346, 0.0149], [0.0269, 0.0395, 0.024, 0.0155, 0.7957, 0.069, 0.0293], [0.0687, 0.0716, 0.0574, 0.044, 0.6016, 0.0884, 0.0683], [0.0265, 0.0572, 0.0575, 0.0179, 0.6986, 0.0856, 0.0566], [0.0509, 0.024, 0.0725, 0.0452, 0.7503, 0.0191, 0.038], [0.082, 0.0492, 0.0583, 0.0798, 0.6191, 0.074, 0.0377], [0.016, 0.0511, 0.0758, 0.025, 0.7159, 0.0833, 0.0329], [0.0121, 0.0448, 0.0713, 0.0505, 0.6854, 0.0573, 0.0788], [0.058, 0.075, 0.0394, 0.0263, 0.6926, 0.0373, 0.0714], [0.0287, 0.0134, 0.0433, 0.0161, 0.7835, 0.0582, 0.0568], [0.0391, 0.0436, 0.0373, 0.034, 0.7574, 0.0709, 0.0178], [0.0682, 0.0749, 0.0142, 0.0184, 0.7563, 0.0297, 0.0382], [0.0385, 0.0213, 0.0429, 0.0254, 0.7788, 0.0722, 0.0208], [0.0607, 0.0295, 0.0252, 0.0639, 0.7046, 0.0382, 0.0778]], "emotions": ["red", "red", "red", "red", "red", "red", "red", "red", "red", "red", "red", "red", "red", "red", "red", "red", "red", "red", "red", "red", "red", "red", "red", "red", "red", "red", "red", "red", "red", "red", "red", "red", "red", "red", "red", "red", "red", "red", "red", "red", "red", "red", "red", "red", "red", "red", "red", "red", "red", "red", "red", "red", "red", "red", "red", "red", "red", "red", "red", "red", "red", "red", "red", "red", "red", "red", "red", "red", "red", "red", "red", "red", "red", "red", "red", "red", "red", "red", "red", "red"], "timestamps": [0, 40, 80, 120, 160, 200, 240, 280, 320, 360, 400, 440, 480, 520, 560, 600, 640, 680, 720, 760, 800, 840, 880, 920, 960, 1000, 1040, 1080, 1120, 1160, 1200, 1240, 1280, 1320, 1360, 1400, 1440, 1480, 1520, 1560, 1600, 1640, 1680, 1720, 1760, 1800, 1840, 1880, 1920, 1960, 2000, 2040, 2080, 2120, 2160, 2200, 2240, 2280, 2320, 2360, 2400, 2440, 2480, 2520, 2560, 2600, 2640, 2680, 2720, 2760, 2800, 2840, 2880, 2920, 2960, 3000, 3040, 3080, 3120, 3160]}], "conversation": [], "conversation_timestamps": []}