{"agent_id": "agent-green-1897", "type": "green", "trips": [{"trip_id": 0, "transport_method": "foot", "start_time": 0, "path": [[1.5359378, 42.6102552], [1.535616, 42.6097427], [1.5355179, 42.6076439], [1.5353474, 42.6055505], [1.5353046, 42.6061105], [1.5350211, 42.6039495], [1.5341555, 42.6019544], [1.5324356, 42.6006345], [1.5309608, 42.5990394], [1.5294917, 42.598427], [1.5279226, 42.5971569], [1.5264623, 42.5956267], [1.5263308, 42.5937645], [1.5251445, 42.5920967], [1.5243338, 42.5900488], [1.5228397, 42.5884031], [1.5211715, 42.5869771], [1.5206352, 42.5848976], [1.5193544, 42.5831555], [1.5189045, 42.5809742], [1.5185351, 42.5787741], [1.5190632, 42.5800825], [1.5191131, 42.5822064], [1.5183934, 42.58013], [1.517667, 42.5780207], [1.518428, 42.5768946], [1.5175711, 42.5769295], [1.5185187, 42.5761605], [1.5185023, 42.5743698], [1.5189523, 42.5726299], [1.5201527, 42.5716951], [1.5210666, 42.5697526], [1.5222369, 42.5679754], [1.5236225, 42.5663731], [1.524991, 42.564633], [1.5267982, 42.5634129], [1.5282372, 42.5621402], [1.5297325, 42.5605884], [1.5313555, 42.5590578], [1.5307314, 42.5600538], [1.5294522, 42.5608541], [1.5310803, 42.5593288], [1.5317776, 42.5576942], [1.5298662, 42.5566045], [1.5284321, 42.5550547], [1.5271088, 42.5533563], [1.5265721, 42.5520411], [1.5260294, 42.5501359], [1.5251061, 42.5481219], [1.5247301, 42.5463487], [1.5237483, 42.5444924], [1.5230731, 42.5431255], [1.5233035, 42.541083], [1.5231891, 42.5396805], [1.5238186, 42.5378466], [1.5249883, 42.5369546], [1.523163, 42.5363075], [1.5216974, 42.5347072], [1.5210716, 42.5331188], [1.5210746, 42.5311557], [1.5219978, 42.5294323], [1.5208628, 42.5277151], [1.5207752, 42.5255872], [1.5206383, 42.5272068], [1.5206742, 42.5249897], [1.5217057, 42.5231006], [1.5230782, 42.521447], [1.5240068, 42.5194575], [1.525716, 42.5180443], [1.5276658, 42.5170005], [1.5296228, 42.5163107], [1.531474, 42.5151061], [1.5332667, 42.5138607], [1.5354454, 42.5134149], [1.5375729, 42.5127807], [1.5376936, 42.512751], [1.5391353, 42.5125144], [1.5397299, 42.5125402], [1.5419366, 42.5123974], [1.5430242, 42.513025]], "mood_vectors": [[0.0175, 0.0533, 0.0444, 0.0624, 0.0521, 0.0586, 0.7118], [0.0508, 0.0693, 0.0252, 0.0754, 0.0627, 0.0568, 0.6597], [0.0602, 0.0453, 0.0505, 0.0589, 0.0718, 0.0539, 0.6593], [0.0402, 0.0345, 0.0713, 0.0552, 0.0563, 0.0169, 0.7257], [0.0521, 0.0742, 0.0611, 0.0432, 0.0484, 0.0438, 0.6773], [0.0336, 0.0366, 0.0498, 0.0357, 0.0398, 0.0886, 0.7159], [0.0784, 0.0844, 0.0292, 0.0299, 0.0602, 0.0375, 0.6804], [0.044, 0.0183, 0.0638, 0.0472, 0.0675, 0.0596, 0.6996], [0.0392, 0.0347, 0.057, 0.0738, 0.0503, 0.0187, 0.7264], [0.032, 0.0611, 0.0536, 0.0142, 0.0142, 0.0501, 0.7748], [0.0588, 0.0719, 0.029, 0.0216, 0.0306, 0.0697, 0.7184], [0.0628, 0.0556, 0.0225, 0.0591, 0.0398, 0.0417, 0.7185], [0.0388, 0.0519, 0.0641, 0.041, 0.0614, 0.067, 0.6758], [0.0592, 0.0939, 0.0295, 0.0494, 0.0528, 0.0523, 0.6629], [0.0831, 0.0844, 0.0569, 0.0197, 0.0253, 0.0838, 0.6468], [0.0142, 0.0379, 0.031, 0.0711, 0.0202, 0.061, 0.7646], [0.0209, 0.0242, 0.0626, 0.0634, 0.0761, 0.0642, 0.6885], [0.0621, 0.0511, 0.0175, 0.0779, 0.0208, 0.0432, 0.7274], [0.0808, 0.0709, 0.0238, 0.0728, 0.0159, 0.0799, 0.6559], [0.0678, 0.0156, 0.06, 0.0693, 0.0558, 0.0109, 0.7205], [0.0261, 0.0436, 0.0358, 0.0488, 0.022, 0.0615, 0.7622], [0.0398, 0.045, 0.0717, 0.029, 0.0397, 0.0231, 0.7517], [0.0312, 0.0234, 0.0193, 0.0539, 0.0826, 0.0182, 0.7714], [0.0142, 0.0565, 0.027, 0.0614, 0.0151, 0.0683, 0.7575], [0.0412, 0.0699, 0.0176, 0.0114, 0.0774, 0.0123, 0.7702], [0.0159, 0.0354, 0.0222, 0.0452, 0.0591, 0.0229, 0.7992], [0.095, 0.0384, 0.0892, 0.0363, 0.0655, 0.0203, 0.6553], [0.0362, 0.019, 0.0787, 0.0398, 0.0818, 0.051, 0.6935], [0.0677, 0.0466, 0.0815, 0.0483, 0.0466, 0.0475, 0.662], [0.0495, 0.0277, 0.0697, 0.0189, 0.0544, 0.0308, 0.7491], [0.0497, 0.0238, 0.0272, 0.1077, 0.0347, 0.0474, 0.7095], [0.0853, 0.0215, 0.0302, 0.0432, 0.0579, 0.0215, 0.7403], [0.0582, 0.0726, 0.0632, 0.0892, 0.0472, 0.0906, 0.5789], [0.0464, 0.0632, 0.0845, 0.0347, 0.0611, 0.0652, 0.6449], [0.0469, 0.0727, 0.0759, 0.0703, 0.0456, 0.0703, 0.6183], [0.0393, 0.0841, 0.0316, 0.0193, 0.033, 0.0764, 0.7163], [0.0882, 0.0343, 0.0695, 0.0441, 0.0703, 0.0829, 0.6107], [0.0422, 0.0374, 0.0201, 0.0184, 0.0732, 0.0533, 0.7554], [0.0814, 0.0477, 0.039, 0.0651, 0.058, 0.0727, 0.6362], [0.041, 0.0681, 0.0616, 0.0678, 0.0556, 0.069, 0.6368], [0.0366, 0.0234, 0.0501, 0.0403, 0.0225, 0.0766, 0.7505], [0.0713, 0.0496, 0.0253, 0.04, 0.0497, 0.0195, 0.7446], [0.0265, 0.076, 0.0165, 0.0536, 0.0659, 0.0841, 0.6773], [0.0175, 0.0232, 0.0629, 0.0515, 0.0602, 0.075, 0.7097], [0.0849, 0.0276, 0.0632, 0.0486, 0.0264, 0.0691, 0.6802], [0.0919, 0.0954, 0.0326, 0.059, 0.0832, 0.0222, 0.6157], [0.0685, 0.0842, 0.0613, 0.0257, 0.0461, 0.0851, 0.629], [0.0418, 0.0649, 0.0687, 0.0712, 0.0507, 0.0589, 0.6439], [0.0256, 0.0749, 0.0214, 0.0287, 0.0654, 0.0766, 0.7074], [0.0674, 0.0304, 0.0648, 0.0585, 0.0703, 0.0463, 0.6623], [0.0408, 0.0727, 0.0329, 0.056, 0.0605, 0.0734, 0.6637], [0.0408, 0.0135, 0.0297, 0.0257, 0.0309, 0.0417, 0.8177], [0.0178, 0.0746, 0.0478, 0.0537, 0.0774, 0.0172, 0.7114], [0.0988, 0.0616, 0.0383, 0.0542, 0.0315, 0.0438, 0.6718], [0.0648, 0.0286, 0.0808, 0.0525, 0.038, 0.0438, 0.6916], [0.0616, 0.0615, 0.0773, 0.0312, 0.0783, 0.0823, 0.6078], [0.063, 0.0268, 0.0763, 0.0803, 0.0279, 0.0251, 0.7006], [0.0262, 0.0526, 0.048, 0.0402, 0.0616, 0.017, 0.7544], [0.0472, 0.0794, 0.0278, 0.0484, 0.0277, 0.0487, 0.7208], [0.0675, 0.0273, 0.0291, 0.0326, 0.0706, 0.0654, 0.7076], [0.0239, 0.0268, 0.0352, 0.0226, 0.0375, 0.0599, 0.7941], [0.0235, 0.0784, 0.0759, 0.0754, 0.0451, 0.0481, 0.6536], [0.0376, 0.0326, 0.0232, 0.0623, 0.0596, 0.0612, 0.7235], [0.022, 0.0629, 0.0747, 0.0588, 0.0474, 0.0302, 0.7041], [0.0309, 0.0636, 0.0823, 0.049, 0.0194, 0.0613, 0.6936], [0.0682, 0.0744, 0.0544, 0.0786, 0.0192, 0.0735, 0.6317], [0.0482, 0.0705, 0.019, 0.029, 0.0616, 0.0321, 0.7396], [0.0617, 0.0645, 0.0271, 0.0727, 0.0246, 0.0607, 0.6888], [0.0288, 0.0491, 0.0554, 0.0709, 0.0434, 0.0463, 0.7062], [0.0164, 0.0558, 0.0426, 0.0844, 0.0343, 0.0436, 0.723], [0.073, 0.0343, 0.0799, 0.0512, 0.0227, 0.0868, 0.6522], [0.0251, 0.0673, 0.0192, 0.0312, 0.0826, 0.0896, 0.685], [0.0697, 0.0498, 0.0419, 0.0399, 0.0974, 0.0527, 0.6486], [0.0482, 0.032, 0.0372, 0.0469, 0.0357, 0.0657, 0.7343], [0.0241, 0.0761, 0.0208, 0.0646, 0.0317, 0.0458, 0.7369], [0.011, 0.0704, 0.0446, 0.0227, 0.0718, 0.0525, 0.727], [0.061, 0.0472, 0.0759, 0.0669, 0.0635, 0.0274, 0.6581], [0.0359, 0.0832, 0.0321, 0.1058, 0.0171, 0.0867, 0.6392], [0.0225, 0.0316, 0.0728, 0.0314, 0.0689, 0.0423, 0.7305], [0.0269, 0.0292, 0.0636, 0.0189, 0.0306, 0.1024, 0.7284]], "emotions": ["purple", "purple", "purple", "purple", "purple", "purple", "purple", "purple", "purple", "purple", "purple", "purple", "purple", "purple", "purple", "purple", "purple", "purple", "purple", "purple", "purple", "purple", "purple", "purple", "purple", "purple", "purple", "purple", "purple", "purple", "purple", "purple", "purple", "purple", "purple", "purple", "purple", "purple", "purple", "purple", "purple", "purple", "purple", "purple", "purple", "purple", "purple", "purple", "purple", "purple", "purple", "purple", "purple", "purple", "purple", "purple", "purple", "purple", "purple", "purple", "purple", "purple", "purple", "purple", "purple", "purple", "purple", "purple", "purple", "purple", "purple", "purple", "purple", "purple", "purple", "purple", "purple", "purple", "purple", "purple"], "timestamps": [0, 40, 80, 120, 160, 200, 240, 280, 320, 360, 400, 440, 480, 520, 560, 600, 640, 680, 720, 760, 800, 840, 880, 920, 960, 1000, 1040, 1080, 1120, 1160, 1200, 1240, 1280, 1320, 1360, 1400, 1440, 1480, 1520, 1560, 1600, 1640, 1680, 1720, 1760, 1800, 1840, 1880, 1920, 1960, 2000, 2040, 2080, 2120, 2160, 2200, 2240, 2280, 2320, 2360, 2400, 2440, 2480, 2520, 2560, 2600, 2640, 2680, 2720, 2760, 2800, 2840, 2880, 2920, 2960, 3000, 3040, 3080, 3120, 3160]}], "conversation": [], "conversation_timestamps": []}