{"agent_id": "agent-purple-1814", "type": "purple", "trips": [{"trip_id": 0, "transport_method": "car", "start_time": 0, "path": [[1.5363642, 42.5077797], [1.5364266, 42.5077864], [1.536489, 42.5077931], [1.5365514, 42.5077998], [1.5366139, 42.5078065], [1.5366763, 42.5078132], [1.5367387, 42.50782], [1.5368008, 42.5078289], [1.5368629, 42.5078386], [1.5369249, 42.5078483], [1.5369869, 42.507858], [1.5370487, 42.5078688], [1.5371097, 42.5078838], [1.5371707, 42.5078988], [1.5372316, 42.5079138], [1.537291, 42.507934], [1.5373492, 42.5079574], [1.5374074, 42.5079808], [1.5374656, 42.5080044], [1.5375225, 42.5080311], [1.5375793, 42.5080577], [1.5376362, 42.5080844], [1.5376945, 42.5081071], [1.5377548, 42.5081244], [1.5378137, 42.5081452], [1.5378346, 42.5082015], [1.5378456, 42.5082634], [1.5378566, 42.5083252], [1.5378676, 42.508387], [1.5378786, 42.5084488], [1.5378896, 42.5085106], [1.537859, 42.5085654], [1.5378284, 42.5086202], [1.5377977, 42.508675], [1.537767, 42.5087298], [1.5377363, 42.5087846], [1.5377427, 42.5088435], [1.5377605, 42.5089037], [1.5377783, 42.5089639], [1.5377962, 42.5090241], [1.537814, 42.5090843], [1.5378318, 42.5091445], [1.5378496, 42.5092047], [1.5378674, 42.5092649], [1.5378852, 42.5093251], [1.537903, 42.5093853], [1.5379037, 42.5094479], [1.5379029, 42.5095107], [1.5379021, 42.5095735], [1.5379013, 42.5096363], [1.5379006, 42.509699], [1.5378998, 42.5097618], [1.537899, 42.5098246], [1.5378983, 42.5098874], [1.5378975, 42.5099502], [1.5378967, 42.5100129], [1.5379006, 42.5100755], [1.5379084, 42.5101377], [1.5379163, 42.5102], [1.5379242, 42.5102623], [1.537932, 42.5103246], [1.5379399, 42.5103869], [1.5379478, 42.5104492], [1.5379556, 42.5105115], [1.5379635, 42.5105738], [1.5379714, 42.5106361], [1.5379999, 42.5106906], [1.5380348, 42.5107428], [1.5380697, 42.510795], [1.5381046, 42.5108472], [1.5381394, 42.5108995], [1.5381743, 42.5109517], [1.5382113, 42.5109681], [1.5382554, 42.5109239], [1.5383181, 42.5109206], [1.5383808, 42.5109173], [1.5384435, 42.5109141], [1.5385062, 42.5109108], [1.5385689, 42.5109075], [1.5386316, 42.5109042]], "mood_vectors": [[0.0519, 0.078, 0.0882, 0.0412, 0.0477, 0.648, 0.0449], [0.0643, 0.0572, 0.0744, 0.0789, 0.0486, 0.6008, 0.0758], [0.0801, 0.0759, 0.058, 0.0233, 0.0396, 0.6475, 0.0756], [0.0249, 0.0597, 0.0291, 0.0158, 0.0185, 0.8008, 0.0511], [0.0487, 0.0216, 0.0764, 0.0347, 0.0603, 0.7183, 0.0401], [0.0275, 0.0419, 0.0701, 0.0388, 0.036, 0.7362, 0.0495], [0.0867, 0.0176, 0.044, 0.0139, 0.0176, 0.7823, 0.0378], [0.0382, 0.0203, 0.0267, 0.0903, 0.0454, 0.7354, 0.0437], [0.062, 0.0404, 0.0354, 0.0184, 0.0824, 0.6794, 0.0821], [0.0606, 0.0438, 0.0502, 0.0363, 0.0557, 0.6897, 0.0638], [0.0552, 0.0995, 0.0235, 0.0697, 0.0513, 0.667, 0.0338], [0.0231, 0.0301, 0.044, 0.0363, 0.0808, 0.7329, 0.0529], [0.0425, 0.056, 0.0942, 0.0282, 0.0361, 0.6631, 0.0799], [0.07, 0.0368, 0.0631, 0.0556, 0.0339, 0.6868, 0.0536], [0.0689, 0.0445, 0.0619, 0.0686, 0.0289, 0.6929, 0.0344], [0.0142, 0.0415, 0.0223, 0.06, 0.0661, 0.7571, 0.0389], [0.0627, 0.0712, 0.075, 0.0319, 0.0526, 0.6547, 0.0518], [0.0626, 0.0723, 0.038, 0.0382, 0.0171, 0.7005, 0.0713], [0.0357, 0.0698, 0.0382, 0.0514, 0.0672, 0.7032, 0.0345], [0.0886, 0.0362, 0.0779, 0.0257, 0.0336, 0.6801, 0.0578], [0.061, 0.0221, 0.0427, 0.0314, 0.077, 0.6855, 0.0802], [0.0859, 0.0148, 0.0524, 0.016, 0.0606, 0.6853, 0.0849], [0.0738, 0.0758, 0.0417, 0.0164, 0.0258, 0.6975, 0.069], [0.0217, 0.0156, 0.0208, 0.0332, 0.0722, 0.7689, 0.0677], [0.0355, 0.0166, 0.0235, 0.0943, 0.0885, 0.7106, 0.031], [0.0501, 0.027, 0.0419, 0.0423, 0.0532, 0.759, 0.0264], [0.0769, 0.0154, 0.0659, 0.0801, 0.0431, 0.6531, 0.0655], [0.0489, 0.057, 0.0417, 0.069, 0.0446, 0.6962, 0.0426], [0.0732, 0.0777, 0.0932, 0.0766, 0.0221, 0.6301, 0.0272], [0.0315, 0.014, 0.0325, 0.0187, 0.085, 0.8027, 0.0155], [0.0736, 0.0382, 0.0549, 0.0193, 0.0336, 0.7475, 0.0329], [0.0524, 0.0761, 0.0738, 0.0465, 0.0444, 0.6584, 0.0484], [0.0433, 0.075, 0.028, 0.0614, 0.069, 0.7078, 0.0154], [0.0417, 0.0154, 0.0452, 0.0884, 0.0714, 0.72, 0.0178], [0.0166, 0.0199, 0.0459, 0.0638, 0.0746, 0.7528, 0.0263], [0.0361, 0.023, 0.0485, 0.0302, 0.0716, 0.7508, 0.0397], [0.0366, 0.0214, 0.0329, 0.0969, 0.0435, 0.7435, 0.0253], [0.017, 0.0749, 0.0735, 0.0784, 0.0646, 0.6559, 0.0357], [0.0424, 0.0487, 0.0304, 0.0292, 0.0714, 0.693, 0.0849], [0.0731, 0.0606, 0.0337, 0.0601, 0.0718, 0.6414, 0.0593], [0.0665, 0.0312, 0.0539, 0.065, 0.0608, 0.6668, 0.0558], [0.0155, 0.0224, 0.0721, 0.089, 0.1047, 0.6546, 0.0417], [0.0206, 0.0787, 0.0429, 0.0673, 0.0598, 0.6984, 0.0323], [0.063, 0.047, 0.0735, 0.0509, 0.0589, 0.661, 0.0457], [0.0291, 0.038, 0.0442, 0.0406, 0.0532, 0.729, 0.0658], [0.0562, 0.033, 0.0698, 0.0234, 0.0307, 0.7538, 0.033], [0.0398, 0.0246, 0.0388, 0.0753, 0.0298, 0.7315, 0.0601], [0.0714, 0.0125, 0.0596, 0.0164, 0.0169, 0.7467, 0.0765], [0.0479, 0.0264, 0.0154, 0.0613, 0.0649, 0.7428, 0.0412], [0.0428, 0.0582, 0.0267, 0.02, 0.0751, 0.7241, 0.0531], [0.0714, 0.0114, 0.0277, 0.0505, 0.065, 0.7028, 0.0712], [0.0643, 0.0277, 0.046, 0.0366, 0.0214, 0.7473, 0.0567], [0.0251, 0.0743, 0.0515, 0.0538, 0.0384, 0.6889, 0.068], [0.077, 0.0449, 0.0151, 0.0704, 0.0619, 0.7044, 0.0262], [0.0354, 0.0384, 0.0214, 0.0334, 0.0256, 0.773, 0.0727], [0.0905, 0.0546, 0.0488, 0.0915, 0.0527, 0.6232, 0.0388], [0.0403, 0.0551, 0.0119, 0.0761, 0.0207, 0.7612, 0.0348], [0.0319, 0.0181, 0.0649, 0.0403, 0.0446, 0.7755, 0.0248], [0.0184, 0.0372, 0.0713, 0.0672, 0.0469, 0.6978, 0.0611], [0.0897, 0.0783, 0.0239, 0.0156, 0.0889, 0.6681, 0.0354], [0.0532, 0.0366, 0.0498, 0.0191, 0.0283, 0.7507, 0.0622], [0.048, 0.0222, 0.0431, 0.013, 0.0401, 0.7593, 0.0744], [0.0481, 0.0551, 0.0418, 0.0682, 0.0249, 0.7209, 0.041], [0.0436, 0.0519, 0.018, 0.0755, 0.0633, 0.6895, 0.0581], [0.1007, 0.0237, 0.0895, 0.0287, 0.0214, 0.6563, 0.0797], [0.0869, 0.0301, 0.0467, 0.066, 0.0539, 0.685, 0.0313], [0.0744, 0.0741, 0.0114, 0.0612, 0.0309, 0.6947, 0.0532], [0.0504, 0.0497, 0.0355, 0.0526, 0.0223, 0.7232, 0.0664], [0.0721, 0.0443, 0.0383, 0.0224, 0.0733, 0.6992, 0.0504], [0.0297, 0.0773, 0.0318, 0.054, 0.0139, 0.7183, 0.0751], [0.0122, 0.0553, 0.0477, 0.0567, 0.0484, 0.7578, 0.0218], [0.0254, 0.0572, 0.0555, 0.0843, 0.0439, 0.6798, 0.054], [0.044, 0.058, 0.0758, 0.0318, 0.0275, 0.738, 0.0248], [0.0212, 0.0367, 0.017, 0.0397, 0.05, 0.779, 0.0564], [0.0315, 0.051, 0.0706, 0.0808, 0.081, 0.668, 0.017], [0.0371, 0.0563, 0.0531, 0.0518, 0.0668, 0.7151, 0.0198], [0.0607, 0.0687, 0.0268, 0.045, 0.0797, 0.6478, 0.0713], [0.0659, 0.0299, 0.0589, 0.0505, 0.0369, 0.7206, 0.0373], [0.0202, 0.0288, 0.0777, 0.0329, 0.0717, 0.6946, 0.074], [0.0772, 0.0561, 0.0431, 0.0566, 0.0253, 0.7162, 0.0257]], "emotions": ["purple", "purple", "purple", "purple", "purple", "purple", "purple", "purple", "purple", "purple", "purple", "purple", "purple", "purple", "purple", "purple", "purple", "purple", "purple", "purple", "purple", "purple", "purple", "purple", "purple", "purple", "purple", "purple", "purple", "purple", "purple", "purple", "purple", "purple", "purple", "purple", "purple", "purple", "purple", "purple", "purple", "purple", "purple", "purple", "purple", "purple", "purple", "purple", "purple", "purple", "purple", "purple", "purple", "purple", "purple", "purple", "purple", "purple", "purple", "purple", "purple", "purple", "purple", "purple", "purple", "purple", "purple", "purple", "purple", "purple", "purple", "purple", "purple", "purple", "purple", "purple", "purple", "purple", "purple", "purple"], "timestamps": [0, 40, 80, 120, 160, 200, 240, 280, 320, 360, 400, 440, 480, 520, 560, 600, 640, 680, 720, 760, 800, 840, 880, 920, 960, 1000, 1040, 1080, 1120, 1160, 1200, 1240, 1280, 1320, 1360, 1400, 1440, 1480, 1520, 1560, 1600, 1640, 1680, 1720, 1760, 1800, 1840, 1880, 1920, 1960, 2000, 2040, 2080, 2120, 2160, 2200, 2240, 2280, 2320, 2360, 2400, 2440, 2480, 2520, 2560, 2600, 2640, 2680, 2720, 2760, 2800, 2840, 2880, 2920, 2960, 3000, 3040, 3080, 3120, 3160]}], "conversation": [], "conversation_timestamps": []}