{
  "agent_id": "agent-type-purple-30",
  "type": "purple",
  "trips": [
    {
      "trip_id": 0,
      "transport_method": "foot",
      "start_time": 0,
      "path": [
        [
          1.5270885000000003,
          42.5094371
        ],
        [
          1.526508121955679,
          42.509297091677965
        ],
        [
          1.525927743911358,
          42.50915708335593
        ],
        [
          1.525347365867037,
          42.509017075033896
        ],
        [
          1.5254713869496421,
          42.5092292414115
        ],
        [
          1.5249911257726467,
          42.50894545828598
        ],
        [
          1.5244051661109643,
          42.5088310367869
        ],
        [
          1.5238595903988557,
          42.50884222449472
        ],
        [
          1.5239451721615407,
          42.50873886642646
        ],
        [
          1.5234077723652744,
          42.508478784778625
        ],
        [
          1.5228752579847098,
          42.508353188955
        ],
        [
          1.5223019219346454,
          42.50843276981213
        ],
        [
          1.5217248592579011,
          42.508280109699875
        ],
        [
          1.5211977925423146,
          42.50799967845716
        ],
        [
          1.520670725826728,
          42.507719247214446
        ],
        [
          1.5201319003102847,
          42.5075695668443
        ],
        [
          1.5195835745275714,
          42.507798827666754
        ],
        [
          1.519638665960035,
          42.508362141410124
        ],
        [
          1.5197555010220216,
          42.508604156357116
        ],
        [
          1.5195867109386971,
          42.508069438158365
        ],
        [
          1.5198484701967974,
          42.50766390249395
        ],
        [
          1.520014673936702,
          42.50742751450499
        ],
        [
          1.519817078206496,
          42.5071160973851
        ],
        [
          1.5193646159398742,
          42.50692156417548
        ],
        [
          1.5188000523242022,
          42.5068268296957
        ],
        [
          1.5187043278613557,
          42.506255067304146
        ],
        [
          1.5183859473441887,
          42.505756063002
        ],
        [
          1.5184506330123884,
          42.50520078860492
        ],
        [
          1.5188821612285615,
          42.504985457364654
        ],
        [
          1.5194663784133724,
          42.50510846665512
        ],
        [
          1.5194410044018174,
          42.50510312405439
        ],
        [
          1.5188567872170062,
          42.504980114763924
        ],
        [
          1.5184407223301515,
          42.5052247502873
        ],
        [
          1.5187950000000003,
          42.5054773
        ]
      ],
      "emotions": [
        "green",
        "green",
        "green",
        "green",
        "green",
        "purple",
        "purple",
        "purple",
        "purple",
        "purple",
        "purple",
        "purple",
        "purple",
        "purple",
        "purple",
        "purple",
        "purple",
        "purple",
        "purple",
        "purple",
        "green",
        "green",
        "green",
        "green",
        "green",
        "green",
        "green",
        "green",
        "green",
        "green",
        "green",
        "green",
        "green",
        "green"
      ],
      "mood_vectors": [
        [
          0.08797089962256578,
          0.17058083581109185,
          0.025678498239568137,
          0.181735713655228,
          0.1756396071625368,
          0.13736725821963414,
          0.2210271872893753
        ],
        [
          0.18429588702402824,
          0.06896593609306961,
          0.24197745428591824,
          0.061681700824662775,
          0.05049891394498104,
          0.2722843452587289,
          0.12029576256861114
        ],
        [
          0.054739345048303266,
          0.11804948384451411,
          0.4059381690155234,
          0.11992381940260174,
          0.100061193476431,
          0.039098533103591564,
          0.162189456109035
        ],
        [
          0.1213653237086603,
          0.056422716471261805,
          0.13286062939659476,
          0.0004072584027640449,
          0.24574459095754242,
          0.2275844431164775,
          0.21561503794669923
        ],
        [
          0.15108403909094317,
          0.27014786108924205,
          0.14511085966228304,
          0.18449375047876138,
          0.04472830902197605,
          0.19848979839492792,
          0.005945382261866429
        ],
        [
          0.17323102335551613,
          0.06336517739231584,
          0.15943812662084153,
          0.18021935645748527,
          0.1964610368789213,
          0.1727222489082326,
          0.05456303038668736
        ],
        [
          0.02915814017021963,
          0.1542090788728706,
          0.1828132455126397,
          0.08623015943353275,
          0.19708155532576033,
          0.24389230179713256,
          0.10661551888784443
        ],
        [
          0.2740145836978204,
          0.19280740243168779,
          0.015951453455675512,
          0.12096249066672066,
          0.21645372401099625,
          0.006310353282547003,
          0.17349999245455236
        ],
        [
          0.13172636316807507,
          0.24556550363628543,
          0.012525738987120382,
          0.14682764096778028,
          0.229090208726684,
          0.09640871824649988,
          0.13785582626755488
        ],
        [
          0.11432113692806156,
          0.11522620704016406,
          0.07332251493354099,
          0.3325773854972744,
          0.10140474397752589,
          0.2298274096462636,
          0.033320601977169545
        ],
        [
          0.1770644775704848,
          0.23757753461006917,
          0.17698549885953957,
          0.07271765874480447,
          0.004141817639119789,
          0.22529936274558746,
          0.10621364983039468
        ],
        [
          0.10877257326478657,
          0.11678679750376056,
          0.24935219863280242,
          0.24839621683049723,
          0.046018345155140084,
          0.023714028640732385,
          0.20695983997228073
        ],
        [
          0.23711183837321134,
          0.04728039947786234,
          0.16203515258583134,
          0.23018720394096426,
          0.25451586066893517,
          0.00496728241846703,
          0.06390226253472844
        ],
        [
          0.21927145031394737,
          0.1566113535656733,
          0.1289406065035015,
          0.009687984892177802,
          0.10133714984080364,
          0.1633766210534318,
          0.22077483383046456
        ],
        [
          0.17510235481232572,
          0.04086358969086374,
          0.23603709195070904,
          0.09745575565280407,
          0.12421337698785484,
          0.19252267702256282,
          0.13380515388287967
        ],
        [
          0.13936940346540816,
          0.2057223148861513,
          0.20242005323010784,
          0.17759314437119747,
          0.1477985416988844,
          0.06448431086697604,
          0.06261223148127476
        ],
        [
          0.07817851182939602,
          0.17934474015205082,
          0.07794488750420324,
          0.051905731941144166,
          0.11049383567577735,
          0.2569890991381563,
          0.245143193759272
        ],
        [
          0.26157727843108486,
          0.13687103177667354,
          0.1987782769549021,
          0.005607983568396126,
          0.09874036301115185,
          0.2562978435041538,
          0.042127222753637734
        ],
        [
          0.160951284346502,
          0.038144924161906256,
          0.22942466230707426,
          0.1492052722540103,
          0.18487862836713098,
          0.1391949164330541,
          0.09820031213032213
        ],
        [
          0.05753313987616453,
          0.014611992248492826,
          0.25150327984601933,
          0.05722950922946351,
          0.27752280856103184,
          0.10500366478892183,
          0.23659560544990613
        ],
        [
          0.10149415975375596,
          0.13846398471754534,
          0.12489053084791762,
          0.1711961640308253,
          0.18623701918876862,
          0.144687886079672,
          0.13303025538151508
        ],
        [
          0.04636730872408792,
          0.11131798115594081,
          0.19042170064789612,
          0.172366833259701,
          0.17613319908264632,
          0.21973640469725114,
          0.08365657243247672
        ],
        [
          0.224446515949284,
          0.1951872451283287,
          0.10113057418034213,
          0.012635621752234307,
          0.23281013867082162,
          0.1299853169529452,
          0.10380458736604396
        ],
        [
          0.35904842772020634,
          0.058097007906564954,
          0.21215743553279673,
          0.029344875255268965,
          0.12309448756736557,
          0.08687252389833378,
          0.1313852421194637
        ],
        [
          0.19981706514510741,
          0.11866022545330161,
          0.1589709411694517,
          0.1904056925848072,
          0.024627046692577377,
          0.13642342111425065,
          0.171095607840504
        ],
        [
          0.35227670118251275,
          0.04609673340308861,
          0.06377538430912076,
          0.22601859489423148,
          0.0391484235681855,
          0.24296028079763457,
          0.02972388184522639
        ],
        [
          0.19587380600273147,
          0.17128344495404207,
          0.1250736423487464,
          0.1453134395707766,
          0.04600943244256162,
          0.18990590811942384,
          0.12654032656171801
        ],
        [
          0.021337850817929525,
          0.26626648623789806,
          0.1724051182682687,
          0.0012005286834075152,
          0.08852943636533696,
          0.06538114984537079,
          0.38487942978178846
        ],
        [
          0.11609089143768231,
          0.06410927062202934,
          0.2538153745508932,
          0.12658515944099094,
          0.11354352988048258,
          0.154870822830306,
          0.1709849512376156
        ],
        [
          0.3517855402108481,
          0.06560848348233862,
          0.011822204583739894,
          0.15729661856460642,
          0.0837040093919932,
          0.28079456169751293,
          0.048988582068960784
        ],
        [
          0.040502358820236097,
          0.12605943291308347,
          0.23823382471085108,
          0.2267635509654698,
          0.20983177446539464,
          0.09307308930512287,
          0.06553596881984206
        ],
        [
          0.05636635290233842,
          0.09105422679411396,
          0.15740274472595817,
          0.21485927275458683,
          0.20869804469775982,
          0.010162971385763737,
          0.26145638673947913
        ],
        [
          0.08678135581794114,
          0.018479126784614486,
          0.12202889317897747,
          0.2390527416328246,
          0.28354322228464685,
          0.1975633342421712,
          0.052551326058824246
        ],
        [
          0.06088608098557814,
          0.03526939123761604,
          0.2935821904291446,
          0.12524497962253658,
          0.19049455577027566,
          0.16663126517294233,
          0.12789153678190676
        ]
      ],
      "timestamps": [
        0,
        1,
        2,
        3,
        4,
        5,
        6,
        7,
        8,
        9,
        10,
        11,
        12,
        13,
        14,
        15,
        16,
        17,
        18,
        19,
        20,
        21,
        22,
        23,
        24,
        25,
        26,
        27,
        28,
        29,
        30,
        31,
        32,
        33
      ],
      "distance": 1130.4
    },
    {
      "trip_id": 1,
      "transport_method": "bicycle",
      "start_time": 34,
      "path": [
        [
          1.5187950000000003,
          42.5054773
        ],
        [
          1.5188103749847037,
          42.50497034248075
        ],
        [
          1.5195592028779776,
          42.505128011221466
        ],
        [
          1.5185140113995033,
          42.505073969555085
        ],
        [
          1.5185882498020549,
          42.5061050027535
        ],
        [
          1.5195825382628052,
          42.50618616195852
        ],
        [
          1.5193501189468597,
          42.50623253321805
        ],
        [
          1.51844826440976,
          42.50591264306568
        ],
        [
          1.5190957398425582,
          42.505546924000974
        ],
        [
          1.5202128185614607,
          42.50580553785524
        ],
        [
          1.5212839473990305,
          42.50608702344284
        ],
        [
          1.5222209279818582,
          42.50631906800385
        ],
        [
          1.5233316135581991,
          42.506590023020934
        ],
        [
          1.524449618522312,
          42.50684376303568
        ],
        [
          1.5254973843832575,
          42.50677682051404
        ],
        [
          1.5257373226849613,
          42.50704582127263
        ],
        [
          1.5268797556586204,
          42.50714350554529
        ],
        [
          1.527867047320233,
          42.507153052503654
        ],
        [
          1.5272803013229688,
          42.506186633983745
        ],
        [
          1.5267109516826116,
          42.506183743979825
        ],
        [
          1.5267273411024873,
          42.50620426750724
        ],
        [
          1.5272633105451583,
          42.50616660546081
        ],
        [
          1.5278506408532881,
          42.50713254260107
        ],
        [
          1.5269059351684675,
          42.50714561777767
        ],
        [
          1.5263690075578178,
          42.50687598235789
        ],
        [
          1.5270553511611595,
          42.50693333522099
        ],
        [
          1.5262194302905818,
          42.507090228740914
        ],
        [
          1.5273623400653311,
          42.50718244173686
        ],
        [
          1.5274960555718067,
          42.507252871537816
        ],
        [
          1.5276484000000001,
          42.507704199999985
        ]
      ],
      "emotions": [
        "green",
        "green",
        "green",
        "green",
        "green",
        "green",
        "purple",
        "purple",
        "purple",
        "purple",
        "purple",
        "purple",
        "purple",
        "purple",
        "purple",
        "purple",
        "red",
        "red",
        "red",
        "red",
        "red",
        "red",
        "red",
        "red",
        "red",
        "red",
        "red",
        "red",
        "red",
        "red"
      ],
      "mood_vectors": [
        [
          0.17218926511288896,
          0.012310875704497447,
          0.19281584858525402,
          0.2263209891281548,
          0.20116237474798632,
          0.18221042683779182,
          0.012990219883426574
        ],
        [
          0.05023848880388982,
          0.2604532705534241,
          0.1867899550752829,
          0.06123748159482687,
          0.15522792752334544,
          0.0870366065426513,
          0.19901626990657956
        ],
        [
          0.09310602277444627,
          0.09654580559521801,
          0.07236515894521418,
          0.21466080710157753,
          0.17320601672293903,
          0.2022777101627798,
          0.14783847869782518
        ],
        [
          0.020483093183364408,
          0.12916042174590286,
          0.1628476324846771,
          0.18782792425710187,
          0.04108670971974999,
          0.2457073519167991,
          0.21288686669240464
        ],
        [
          0.1398505917507806,
          0.20598450874064317,
          0.11799428928084575,
          0.029821831950272645,
          0.19685592737615948,
          0.17149784532530052,
          0.1379950055759979
        ],
        [
          0.2896417033396323,
          0.057944422119245984,
          0.021182432582717143,
          0.10313864389362801,
          0.0598992214376861,
          0.1065826458703825,
          0.36161093075670797
        ],
        [
          0.15942470738112607,
          0.014072247441150298,
          0.20130544781717113,
          0.16710803479693032,
          0.19019408771793175,
          0.1894063191747423,
          0.07848915567094812
        ],
        [
          0.10476800239681013,
          0.07197994146673074,
          0.2908872566599575,
          0.06126095241534397,
          0.11008631280632045,
          0.1425718701392135,
          0.2184456641156238
        ],
        [
          0.11825250663344132,
          0.306428820312334,
          0.12260708165775895,
          0.22088826352200558,
          0.04676297832699408,
          0.010382817094610199,
          0.17467753245285583
        ],
        [
          0.05300855349430034,
          0.0008629806720433838,
          0.25819215025940423,
          0.2765284424087232,
          0.18492995742822363,
          0.044118175731527744,
          0.18235974000577748
        ],
        [
          0.20358604897810165,
          0.02488696955614586,
          0.15674239954191596,
          0.21251517870815148,
          0.08260737567081626,
          0.15347526785380722,
          0.16618675969106153
        ],
        [
          0.19470759889091752,
          0.21082970041759094,
          0.07122780352403957,
          0.08064541482330587,
          0.11444007427860367,
          0.1518360098076311,
          0.17631339825791129
        ],
        [
          0.13796576983119038,
          0.24048034349194955,
          0.2086256773739011,
          0.13989936272630218,
          0.04320121807273897,
          0.09390062048978673,
          0.13592700801413105
        ],
        [
          0.11584512324363953,
          0.15356911663945286,
          0.16591190789106885,
          0.2233524713479161,
          0.1859358722464916,
          0.059233110838679215,
          0.09615239779275178
        ],
        [
          0.27224354280779606,
          0.1602529358612671,
          0.05930754879949306,
          0.07836971623824597,
          0.06067040641481339,
          0.2828790079348235,
          0.08627684194356088
        ],
        [
          0.053341572874788135,
          0.008947128111118962,
          0.18559271408773695,
          0.18968909789766283,
          0.2709728514879086,
          0.252388550250989,
          0.03906808528979553
        ],
        [
          0.20296623184528212,
          0.05946792811187435,
          0.10832239768606837,
          0.19571960705276562,
          0.20387929582755324,
          0.034098273937826155,
          0.19554626553863014
        ],
        [
          0.1813949252379926,
          0.17596801986436333,
          0.16725298746384704,
          0.14638069755805774,
          0.05125041158746241,
          0.1033437967842625,
          0.1744091615040143
        ],
        [
          0.2385944168428738,
          0.264093224572753,
          0.03669352011431351,
          0.004589998626770836,
          0.1204471648590246,
          0.2064574882733385,
          0.12912418671092576
        ],
        [
          0.2310300851746239,
          0.1857567787959889,
          0.10714810554235,
          0.2381860773998274,
          0.14357154478613818,
          0.0444004129300653,
          0.049906995371006395
        ],
        [
          0.2121297412588622,
          0.024926951837131645,
          0.11419031105430742,
          0.2498459816301949,
          0.1113636425269309,
          0.08510426205286804,
          0.20243910963970488
        ],
        [
          0.20988460862803385,
          0.13692081848113039,
          0.24912097758909843,
          0.01891817869857417,
          0.18275805689856225,
          0.140102585743183,
          0.06229477396141791
        ],
        [
          0.15258663569726486,
          0.16485235880673685,
          0.16478198794845675,
          0.09665332926226411,
          0.11702356708844532,
          0.1287432049737509,
          0.17535891622308114
        ],
        [
          0.03149145828612823,
          0.2687406294740241,
          0.01596210997537568,
          0.1322606320985234,
          0.21915306332321216,
          0.2874674611699624,
          0.04492464567277404
        ],
        [
          0.2599409716345626,
          0.12280864660140788,
          0.17169464965843567,
          0.05754990268657725,
          0.11619363902599056,
          0.13478096752918955,
          0.13703122286383645
        ],
        [
          0.2714019389749426,
          0.25434201243889076,
          0.2580702559033589,
          0.04576719400437522,
          0.10539420243946968,
          0.04952670247204802,
          0.015497693766914762
        ],
        [
          0.0759051527087907,
          0.013567765972269824,
          0.1908337817664784,
          0.0888868674993094,
          0.10230460502653549,
          0.2524466006254347,
          0.27605522640118146
        ],
        [
          0.018089474133969764,
          0.22701667868516368,
          0.13088486864431553,
          0.40029238050428795,
          0.06569144899874953,
          0.006287365975559151,
          0.15173778305795438
        ],
        [
          0.23264911929790172,
          0.30399174459914824,
          0.00855862530434672,
          0.12236887979887541,
          0.16906627705830335,
          0.15175548239504527,
          0.011609871546379229
        ],
        [
          0.1481578200649164,
          0.26158984756286746,
          0.019613487622723164,
          0.03871778986916807,
          0.15598341233030674,
          0.17987694147130873,
          0.1960607010787094
        ]
      ],
      "timestamps": [
        34,
        35,
        36,
        37,
        38,
        39,
        40,
        41,
        42,
        43,
        44,
        45,
        46,
        47,
        48,
        49,
        50,
        51,
        52,
        53,
        54,
        55,
        56,
        57,
        58,
        59,
        60,
        61,
        62,
        63
      ],
      "distance": 914.6
    },
    {
      "trip_id": 2,
      "transport_method": "stopped",
      "start_time": 64,
      "path": [
        [
          1.5276484000000001,
          42.507704199999985
        ],
        [
          1.5276484000000001,
          42.507704199999985
        ],
        [
          1.5276484000000001,
          42.507704199999985
        ],
        [
          1.5276484000000001,
          42.507704199999985
        ],
        [
          1.5276484000000001,
          42.507704199999985
        ],
        [
          1.5276484000000001,
          42.507704199999985
        ],
        [
          1.5276484000000001,
          42.507704199999985
        ],
        [
          1.5276484000000001,
          42.507704199999985
        ]
      ],
      "emotions": [
        "red",
        "purple",
        "purple",
        "purple",
        "purple",
        "purple",
        "green",
        "green"
      ],
      "mood_vectors": [
        [
          0.19077276419322323,
          0.10424178710570958,
          0.20471812286673455,
          0.21264317490080542,
          0.06185987450753303,
          0.007671651573327261,
          0.2180926248526669
        ],
        [
          0.11751383292861874,
          0.17221156011587008,
          0.29113022729774335,
          0.04503782804509946,
          0.24152727328393453,
          0.009137912427371987,
          0.12344136590136176
        ],
        [
          0.18540212452054478,
          0.18140026550472219,
          0.24666687709050245,
          0.068256556299956,
          0.2597902663614733,
          0.04965138568708016,
          0.008832524535721146
        ],
        [
          0.018804843172635997,
          0.15007915653825288,
          0.3575745140209796,
          0.033998990854612096,
          0.0009983338423982027,
          0.30697600240528694,
          0.13156815916583434
        ],
        [
          0.12591684986477691,
          0.14743082681778383,
          0.0437176831460902,
          0.1340640428065671,
          0.18670622206557486,
          0.15251088385223055,
          0.2096534914469765
        ],
        [
          0.2633936566751771,
          0.16087853396404322,
          0.13637985172169903,
          0.16981534091524678,
          0.07117407396616733,
          0.031514506640982085,
          0.1668440361166844
        ],
        [
          0.28079841927367505,
          0.13403833343424604,
          0.0980269694063127,
          0.2700445997316517,
          0.10167213374020387,
          0.03772386172845978,
          0.07769568268545089
        ],
        [
          0.03956567154248198,
          0.2841837407030696,
          0.021386890302014815,
          0.19831687539535578,
          0.14360682599604083,
          0.06711479151575506,
          0.24582520454528184
        ]
      ],
      "timestamps": [
        64,
        65,
        66,
        67,
        68,
        69,
        70,
        71
      ]
    },
    {
      "trip_id": 3,
      "transport_method": "car",
      "start_time": 72,
      "path": [
        [
          1.5276484000000001,
          42.507704199999985
        ],
        [
          1.5276484000000001,
          42.507704199999985
        ],
        [
          1.5276484000000001,
          42.507704199999985
        ],
        [
          1.5276484000000001,
          42.507704199999985
        ],
        [
          1.5276484000000001,
          42.507704199999985
        ],
        [
          1.5276484000000001,
          42.507704199999985
        ],
        [
          1.5276484000000001,
          42.507704199999985
        ],
        [
          1.5276484000000001,
          42.507704199999985
        ],
        [
          1.5276484000000001,
          42.507704199999985
        ],
        [
          1.5276484000000001,
          42.507704199999985
        ],
        [
          1.5276484000000001,
          42.507704199999985
        ],
        [
          1.5276484000000001,
          42.507704199999985
        ],
        [
          1.5276484000000001,
          42.507704199999985
        ],
        [
          1.5276484000000001,
          42.507704199999985
        ],
        [
          1.5276484000000001,
          42.507704199999985
        ],
        [
          1.5276484000000001,
          42.507704199999985
        ],
        [
          1.5276484000000001,
          42.507704199999985
        ],
        [
          1.5276484000000001,
          42.507704199999985
        ],
        [
          1.5276484000000001,
          42.507704199999985
        ],
        [
          1.5276484000000001,
          42.507704199999985
        ],
        [
          1.5276484000000001,
          42.507704199999985
        ],
        [
          1.5276484000000001,
          42.507704199999985
        ],
        [
          1.5276484000000001,
          42.507704199999985
        ],
        [
          1.5276484000000001,
          42.507704199999985
        ]
      ],
      "emotions": [
        "green",
        "green",
        "green",
        "red",
        "red",
        "red",
        "red",
        "red",
        "purple",
        "purple",
        "purple",
        "purple",
        "purple",
        "green",
        "green",
        "green",
        "green",
        "green",
        "purple",
        "purple",
        "purple",
        "purple",
        "purple",
        "purple"
      ],
      "mood_vectors": [
        [
          0.1673865594880138,
          0.14659713705279592,
          0.2039954075114905,
          0.1123020511123148,
          0.1381712491889742,
          0.026716600508591388,
          0.2048309951378194
        ],
        [
          0.07859159924621348,
          0.05865628087289581,
          0.06633294520579164,
          0.13957383812208943,
          0.31268032622279274,
          0.04169329911177088,
          0.30247171121844596
        ],
        [
          0.05010868034989528,
          0.03636710989509714,
          0.2719016803548322,
          0.06019250314860326,
          0.2610585106021555,
          0.2750804205031258,
          0.04529109514629082
        ],
        [
          0.1285039586568799,
          0.18723766447881252,
          0.0010916628420628888,
          0.241426779533182,
          0.19443792291885617,
          0.06333684245147823,
          0.18396516911872823
        ],
        [
          0.043304906147577,
          0.06362954652271645,
          0.2635371053750519,
          0.1061775532032854,
          0.14873352658022265,
          0.19492524265686328,
          0.17969211951428327
        ],
        [
          0.13508142350406793,
          0.04532642909363408,
          0.1610803815325036,
          0.11211322870235228,
          0.2565063065682949,
          0.033672154629130396,
          0.2562200759700167
        ],
        [
          0.14962885218635383,
          0.1560501589595448,
          0.1451073409227741,
          0.16430676325259438,
          0.06799104504622612,
          0.1791980055222376,
          0.13771783411026914
        ],
        [
          0.23453111700418197,
          0.12219635319416369,
          0.08674093611760635,
          0.1642985057085253,
          0.1607275443859234,
          0.02990967449050074,
          0.20159586909909855
        ],
        [
          0.03293708107727868,
          0.07646077796441213,
          0.4539855928485138,
          0.11774936529137661,
          0.05415058675771561,
          0.17150118220720026,
          0.09321541385350289
        ],
        [
          0.164875953771544,
          0.2735634866933183,
          0.2199825068313792,
          0.10548599951097015,
          0.05437141689517411,
          0.12244026321642361,
          0.05928037308119067
        ],
        [
          0.19119635367803303,
          0.07149115280595701,
          0.18183753236054445,
          0.1800303776602048,
          0.0734421651755614,
          0.22664436044183833,
          0.07535805787786097
        ],
        [
          0.12353847753840722,
          0.2525546734676014,
          0.09107670002229473,
          0.08764811579486731,
          0.18789333893560603,
          0.02820985438818562,
          0.22907883985303779
        ],
        [
          0.016583203407730472,
          0.21588152277698672,
          0.1877193450227941,
          0.21575572187083658,
          0.08027985830427938,
          0.11554053728434005,
          0.16823981133303278
        ],
        [
          0.006199406762383867,
          0.1580828874617216,
          0.3272979046852862,
          0.08252605641033846,
          0.14037622845906034,
          0.03628285026865219,
          0.24923466595255742
        ],
        [
          0.1361097812521327,
          0.04941268800442885,
          0.12527410720871657,
          0.25065648664507834,
          0.2555686638675023,
          0.1570734188688714,
          0.025904854153269905
        ],
        [
          0.06858500038530477,
          0.16481010330853252,
          0.11003598169327375,
          0.19736858855085807,
          0.10672534779610346,
          0.25189358868340317,
          0.10058138958252426
        ],
        [
          0.2098989268013232,
          0.14360196498840933,
          0.18121129234033756,
          0.04280471157457608,
          0.20594090062347878,
          0.16356999290922528,
          0.052972210762649845
        ],
        [
          0.35851917660098803,
          0.06359484368581698,
          0.3137913452095984,
          0.043246512245731956,
          0.142068945751587,
          0.046692423320439984,
          0.03208675318583763
        ],
        [
          0.19669054522686807,
          0.027590076400904714,
          0.06354562577463445,
          0.023528949949581053,
          0.23247333835812292,
          0.20315019516502575,
          0.25302126912486306
        ],
        [
          0.1824044789734852,
          0.08285300242710501,
          0.20363407040426884,
          0.18985964394718005,
          0.06632396450674297,
          0.09756309007024075,
          0.1773617496709772
        ],
        [
          0.22227126817487491,
          0.06285726136481357,
          0.18112824454856657,
          0.10014105473359067,
          0.09478471547927579,
          0.18241158320857392,
          0.15640587249030455
        ],
        [
          0.21957037682736485,
          0.12908212579519096,
          0.1771212784721784,
          0.1421523928525335,
          0.16572837486938272,
          0.05834578381172477,
          0.10799966737162472
        ],
        [
          0.27324003677406133,
          0.24794868676596624,
          0.10060271015809759,
          0.07694983442100725,
          0.2221933108554862,
          0.05480388639125923,
          0.024261534634122176
        ],
        [
          0.00636878276065576,
          0.006404483494708472,
          0.1671513091233725,
          0.3051369482739371,
          0.24706356879708125,
          0.15191328284821895,
          0.11596162470202599
        ]
      ],
      "timestamps": [
        72,
        73,
        74,
        75,
        76,
        77,
        78,
        79,
        80,
        81,
        82,
        83,
        84,
        85,
        86,
        87,
        88,
        89,
        90,
        91,
        92,
        93,
        94,
        95
      ],
      "distance": 3
    },
    {
      "trip_id": 4,
      "transport_method": "stopped",
      "start_time": 96,
      "path": [
        [
          1.5276484000000001,
          42.507704199999985
        ],
        [
          1.5276484000000001,
          42.507704199999985
        ],
        [
          1.5276484000000001,
          42.507704199999985
        ]
      ],
      "emotions": [
        "purple",
        "purple",
        "purple"
      ],
      "mood_vectors": [
        [
          0.014683687839212443,
          0.11459183512515492,
          0.18485453252448747,
          0.24949566717455637,
          0.15331763297447823,
          0.05939721368122929,
          0.22365943068088123
        ],
        [
          0.08837544863959663,
          0.31684236045648484,
          0.12156642131206861,
          0.014280708119387938,
          0.13655091656889046,
          0.01314739782942751,
          0.30923674707414406
        ],
        [
          0.15231048021386343,
          0.15006313575691332,
          0.19641408752688647,
          0.1711965460967556,
          0.014018371190816233,
          0.17429537910605117,
          0.1417020001087138
        ]
      ],
      "timestamps": [
        96,
        97,
        98
      ]
    }
  ],
  "conversation": [
    "Hope the traffic isn't too bad.",
    "This neighborhood has main character energy.",
    "There's a temple hidden back here? No way."
  ],
  "conversation_timestamps": [
    73,
    79,
    91
  ]
}
