{"agent_id": "agent-orange-1723", "type": "orange", "trips": [{"trip_id": 0, "transport_method": "foot", "start_time": 0, "path": [[1.4861605, 42.4603448], [1.4867536, 42.4604846], [1.489073, 42.4614547], [1.4893026, 42.4628329], [1.4894057, 42.4635692], [1.491416, 42.4661575], [1.492025, 42.4693821], [1.4907236, 42.4728062], [1.4907198, 42.476422], [1.490063, 42.4800662], [1.4893885, 42.4801676], [1.490554, 42.4767691], [1.4903581, 42.4799215], [1.490653, 42.4835117], [1.4935181, 42.485459], [1.4950348, 42.4885845], [1.4969877, 42.491553], [1.5001535, 42.4935142], [1.5032792, 42.4953674], [1.5067487, 42.4967155], [1.5101453, 42.4982514], [1.5124837, 42.501152], [1.5130211, 42.5017436], [1.5158032, 42.503257], [1.5177456, 42.5037066], [1.5212526, 42.5043767], [1.5247976, 42.505071], [1.5276797, 42.5053261], [1.531151, 42.5062876], [1.5335316, 42.50685], [1.537012, 42.5077862], [1.5404299, 42.5086396], [1.5433686, 42.509008], [1.5453766, 42.5093616], [1.5477807, 42.5113504], [1.550052, 42.5119764], [1.5514974, 42.5129326], [1.5530019, 42.5152656], [1.5552101, 42.5181022], [1.5578414, 42.5205061], [1.5597723, 42.5221591], [1.5626593, 42.5244589], [1.5661022, 42.525791], [1.5691901, 42.527852], [1.5723499, 42.5293484], [1.5750787, 42.5313559], [1.5787014, 42.5318052], [1.5797811, 42.5317497], [1.5834523, 42.5320246], [1.5864152, 42.5342417], [1.5890305, 42.5366691], [1.5918064, 42.5388212], [1.5916478, 42.5421423], [1.591413, 42.545724], [1.5922546, 42.5483144], [1.5916541, 42.5518873], [1.5909419, 42.5530105], [1.5915293, 42.5556918], [1.5933, 42.5583251], [1.5937939, 42.5602883], [1.5949358, 42.563197], [1.5950316, 42.5640412], [1.5941422, 42.5624956], [1.5971961, 42.5645109], [1.600206, 42.566049], [1.6031105, 42.5681935], [1.6055656, 42.5704899], [1.6091411, 42.571503], [1.6127356, 42.5720248], [1.6161893, 42.5728985], [1.6196077, 42.5742139], [1.6228784, 42.5758082], [1.6260347, 42.5774992], [1.6295757, 42.5781861], [1.6332104, 42.5781724], [1.6368467, 42.5788167], [1.6404471, 42.5794175], [1.6441701, 42.5796236], [1.6478178, 42.5800769], [1.6504828, 42.5803795]], "mood_vectors": [[0.054, 0.0413, 0.0582, 0.0495, 0.6977, 0.0737, 0.0256], [0.037, 0.072, 0.0583, 0.0347, 0.7185, 0.0426, 0.037], [0.0573, 0.0706, 0.0694, 0.0247, 0.6648, 0.0522, 0.0611], [0.0726, 0.0498, 0.0631, 0.0655, 0.6609, 0.0438, 0.0444], [0.0815, 0.0786, 0.0594, 0.0781, 0.5985, 0.0224, 0.0815], [0.0612, 0.0648, 0.0343, 0.0135, 0.7112, 0.0658, 0.0492], [0.0544, 0.0793, 0.0569, 0.0747, 0.634, 0.0867, 0.014], [0.0649, 0.0734, 0.0425, 0.0529, 0.639, 0.0362, 0.0912], [0.069, 0.0579, 0.045, 0.0513, 0.6413, 0.0635, 0.072], [0.0683, 0.0257, 0.06, 0.0486, 0.6891, 0.0669, 0.0413], [0.0591, 0.0624, 0.0696, 0.0781, 0.5986, 0.0753, 0.0568], [0.0632, 0.0683, 0.0535, 0.0797, 0.5997, 0.0703, 0.0652], [0.0115, 0.0713, 0.0459, 0.0528, 0.726, 0.0323, 0.0604], [0.061, 0.0396, 0.0406, 0.0693, 0.7109, 0.0325, 0.0462], [0.0567, 0.0366, 0.0303, 0.0824, 0.6693, 0.0541, 0.0705], [0.0642, 0.022, 0.0261, 0.0526, 0.703, 0.0684, 0.0636], [0.0762, 0.0361, 0.068, 0.0654, 0.6129, 0.0765, 0.0648], [0.0208, 0.0768, 0.0583, 0.0128, 0.7728, 0.0438, 0.0147], [0.0141, 0.0845, 0.0659, 0.0273, 0.6901, 0.0759, 0.0422], [0.0174, 0.0839, 0.0792, 0.0183, 0.7066, 0.0423, 0.0523], [0.0436, 0.0382, 0.0714, 0.0831, 0.6722, 0.0498, 0.0416], [0.0451, 0.0773, 0.0397, 0.0702, 0.7133, 0.0399, 0.0145], [0.0786, 0.0545, 0.0267, 0.0624, 0.6706, 0.0178, 0.0895], [0.1, 0.0279, 0.0386, 0.0209, 0.6858, 0.0767, 0.0502], [0.0164, 0.082, 0.058, 0.0843, 0.5931, 0.0888, 0.0775], [0.0788, 0.0812, 0.0733, 0.0259, 0.6327, 0.0353, 0.0728], [0.0766, 0.0902, 0.0243, 0.0566, 0.642, 0.0182, 0.0921], [0.0229, 0.0488, 0.0282, 0.0619, 0.7584, 0.0443, 0.0355], [0.0535, 0.0675, 0.0207, 0.0207, 0.7688, 0.016, 0.0527], [0.0529, 0.0429, 0.0606, 0.0461, 0.7372, 0.0399, 0.0204], [0.0643, 0.0186, 0.0288, 0.051, 0.7783, 0.0236, 0.0354], [0.0687, 0.0357, 0.0313, 0.0366, 0.7199, 0.0282, 0.0797], [0.036, 0.067, 0.0119, 0.0644, 0.7268, 0.0459, 0.048], [0.0738, 0.0619, 0.0666, 0.0158, 0.6865, 0.0232, 0.0722], [0.0627, 0.016, 0.0462, 0.0497, 0.7636, 0.0469, 0.0148], [0.0652, 0.0662, 0.023, 0.0363, 0.7074, 0.0436, 0.0583], [0.0608, 0.0243, 0.0242, 0.0324, 0.7891, 0.039, 0.0301], [0.0891, 0.0634, 0.0233, 0.0279, 0.7215, 0.0407, 0.0341], [0.0584, 0.0354, 0.077, 0.0296, 0.6778, 0.0598, 0.062], [0.0664, 0.0539, 0.0176, 0.0745, 0.7214, 0.0269, 0.0392], [0.0419, 0.0575, 0.0604, 0.0757, 0.7027, 0.0165, 0.0453], [0.0878, 0.0381, 0.0502, 0.0353, 0.6888, 0.0788, 0.021], [0.0378, 0.06, 0.0332, 0.0282, 0.7267, 0.0662, 0.048], [0.0639, 0.0309, 0.0662, 0.0646, 0.7044, 0.0342, 0.0358], [0.0752, 0.0605, 0.0764, 0.0366, 0.6898, 0.0356, 0.026], [0.0535, 0.0459, 0.0185, 0.044, 0.7779, 0.0227, 0.0375], [0.0252, 0.0655, 0.0646, 0.0294, 0.6858, 0.0529, 0.0766], [0.0177, 0.0281, 0.0254, 0.0638, 0.7681, 0.0205, 0.0765], [0.0324, 0.0293, 0.046, 0.0172, 0.7837, 0.0363, 0.0551], [0.0757, 0.0448, 0.0221, 0.0617, 0.7161, 0.0569, 0.0227], [0.0129, 0.071, 0.0454, 0.07, 0.6958, 0.0684, 0.0365], [0.0876, 0.0546, 0.0303, 0.024, 0.6843, 0.0836, 0.0356], [0.0164, 0.0468, 0.0692, 0.0629, 0.6916, 0.0503, 0.0628], [0.067, 0.0613, 0.0601, 0.0657, 0.6214, 0.0677, 0.0568], [0.05, 0.0167, 0.0729, 0.0188, 0.7476, 0.0254, 0.0687], [0.0626, 0.0416, 0.0326, 0.0192, 0.7535, 0.0374, 0.053], [0.073, 0.0492, 0.0401, 0.0652, 0.6735, 0.0365, 0.0624], [0.0444, 0.0696, 0.0291, 0.0687, 0.6569, 0.0493, 0.082], [0.0577, 0.0727, 0.0266, 0.0206, 0.7293, 0.0594, 0.0337], [0.0651, 0.0673, 0.0418, 0.0719, 0.6167, 0.0682, 0.0691], [0.0383, 0.0715, 0.0728, 0.0734, 0.6436, 0.0318, 0.0685], [0.0134, 0.075, 0.0548, 0.013, 0.756, 0.0252, 0.0626], [0.0958, 0.0797, 0.0758, 0.0522, 0.615, 0.0509, 0.0305], [0.029, 0.0636, 0.0511, 0.0672, 0.6574, 0.0742, 0.0574], [0.0886, 0.0265, 0.0365, 0.0219, 0.7376, 0.0451, 0.0439], [0.0232, 0.0514, 0.0126, 0.0201, 0.814, 0.0277, 0.051], [0.0458, 0.0479, 0.0554, 0.0766, 0.6488, 0.0486, 0.0769], [0.0602, 0.078, 0.0649, 0.0559, 0.6261, 0.0401, 0.0747], [0.0192, 0.0313, 0.0429, 0.0409, 0.7153, 0.0739, 0.0765], [0.0551, 0.0654, 0.0269, 0.0613, 0.7296, 0.0152, 0.0466], [0.0162, 0.0375, 0.0575, 0.0939, 0.6778, 0.0314, 0.0856], [0.0345, 0.0158, 0.0672, 0.0319, 0.7967, 0.0323, 0.0216], [0.0589, 0.0216, 0.0584, 0.0498, 0.6973, 0.0685, 0.0454], [0.0798, 0.0147, 0.0801, 0.0429, 0.6963, 0.0304, 0.0558], [0.0539, 0.0567, 0.0349, 0.0388, 0.7067, 0.0688, 0.0401], [0.0634, 0.1005, 0.0539, 0.0495, 0.6702, 0.0222, 0.0405], [0.0737, 0.0134, 0.0182, 0.0199, 0.7861, 0.0425, 0.0463], [0.0468, 0.0527, 0.023, 0.0173, 0.7621, 0.0651, 0.033], [0.0335, 0.073, 0.0614, 0.0166, 0.72, 0.0509, 0.0447], [0.0857, 0.0753, 0.0768, 0.0637, 0.6136, 0.0642, 0.0208]], "emotions": ["red", "red", "red", "red", "red", "red", "red", "red", "red", "red", "red", "red", "red", "red", "red", "red", "red", "red", "red", "red", "red", "red", "red", "red", "red", "red", "red", "red", "red", "red", "red", "red", "red", "red", "red", "red", "red", "red", "red", "red", "red", "red", "red", "red", "red", "red", "red", "red", "red", "red", "red", "red", "red", "red", "red", "red", "red", "red", "red", "red", "red", "red", "red", "red", "red", "red", "red", "red", "red", "red", "red", "red", "red", "red", "red", "red", "red", "red", "red", "red"], "timestamps": [0, 40, 80, 120, 160, 200, 240, 280, 320, 360, 400, 440, 480, 520, 560, 600, 640, 680, 720, 760, 800, 840, 880, 920, 960, 1000, 1040, 1080, 1120, 1160, 1200, 1240, 1280, 1320, 1360, 1400, 1440, 1480, 1520, 1560, 1600, 1640, 1680, 1720, 1760, 1800, 1840, 1880, 1920, 1960, 2000, 2040, 2080, 2120, 2160, 2200, 2240, 2280, 2320, 2360, 2400, 2440, 2480, 2520, 2560, 2600, 2640, 2680, 2720, 2760, 2800, 2840, 2880, 2920, 2960, 3000, 3040, 3080, 3120, 3160]}], "conversation": [], "conversation_timestamps": []}