{"agent_id": "agent-purple-599", "type": "purple", "trips": [{"trip_id": 0, "transport_method": "foot", "start_time": 0, "path": [[1.5983521, 42.5661406], [1.5977241, 42.5659067], [1.5965301, 42.5658147], [1.5944019, 42.5647566], [1.5954317, 42.5653726], [1.5945781, 42.5649362], [1.5923307, 42.5641449], [1.5905491, 42.5629122], [1.5900474, 42.5606064], [1.5891096, 42.5585006], [1.5887647, 42.5561894], [1.5887115, 42.553846], [1.5900189, 42.5520178], [1.5908154, 42.5499636], [1.5905416, 42.5475721], [1.5902678, 42.5451806], [1.589994, 42.542789], [1.5897202, 42.5403975], [1.5894463, 42.538006], [1.5905683, 42.5375773], [1.5917556, 42.5393998], [1.5919027, 42.5415048], [1.5917353, 42.5437653], [1.5913741, 42.5460657], [1.5916952, 42.5483912], [1.5909458, 42.5506725], [1.590662, 42.5488392], [1.5903607, 42.546451], [1.5900594, 42.5440628], [1.5897581, 42.5416746], [1.5894568, 42.5392863], [1.5891554, 42.5368981], [1.5877645, 42.535062], [1.5874938, 42.5349168], [1.5854735, 42.5336189], [1.584483, 42.5328212], [1.5824143, 42.5316988], [1.5800088, 42.5317566], [1.5776039, 42.5317597], [1.5752272, 42.5313946], [1.5733717, 42.5299146], [1.574485, 42.5311125], [1.5733484, 42.529903], [1.5712141, 42.5292902], [1.5696471, 42.5280969], [1.5711264, 42.5292428], [1.569123, 42.5279083], [1.5678644, 42.5270817], [1.568317, 42.5272841], [1.5663323, 42.5259229], [1.5641065, 42.5250909], [1.5621061, 42.5238665], [1.5601977, 42.5224387], [1.5583343, 42.5209756], [1.5568591, 42.5195143], [1.5565568, 42.51907], [1.5556217, 42.5181539], [1.55424, 42.5172659], [1.5543261, 42.5174336], [1.5531099, 42.5154017], [1.5521869, 42.5133556], [1.5502094, 42.5120473], [1.5479029, 42.5113798], [1.5462293, 42.5100574], [1.5451813, 42.5093469], [1.5428345, 42.5089276], [1.5407267, 42.5086391], [1.5383898, 42.5081617], [1.537209, 42.5079937], [1.5348973, 42.5073723], [1.5354507, 42.5076098], [1.533204, 42.5067612], [1.5309556, 42.5066583], [1.5288282, 42.5067823], [1.5265979, 42.5072275], [1.5242493, 42.5068993], [1.5219203, 42.5063035], [1.5215979, 42.5062008], [1.519285, 42.5055424], [1.5176394, 42.5053555]], "mood_vectors": [[0.1002, 0.0513, 0.0251, 0.0168, 0.0722, 0.6556, 0.0789], [0.0625, 0.0313, 0.0397, 0.0231, 0.0347, 0.714, 0.0947], [0.0436, 0.0176, 0.0405, 0.0367, 0.0532, 0.7315, 0.0769], [0.0532, 0.0746, 0.0367, 0.0601, 0.0396, 0.7106, 0.0251], [0.0708, 0.0298, 0.0629, 0.0556, 0.0668, 0.6859, 0.0283], [0.0326, 0.0448, 0.0273, 0.0645, 0.0278, 0.7459, 0.0571], [0.0706, 0.0407, 0.0837, 0.0767, 0.0336, 0.6393, 0.0553], [0.0634, 0.0922, 0.0302, 0.0447, 0.0373, 0.6927, 0.0395], [0.0709, 0.0215, 0.0293, 0.0456, 0.015, 0.7474, 0.0703], [0.0403, 0.0661, 0.0417, 0.0793, 0.0168, 0.6755, 0.0803], [0.0289, 0.0341, 0.057, 0.0989, 0.0183, 0.7411, 0.0218], [0.0441, 0.0686, 0.014, 0.0368, 0.0371, 0.7216, 0.0778], [0.0675, 0.0245, 0.014, 0.0809, 0.0367, 0.7621, 0.0143], [0.0813, 0.0794, 0.0759, 0.0724, 0.0618, 0.5552, 0.074], [0.033, 0.0561, 0.0341, 0.04, 0.0364, 0.705, 0.0954], [0.0416, 0.0613, 0.0303, 0.0485, 0.0549, 0.6975, 0.0659], [0.0434, 0.0735, 0.0317, 0.0699, 0.0466, 0.6689, 0.066], [0.0436, 0.0479, 0.0245, 0.0784, 0.0395, 0.6857, 0.0804], [0.0847, 0.0204, 0.0232, 0.0221, 0.0811, 0.7215, 0.047], [0.0672, 0.0718, 0.0243, 0.0333, 0.0534, 0.6814, 0.0686], [0.0636, 0.0299, 0.0259, 0.084, 0.0888, 0.6737, 0.034], [0.0269, 0.0555, 0.0389, 0.0534, 0.0378, 0.7616, 0.0259], [0.067, 0.0733, 0.0754, 0.0328, 0.03, 0.6765, 0.0451], [0.0413, 0.0585, 0.0309, 0.0655, 0.0528, 0.7156, 0.0354], [0.0163, 0.0621, 0.0148, 0.0542, 0.0316, 0.7679, 0.0532], [0.0466, 0.0342, 0.0271, 0.0909, 0.074, 0.6572, 0.0701], [0.0608, 0.0756, 0.0619, 0.0698, 0.0732, 0.5781, 0.0806], [0.0172, 0.0528, 0.0385, 0.0301, 0.0627, 0.7754, 0.0233], [0.0152, 0.0197, 0.0699, 0.0756, 0.037, 0.7704, 0.0122], [0.0369, 0.0793, 0.0515, 0.0413, 0.0496, 0.6556, 0.0858], [0.0668, 0.0592, 0.069, 0.0484, 0.0455, 0.6695, 0.0415], [0.0891, 0.0629, 0.0774, 0.0377, 0.0577, 0.6015, 0.0738], [0.0609, 0.0148, 0.0431, 0.0295, 0.0814, 0.7379, 0.0324], [0.0167, 0.039, 0.0564, 0.0285, 0.0823, 0.7477, 0.0294], [0.087, 0.0667, 0.0807, 0.0177, 0.0778, 0.6427, 0.0274], [0.0722, 0.0185, 0.081, 0.0878, 0.0191, 0.6531, 0.0684], [0.0292, 0.0851, 0.0245, 0.0247, 0.0572, 0.7157, 0.0636], [0.0586, 0.0769, 0.0743, 0.0319, 0.0317, 0.6889, 0.0377], [0.0684, 0.02, 0.0124, 0.0458, 0.0833, 0.7156, 0.0545], [0.0769, 0.0208, 0.0683, 0.0577, 0.0282, 0.6549, 0.0933], [0.0731, 0.0228, 0.0558, 0.076, 0.075, 0.6739, 0.0235], [0.0237, 0.0278, 0.0442, 0.0666, 0.0785, 0.6708, 0.0884], [0.0639, 0.0951, 0.017, 0.0203, 0.0736, 0.65, 0.08], [0.0162, 0.0441, 0.0482, 0.0275, 0.0612, 0.7524, 0.0504], [0.018, 0.0736, 0.0368, 0.0404, 0.029, 0.71, 0.0923], [0.0161, 0.0118, 0.0778, 0.0314, 0.0341, 0.7645, 0.0643], [0.0743, 0.0642, 0.0188, 0.0658, 0.0774, 0.6726, 0.0269], [0.0187, 0.0614, 0.0454, 0.0297, 0.0277, 0.7371, 0.0801], [0.0711, 0.0379, 0.0222, 0.0647, 0.0569, 0.7098, 0.0374], [0.0586, 0.0233, 0.0801, 0.039, 0.0747, 0.654, 0.0702], [0.1, 0.0348, 0.0669, 0.0622, 0.0298, 0.6856, 0.0206], [0.0322, 0.0144, 0.0371, 0.0747, 0.0761, 0.7015, 0.064], [0.0258, 0.0158, 0.0806, 0.0571, 0.0521, 0.738, 0.0306], [0.0591, 0.0731, 0.0652, 0.0284, 0.046, 0.7158, 0.0124], [0.0507, 0.0544, 0.0166, 0.0183, 0.0866, 0.7429, 0.0306], [0.0827, 0.0498, 0.0193, 0.038, 0.018, 0.7633, 0.0288], [0.0355, 0.02, 0.0491, 0.0808, 0.0375, 0.72, 0.0572], [0.0792, 0.0481, 0.0967, 0.0919, 0.0205, 0.6192, 0.0443], [0.0408, 0.0868, 0.084, 0.0843, 0.0487, 0.6232, 0.0322], [0.0446, 0.0921, 0.0198, 0.0207, 0.0846, 0.6606, 0.0776], [0.02, 0.0424, 0.0143, 0.0749, 0.0409, 0.7787, 0.0288], [0.0833, 0.0269, 0.0304, 0.0177, 0.0465, 0.7787, 0.0164], [0.0756, 0.0395, 0.0591, 0.0532, 0.0757, 0.6361, 0.0608], [0.0688, 0.0175, 0.0564, 0.0327, 0.0139, 0.7531, 0.0576], [0.0242, 0.0384, 0.0409, 0.0316, 0.0634, 0.7761, 0.0253], [0.0609, 0.0485, 0.049, 0.0502, 0.0566, 0.7185, 0.0163], [0.0628, 0.0538, 0.0676, 0.029, 0.0438, 0.665, 0.0781], [0.0584, 0.0585, 0.0722, 0.0471, 0.0413, 0.6543, 0.0682], [0.0734, 0.0562, 0.0412, 0.0164, 0.0217, 0.7474, 0.0438], [0.0381, 0.0594, 0.0805, 0.0192, 0.0148, 0.6908, 0.0972], [0.057, 0.0439, 0.0495, 0.0326, 0.0708, 0.7068, 0.0394], [0.0654, 0.0734, 0.0794, 0.0461, 0.0854, 0.5785, 0.0717], [0.0218, 0.0636, 0.0572, 0.0685, 0.0644, 0.6562, 0.0683], [0.0294, 0.0503, 0.0652, 0.0406, 0.0188, 0.7639, 0.0318], [0.0622, 0.0262, 0.024, 0.0262, 0.0303, 0.7683, 0.0629], [0.0641, 0.0261, 0.0498, 0.0632, 0.0136, 0.7274, 0.0558], [0.0242, 0.1004, 0.023, 0.1031, 0.0238, 0.7049, 0.0205], [0.0519, 0.0169, 0.0659, 0.0612, 0.0798, 0.6933, 0.031], [0.0192, 0.042, 0.0589, 0.0471, 0.0599, 0.7399, 0.033], [0.0538, 0.0616, 0.0234, 0.0952, 0.0292, 0.6828, 0.0541]], "emotions": ["purple", "purple", "purple", "purple", "purple", "purple", "purple", "purple", "purple", "purple", "purple", "purple", "purple", "purple", "purple", "purple", "purple", "purple", "purple", "purple", "purple", "purple", "purple", "purple", "purple", "purple", "purple", "purple", "purple", "purple", "purple", "purple", "purple", "purple", "purple", "purple", "purple", "purple", "purple", "purple", "purple", "purple", "purple", "purple", "purple", "purple", "purple", "purple", "purple", "purple", "purple", "purple", "purple", "purple", "purple", "purple", "purple", "purple", "purple", "purple", "purple", "purple", "purple", "purple", "purple", "purple", "purple", "purple", "purple", "purple", "purple", "purple", "purple", "purple", "purple", "purple", "purple", "purple", "purple", "purple"], "timestamps": [0, 40, 80, 120, 160, 200, 240, 280, 320, 360, 400, 440, 480, 520, 560, 600, 640, 680, 720, 760, 800, 840, 880, 920, 960, 1000, 1040, 1080, 1120, 1160, 1200, 1240, 1280, 1320, 1360, 1400, 1440, 1480, 1520, 1560, 1600, 1640, 1680, 1720, 1760, 1800, 1840, 1880, 1920, 1960, 2000, 2040, 2080, 2120, 2160, 2200, 2240, 2280, 2320, 2360, 2400, 2440, 2480, 2520, 2560, 2600, 2640, 2680, 2720, 2760, 2800, 2840, 2880, 2920, 2960, 3000, 3040, 3080, 3120, 3160]}], "conversation": [], "conversation_timestamps": []}