{
  "agent_id": "agent-type-orange-33",
  "type": "orange",
  "trips": [
    {
      "trip_id": 0,
      "transport_method": "stopped",
      "start_time": 0,
      "path": [
        [
          1.5177349999999998,
          42.5073403
        ],
        [
          1.5177349999999998,
          42.5073403
        ],
        [
          1.5177349999999998,
          42.5073403
        ],
        [
          1.5177349999999998,
          42.5073403
        ],
        [
          1.5177349999999998,
          42.5073403
        ],
        [
          1.5177349999999998,
          42.5073403
        ],
        [
          1.5177349999999998,
          42.5073403
        ],
        [
          1.5177349999999998,
          42.5073403
        ],
        [
          1.5177349999999998,
          42.5073403
        ],
        [
          1.5177349999999998,
          42.5073403
        ],
        [
          1.5177349999999998,
          42.5073403
        ],
        [
          1.5177349999999998,
          42.5073403
        ],
        [
          1.5177349999999998,
          42.5073403
        ],
        [
          1.5177349999999998,
          42.5073403
        ]
      ],
      "emotions": [
        "purple",
        "purple",
        "purple",
        "purple",
        "purple",
        "purple",
        "purple",
        "purple",
        "purple",
        "purple",
        "green",
        "green",
        "green",
        "green"
      ],
      "mood_vectors": [
        [
          0.14852478448871195,
          0.018607294433149325,
          0.14277875674322896,
          0.04957650343550683,
          0.18707641232114403,
          0.21262762074590116,
          0.2408086278323577
        ],
        [
          0.21089775502207544,
          0.14709308079730316,
          0.22878841394744115,
          0.1399244153287968,
          0.058471122486491965,
          0.20213202004570735,
          0.012693192372184097
        ],
        [
          0.23758416411740693,
          0.016554726259006593,
          0.08420479545479444,
          0.2267766091550474,
          0.19481765975049617,
          0.2009625732415041,
          0.039099472021744366
        ],
        [
          0.0009966424056331187,
          0.2304410580183143,
          0.21265273172860016,
          0.03722004201536655,
          0.18855627797997132,
          0.15464107067487926,
          0.17549217717723523
        ],
        [
          0.20524581909456552,
          0.14564015880952436,
          0.16262284005431185,
          0.04968009178024783,
          0.19808894041716568,
          0.1272854946728952,
          0.11143665517128958
        ],
        [
          0.08671781174186864,
          0.18966543146534118,
          0.15508143311655492,
          0.13573646774469475,
          0.15470646012336953,
          0.18440889777998126,
          0.09368349802818966
        ],
        [
          0.18767738018836075,
          0.011810088429754053,
          0.13669109182930725,
          0.22047496498761335,
          0.060746218353038374,
          0.2869754330867493,
          0.09562482312517696
        ],
        [
          0.2074293676673435,
          0.19094504466417112,
          0.19120641235270228,
          0.035905487584587246,
          0.15768114713304712,
          0.012661906916904353,
          0.20417063368124436
        ],
        [
          0.2503677778757539,
          0.005117394867116515,
          0.10105192526602665,
          0.0987790625769768,
          0.06765661452086083,
          0.22363248141505718,
          0.2533947434782081
        ],
        [
          0.21192208517769245,
          0.01283218748968058,
          0.17309139047440647,
          0.149434980590647,
          0.21964109158825612,
          0.03744634127860651,
          0.19563192340071078
        ],
        [
          0.02535188363783833,
          0.30428987916283984,
          0.27999317400550155,
          0.1303249789470219,
          0.1488391743178828,
          0.1021349151819163,
          0.009065994746999335
        ],
        [
          0.21989667595484022,
          0.08046059542763716,
          0.17231321339777375,
          0.19496893883152716,
          0.2616346703124808,
          0.006838994424736846,
          0.06388691165100413
        ],
        [
          0.10793703507869427,
          0.17429303304615798,
          0.03658916467098908,
          0.23602717245899754,
          0.1984545320357827,
          0.035504500808366375,
          0.21119456190101213
        ],
        [
          0.21132688637929067,
          0.050849384414572284,
          0.08654834329709117,
          0.2681126871031839,
          0.2810407097910127,
          0.010399500709761119,
          0.0917224883050881
        ]
      ],
      "timestamps": [
        0,
        1,
        2,
        3,
        4,
        5,
        6,
        7,
        8,
        9,
        10,
        11,
        12,
        13
      ]
    },
    {
      "trip_id": 1,
      "transport_method": "car",
      "start_time": 14,
      "path": [
        [
          1.5174127999999998,
          42.507742499999985
        ],
        [
          1.5182832261141528,
          42.50798580627559
        ],
        [
          1.519012761749697,
          42.50807557494053
        ],
        [
          1.5195996938189444,
          42.508142580872345
        ],
        [
          1.519592619533283,
          42.508102725890794
        ],
        [
          1.5201178577865582,
          42.50757353472094
        ],
        [
          1.520939430959625,
          42.5078622145317
        ],
        [
          1.5217109231981258,
          42.50829531684892
        ],
        [
          1.5212494700301564,
          42.50834964490705
        ],
        [
          1.522047192995765,
          42.508365826688134
        ],
        [
          1.5229284858502619,
          42.5083371719035
        ],
        [
          1.5237449144163517,
          42.508641949076065
        ],
        [
          1.5239566421801083,
          42.50895482768895
        ],
        [
          1.5244731475813762,
          42.50884431166274
        ],
        [
          1.5253454018106707,
          42.509062735912586
        ],
        [
          1.5254544603859346,
          42.5090429101323
        ],
        [
          1.5263449077588067,
          42.509257718469314
        ],
        [
          1.5269416448683217,
          42.50940167319368
        ],
        [
          1.5260511974954496,
          42.50918686485667
        ],
        [
          1.525390807362014,
          42.5091227451648
        ],
        [
          1.5261902605063586,
          42.50944924921345
        ],
        [
          1.5270924716558487,
          42.50960753435881
        ],
        [
          1.5279631540458671,
          42.50987564907298
        ],
        [
          1.528811944506389,
          42.51022002372308
        ],
        [
          1.529530700404349,
          42.510398454369295
        ],
        [
          1.5289040683115425,
          42.509734347403366
        ],
        [
          1.52824482307869,
          42.50909839546457
        ],
        [
          1.5289960783835164,
          42.508892351425686
        ],
        [
          1.529663261679268,
          42.508516386057956
        ],
        [
          1.52898927891248,
          42.50801371308683
        ],
        [
          1.5283397000000003,
          42.50737339999999
        ]
      ],
      "emotions": [
        "red",
        "red",
        "red",
        "red",
        "red",
        "red",
        "red",
        "red",
        "red",
        "red",
        "red",
        "purple",
        "purple",
        "purple",
        "purple",
        "purple",
        "green",
        "green",
        "green",
        "green",
        "green",
        "red",
        "red",
        "red",
        "red",
        "red",
        "green",
        "green",
        "green",
        "green",
        "green"
      ],
      "mood_vectors": [
        [
          0.2254549253989764,
          0.04127761962661693,
          0.005761161009893553,
          0.28410945161283874,
          0.3707015231954828,
          0.03699100366347546,
          0.035704315492716056
        ],
        [
          0.09512806311960233,
          0.1515929802144339,
          0.04839849610943265,
          0.2018674829709645,
          0.008717390467128513,
          0.33907402405143805,
          0.15522156306700008
        ],
        [
          0.06113236537035222,
          0.05029852220259054,
          0.1769944905352916,
          0.21635376313899118,
          0.1383192388709177,
          0.05508717801319246,
          0.30181444186866424
        ],
        [
          0.2220266340145168,
          0.009549105816781199,
          0.17552367813459036,
          0.12796976345207003,
          0.21553233947295075,
          0.036242474938717024,
          0.21315600417037384
        ],
        [
          0.13205082130199758,
          0.16618481478164998,
          0.2625446814905804,
          0.04694926986806853,
          0.17508804870058597,
          0.15982460805320656,
          0.05735775580391093
        ],
        [
          0.08244712700160112,
          0.17156957425270675,
          0.0411881199835927,
          0.259913227371549,
          0.27336488471956044,
          0.048456274967763224,
          0.12306079170322681
        ],
        [
          0.2041147810074383,
          0.1970340557442129,
          0.14769826689473847,
          0.08039122952078968,
          0.07117876951766752,
          0.16491375216612725,
          0.13466914514902592
        ],
        [
          0.04001384706023229,
          0.07234317993996461,
          0.2717382678126338,
          0.1380363063390236,
          0.2601811822693835,
          0.08133664242988926,
          0.13635057414887278
        ],
        [
          0.2076476756937619,
          0.2479730020477973,
          0.08302762105434378,
          0.10208452324009237,
          0.03217055755304408,
          0.2600266745367094,
          0.06706994587425119
        ],
        [
          0.1652487748940266,
          0.22440499772712844,
          0.20251502793180656,
          0.06861994909398612,
          0.00233185864674722,
          0.15479511058256573,
          0.18208428112373942
        ],
        [
          0.10036641291685637,
          0.2212215764888552,
          0.010367315992448566,
          0.18358641471899922,
          0.036841934648996884,
          0.2850325253821384,
          0.1625838198517053
        ],
        [
          0.15296021463112308,
          0.03955327240165133,
          0.1801150669675798,
          0.19374306691628895,
          0.16835803647446385,
          0.056938378211183235,
          0.20833196439770973
        ],
        [
          0.04656358035720935,
          0.12062482229453964,
          0.1876298280858593,
          0.2168018506718717,
          0.06942620121935682,
          0.17344322177073285,
          0.18551049560043043
        ],
        [
          0.12473796470043531,
          0.18172174821717527,
          0.17346507706552622,
          0.11553816464154622,
          0.11098167753928329,
          0.15780272584288632,
          0.13575264199314738
        ],
        [
          0.24964134995017112,
          0.134854502114425,
          0.26203938569541907,
          0.022542372656684212,
          0.1267128088047508,
          0.08775078373161618,
          0.11645879704693363
        ],
        [
          0.19734644384008937,
          0.13506408790332422,
          0.11897660237710349,
          0.18940262014461173,
          0.08541235590524256,
          0.12417851299939486,
          0.14961937683023374
        ],
        [
          0.003710439271597877,
          0.00391076068581342,
          0.030056026943883617,
          0.31737442642771957,
          0.03503697650925756,
          0.2306142329874034,
          0.37929713717432456
        ],
        [
          0.20797316524144283,
          0.19536248031784248,
          0.17268593300918259,
          0.1789183784481376,
          0.13783750400050832,
          0.05543004349227075,
          0.051792495490615424
        ],
        [
          0.16268580762843318,
          0.14338226121514475,
          0.14477501031094936,
          0.07064067031456223,
          0.3130942093130895,
          0.15241578894282895,
          0.013006252274992108
        ],
        [
          0.15668470786693486,
          0.10689618443642282,
          0.04244582355550341,
          0.14586785972265648,
          0.12871602923616202,
          0.15641214964363281,
          0.2629772455386876
        ],
        [
          0.024518411081313397,
          0.19747863079005035,
          0.2357349930699445,
          0.035053763609357885,
          0.27572289193764954,
          0.15542666846150166,
          0.07606464105018268
        ],
        [
          0.17461556806383538,
          0.2237153553409428,
          0.04834735960896237,
          0.23524640708556108,
          0.024197325789327172,
          0.22928287891045093,
          0.06459510520092034
        ],
        [
          0.26465112689963666,
          0.01055388054119272,
          0.2750673577074365,
          0.1359103917520546,
          0.09348433991535175,
          0.07693370101266096,
          0.1433992021716667
        ],
        [
          0.14992346417387598,
          0.10021307681094734,
          0.25604527181823883,
          0.24255952294939537,
          0.07115891090449034,
          0.08636499275486459,
          0.09373476058818757
        ],
        [
          0.23491856011488604,
          0.2778217682821816,
          0.01923067012378068,
          0.02262771489682474,
          0.07597071678583793,
          0.16206873673593386,
          0.2073618330605551
        ],
        [
          0.10303773743711028,
          0.1635706503907082,
          0.23504481214952755,
          0.18406186903239496,
          0.1634155869668325,
          0.13320696075305546,
          0.017662383270371066
        ],
        [
          0.1560441404999698,
          0.2473794929324531,
          0.03155096298861541,
          0.1532348023814774,
          0.034060652006114224,
          0.1280684064542807,
          0.24966154273708935
        ],
        [
          0.06445014421666324,
          0.0793182857766424,
          0.10943139289483281,
          0.24489564735294242,
          0.2423468776685649,
          0.060080247549718836,
          0.19947740454063534
        ],
        [
          0.12436527094117657,
          0.0825926592501339,
          0.11588165612288774,
          0.2553078470186954,
          0.12526851902077338,
          0.07598938224220916,
          0.22059466540412387
        ],
        [
          0.20278295704862148,
          0.18511234128237314,
          0.2658992350096478,
          0.0529190782488294,
          0.06737312540905181,
          0.06885527543762483,
          0.15705798756385153
        ],
        [
          0.1590718172482794,
          0.1370966912511521,
          0.046982141862096316,
          0.11602786805302139,
          0.2697474388251483,
          0.06336651789992984,
          0.20770752486037275
        ]
      ],
      "timestamps": [
        14,
        15,
        16,
        17,
        18,
        19,
        20,
        21,
        22,
        23,
        24,
        25,
        26,
        27,
        28,
        29,
        30,
        31,
        32,
        33,
        34,
        35,
        36,
        37,
        38,
        39,
        40,
        41,
        42,
        43,
        44
      ],
      "distance": 1351.9
    },
    {
      "trip_id": 2,
      "transport_method": "foot",
      "start_time": 45,
      "path": [
        [
          1.5286711999999998,
          42.506972899999994
        ],
        [
          1.5283976562012993,
          42.506793439541234
        ],
        [
          1.528133798900471,
          42.506600155262646
        ],
        [
          1.5278871438898327,
          42.506385248563035
        ],
        [
          1.5276262849233866,
          42.506389615336964
        ],
        [
          1.5274084332352573,
          42.50635768423255
        ],
        [
          1.5272067668578937,
          42.5061005474294
        ],
        [
          1.5269632744403512,
          42.50588899807566
        ],
        [
          1.5266646393950916,
          42.505755574866654
        ],
        [
          1.5263719021265632,
          42.5056094037609
        ],
        [
          1.5260795968704597,
          42.505463038142906
        ],
        [
          1.5262186815544285,
          42.505230610843356
        ],
        [
          1.526541972698491,
          42.50528104829683
        ],
        [
          1.5268652638425537,
          42.5053314857503
        ],
        [
          1.5271885549866162,
          42.50538192320377
        ],
        [
          1.5275084376079646,
          42.50544756192979
        ],
        [
          1.5278223759255116,
          42.5055397781611
        ],
        [
          1.5281363142430588,
          42.50563199439242
        ],
        [
          1.528067167821808,
          42.50555513815775
        ],
        [
          1.5277522555287784,
          42.50546630489686
        ],
        [
          1.5275488567642506,
          42.50540892836405
        ],
        [
          1.5278637690572803,
          42.50549776162494
        ],
        [
          1.5281786644176565,
          42.50558665322651
        ],
        [
          1.5280251456088185,
          42.505599339721364
        ],
        [
          1.5277112072912713,
          42.505507123490055
        ],
        [
          1.527401218692933,
          42.505428191529646
        ],
        [
          1.527101967540074,
          42.505488678124095
        ],
        [
          1.5271000501258765,
          42.50548874249986
        ],
        [
          1.5273999723859168,
          42.505429650070106
        ],
        [
          1.527709366565678,
          42.50550658279538
        ],
        [
          1.5280233048832252,
          42.505598799026686
        ],
        [
          1.5282158457541046,
          42.50557183721027
        ],
        [
          1.5281482603119325,
          42.50537968698741
        ],
        [
          1.52796058609973,
          42.505200932717294
        ],
        [
          1.5276394716835093,
          42.50519643673197
        ],
        [
          1.527312608301301,
          42.50518662977065
        ],
        [
          1.5270148410139128,
          42.50519425251435
        ],
        [
          1.5266895888506085,
          42.505158585571564
        ],
        [
          1.5266228925879926,
          42.504963356539584
        ],
        [
          1.526308940522074,
          42.504871187125744
        ],
        [
          1.5259889895101537,
          42.504804027150435
        ],
        [
          1.5256673879999354,
          42.504743748056484
        ],
        [
          1.525345786489717,
          42.50468346896253
        ],
        [
          1.5251886112867579,
          42.50491729392627
        ],
        [
          1.52486390050339,
          42.50487699812851
        ],
        [
          1.524539221674394,
          42.50483644250567
        ],
        [
          1.5242145428453984,
          42.50479588688283
        ],
        [
          1.52389292567409,
          42.50473647496797
        ],
        [
          1.523572106379235,
          42.50467216260065
        ],
        [
          1.5232512870843797,
          42.50460785023333
        ],
        [
          1.5229278733206553,
          42.50455842275836
        ],
        [
          1.523044985497268,
          42.5045757988006
        ],
        [
          1.5232289834566262,
          42.50445576673539
        ],
        [
          1.5231482588179224,
          42.50459112155895
        ],
        [
          1.522824600000001,
          42.50454310000001
        ]
      ],
      "emotions": [
        "purple",
        "purple",
        "purple",
        "purple",
        "purple",
        "red",
        "red",
        "red",
        "red",
        "red",
        "green",
        "green",
        "green",
        "green",
        "green",
        "green",
        "green",
        "green",
        "green",
        "green",
        "red",
        "red",
        "red",
        "red",
        "red",
        "green",
        "green",
        "green",
        "green",
        "green",
        "red",
        "red",
        "red",
        "red",
        "red",
        "purple",
        "purple",
        "purple",
        "purple",
        "purple",
        "green",
        "green",
        "green",
        "green",
        "green",
        "purple",
        "purple",
        "purple",
        "purple",
        "purple",
        "green",
        "green",
        "green",
        "green",
        "green"
      ],
      "mood_vectors": [
        [
          0.03560864472994401,
          0.15334951857805756,
          0.26372976549350413,
          0.10112519643655875,
          0.13108351834727205,
          0.05096119510283328,
          0.2641421613118302
        ],
        [
          0.07245773869204987,
          0.190171359062683,
          0.32078248214049176,
          0.0528429687864988,
          0.060194881218256766,
          0.015146201870369108,
          0.28840436822965076
        ],
        [
          0.0889156293686316,
          0.19421765182758402,
          0.13393178756496343,
          0.11614869389349708,
          0.13395308564417657,
          0.2138050255923671,
          0.11902812610878016
        ],
        [
          0.12212424183849141,
          0.07135549504360715,
          0.32270295760329226,
          0.16595480852266772,
          0.03167406398209227,
          0.13554403994190076,
          0.15064439306794847
        ],
        [
          0.052014386521465665,
          0.24525600821685298,
          0.1261468124090029,
          0.2182451906642045,
          0.07283045399677773,
          0.24703516245292212,
          0.03847198573877412
        ],
        [
          0.19964620307387557,
          0.09478349869842974,
          0.17523153074893028,
          0.13833065960482147,
          0.06554529490625487,
          0.07172050804884311,
          0.2547423049188451
        ],
        [
          0.05517969243935448,
          0.17000077196421343,
          0.1451789390461757,
          0.1591324114942505,
          0.16776486038528707,
          0.09038999905871561,
          0.21235332561200312
        ],
        [
          0.22649665733940608,
          0.32227716097706566,
          0.11007488034965969,
          0.10720634948865007,
          0.18440433764944786,
          0.01145234578873467,
          0.03808826840703601
        ],
        [
          0.2831570021658436,
          0.26548170286112255,
          0.21065704029448876,
          0.07457814361834066,
          0.05821114281006251,
          0.029552443375030914,
          0.07836252487511101
        ],
        [
          0.0754889688002526,
          0.17059349159551546,
          0.028279575650153436,
          0.04612211290669314,
          0.22715420349842613,
          0.2303009211928984,
          0.22206072635606094
        ],
        [
          0.23384339369328722,
          0.05437551390391049,
          0.07646842875918088,
          0.3309751240812083,
          0.12207229309812766,
          0.04392913210602074,
          0.13833611435826468
        ],
        [
          0.27494982109272614,
          0.101051037351505,
          0.08219788554269002,
          0.0409449619812377,
          0.18826738404645232,
          0.018328097156130038,
          0.2942608128292588
        ],
        [
          0.1798976576652812,
          0.18260308241161416,
          0.12626013234154912,
          0.16087490612932978,
          0.19166075424283943,
          0.11291259590320453,
          0.04579087130618174
        ],
        [
          0.001764761807336351,
          0.28293746089036326,
          0.23730990386997772,
          0.03555406069486493,
          0.24551608906192357,
          0.03348681839953599,
          0.16343090527599818
        ],
        [
          0.03494319959521494,
          0.12918959946838285,
          0.21659045890560624,
          0.1764012947018577,
          0.15783263910857878,
          0.052163125309407386,
          0.23287968291095212
        ],
        [
          0.026739304749400217,
          0.2859452585185646,
          0.17266491987369234,
          0.1510996784683044,
          0.08647324687848693,
          0.10486465011108703,
          0.17221294140046445
        ],
        [
          0.006028135795987285,
          0.16871161521330408,
          0.12675590252923905,
          0.0682386250162294,
          0.07036176762195841,
          0.25564995947496505,
          0.30425399434831674
        ],
        [
          0.3366976013480612,
          0.0165861339695379,
          0.008512092971384453,
          0.35793094330498554,
          0.13014021835205555,
          0.00710179823715258,
          0.14303121181682277
        ],
        [
          0.06560315696255821,
          0.06735534967496579,
          0.18783019552974606,
          0.20775338513002214,
          0.19630166193579332,
          0.12699890006666803,
          0.1481573507002464
        ],
        [
          0.2136450218108609,
          0.05091177323463886,
          0.1345888962207416,
          0.1330005315669209,
          0.15029468859179929,
          0.19756007571932618,
          0.11999901285571217
        ],
        [
          0.03206225447861945,
          0.017201081702652686,
          0.116530233449491,
          0.2501505356814549,
          0.17553437416863604,
          0.041296523217770366,
          0.3672249973013756
        ],
        [
          0.13587915165091274,
          0.18041267060709534,
          0.2394435467123041,
          0.07292916130191206,
          0.14113002827725415,
          0.11289758191465321,
          0.11730785953586842
        ],
        [
          0.1066364341485093,
          0.0748173960768673,
          0.13442361258553281,
          0.1962987460692572,
          0.1296706063750927,
          0.22421962698109468,
          0.133933577763646
        ],
        [
          0.23431546017843302,
          0.04654446326569923,
          0.07540878542607507,
          0.1603426937147396,
          0.22206674631371165,
          0.23107234069244562,
          0.030249510408895754
        ],
        [
          0.1111198281349989,
          0.14063970041930324,
          0.16397713511892514,
          0.011224815279991494,
          0.1876775925399485,
          0.16119025166292889,
          0.2241706768439039
        ],
        [
          0.09837502577831327,
          0.054217930102778235,
          0.23367660956866868,
          0.1450589184891051,
          0.11208962041591684,
          0.12464783426175588,
          0.231934061383462
        ],
        [
          0.2073517119889832,
          0.05799441125988434,
          0.19357883443326693,
          0.21051511047321697,
          0.17983972259933723,
          0.1391728256884507,
          0.011547383556860717
        ],
        [
          0.231720106383162,
          0.10990432700248247,
          0.16432769949036477,
          0.22308260465224,
          0.09184092017654512,
          0.14611958411755657,
          0.03300475817764899
        ],
        [
          0.19402766850917028,
          0.20147383939389998,
          0.14198858222833222,
          0.09271286827946285,
          0.10861279736954371,
          0.19744854890231966,
          0.06373569531727119
        ],
        [
          0.07986786707469913,
          0.224254249366921,
          0.018254267268369803,
          0.16406291693493003,
          0.29856846422386524,
          0.1473794741533406,
          0.06761276097787411
        ],
        [
          0.15090101159571948,
          0.17718400539973242,
          0.16734642307756611,
          0.15865434631027725,
          0.034594379052553366,
          0.12476246933366707,
          0.1865573652304843
        ],
        [
          0.10776926606162057,
          0.18749139375623,
          0.17962229170744623,
          0.18890970741662128,
          0.09208286836136502,
          0.18707466564548217,
          0.05704980705123469
        ],
        [
          0.056365823336832016,
          0.2315516783232467,
          0.02115274789566708,
          0.03042051463569801,
          0.33733262695369387,
          0.23739442512153025,
          0.08578218373333207
        ],
        [
          0.2018002417751128,
          0.19570831818917414,
          0.12139603047190357,
          0.11010696166640221,
          0.08661625458113237,
          0.10714308213737762,
          0.1772291111788973
        ],
        [
          0.2843350557349751,
          0.056666007785144516,
          0.21687599542125682,
          0.0749172132635214,
          0.00452559699809781,
          0.300348077377559,
          0.06233205341944535
        ],
        [
          0.03340418806464117,
          0.16294584801449602,
          0.1143495522396378,
          0.23961494971451955,
          0.14901618952569987,
          0.09806838965849692,
          0.2026008827825088
        ],
        [
          0.06621204219074711,
          0.05093091141154873,
          0.10047162769008408,
          0.22513174222448745,
          0.22590284766691307,
          0.10193143158350555,
          0.22941939723271396
        ],
        [
          0.2221678686868274,
          0.23723362099674034,
          0.07779138882975802,
          0.013768118808730129,
          0.183187018589493,
          0.0887250606915463,
          0.17712692339690483
        ],
        [
          0.16834989576917955,
          0.12722131220982677,
          0.2402926243181463,
          0.05803060306149915,
          0.14593431937472412,
          0.25223397072596293,
          0.007937274540661097
        ],
        [
          0.23069010101813947,
          0.15695122274502002,
          0.004889245474124695,
          0.1946703629657728,
          0.15137255469103314,
          0.0435350587664436,
          0.21789145433946622
        ],
        [
          0.16366856430522833,
          0.19305766899036386,
          0.09702361067452067,
          0.1830547763275744,
          0.03876912306968464,
          0.1305016587307265,
          0.19392459790190164
        ],
        [
          0.11446536588838961,
          0.1679230014970451,
          0.12876060756318045,
          0.17052427646307847,
          0.16661278301997637,
          0.12919539543813063,
          0.12251857013019944
        ],
        [
          0.2881377712967446,
          0.19435196696600002,
          0.03219222442071452,
          0.06542006608035927,
          0.19902471130597524,
          0.14740200215820307,
          0.07347125777200325
        ],
        [
          0.18460372139162948,
          0.058802539386656395,
          0.13775062265800644,
          0.19524116080987677,
          0.13350673670096078,
          0.06410236189712334,
          0.22599285715574668
        ],
        [
          0.14400840507562374,
          0.15028882292208676,
          0.17781142766329971,
          0.15481269954176416,
          0.20847663726794496,
          0.08766594710458613,
          0.07693606042469457
        ],
        [
          0.219051731406289,
          0.03790332361597933,
          0.053419863727306165,
          0.23232865436293762,
          0.01891423731744578,
          0.25397468424742575,
          0.1844075053226163
        ],
        [
          0.09841543908278647,
          0.26189875642311816,
          0.26024640849563535,
          0.05162151108443201,
          0.04774224040211494,
          0.058593410954435356,
          0.2214822335574777
        ],
        [
          0.23412140220023658,
          0.11487451825735301,
          0.1964410071525314,
          0.17492455984639646,
          0.18341442595777382,
          0.08157742130540303,
          0.014646665280305676
        ],
        [
          0.07060479523565767,
          0.16480295946364273,
          0.05909803858769533,
          0.43896342429074253,
          0.11535825998136205,
          0.14441570186720865,
          0.006756820573691076
        ],
        [
          0.13034552913158198,
          0.10288756990635933,
          0.26745681325245546,
          0.009267848202464419,
          0.11409824970225238,
          0.11366727939354358,
          0.2622767104113429
        ],
        [
          0.19817312056439898,
          0.07326467084145966,
          0.14102382455233453,
          0.146941772548534,
          0.17494053445419963,
          0.06592035757601518,
          0.19973571946305801
        ],
        [
          0.10055248453259687,
          0.03479684612963144,
          0.2939846653891436,
          0.1356928341771783,
          1.974137299836527e-05,
          0.04790384576032608,
          0.3870495826381254
        ],
        [
          0.0737188386452739,
          0.1366160817834162,
          0.014733358805990077,
          0.20104090437380046,
          0.15316064739904797,
          0.21286241865573488,
          0.2078677503367365
        ],
        [
          0.22605985919098218,
          0.03097131173592805,
          0.2093936364185394,
          0.012321377253972905,
          0.15308006701174526,
          0.05835714545481591,
          0.30981660293401625
        ],
        [
          0.15814603917544676,
          0.16209594490214266,
          0.15287105649210703,
          0.17784304020807334,
          0.09965815985515152,
          0.12832666599387865,
          0.12105909337320005
        ]
      ],
      "timestamps": [
        45,
        46,
        47,
        48,
        49,
        50,
        51,
        52,
        53,
        54,
        55,
        56,
        57,
        58,
        59,
        60,
        61,
        62,
        63,
        64,
        65,
        66,
        67,
        68,
        69,
        70,
        71,
        72,
        73,
        74,
        75,
        76,
        77,
        78,
        79,
        80,
        81,
        82,
        83,
        84,
        85,
        86,
        87,
        88,
        89,
        90,
        91,
        92,
        93,
        94,
        95,
        96,
        97,
        98,
        99
      ],
      "distance": 773.5
    }
  ],
  "conversation": [
    "What a day!",
    "So many dogs around here!",
    "These houses have such character."
  ],
  "conversation_timestamps": [
    10,
    72,
    88
  ]
}
