{"agent_id": "agent-orange-3", "type": "orange", "trips": [{"trip_id": 0, "transport_method": "foot", "start_time": 0, "path": [[1.5389901, 42.5117851], [1.5385185, 42.5114521], [1.5380617, 42.5115278], [1.5374131, 42.5118176], [1.5368156, 42.5121839], [1.5361858, 42.5125076], [1.5355299, 42.5127407], [1.5348489, 42.512942], [1.5342334, 42.5131761], [1.5337935, 42.5136965], [1.5331076, 42.5138894], [1.5324733, 42.514209], [1.5319355, 42.5146642], [1.5314169, 42.5151527], [1.5311963, 42.5153206], [1.5306238, 42.5157478], [1.5299868, 42.5160527], [1.5293997, 42.516457], [1.5287539, 42.5167106], [1.5281583, 42.5167914], [1.5275038, 42.5170762], [1.5268527, 42.5173697], [1.5261969, 42.5176506], [1.5256488, 42.5181053], [1.5250954, 42.5185561], [1.5245261, 42.5189874], [1.5240059, 42.5194601], [1.5238579, 42.5201577], [1.5235217, 42.5207873], [1.5231396, 42.5213879], [1.5225664, 42.5218107], [1.522041, 42.5222857], [1.5217711, 42.5229404], [1.521396, 42.5235414], [1.5209485, 42.5240973], [1.520644, 42.5247381], [1.520608, 42.5254507], [1.520559, 42.5261621], [1.5202041, 42.526773], [1.5199535, 42.5274155], [1.5203222, 42.5280162], [1.520631, 42.5286491], [1.5205629, 42.5293453], [1.5201349, 42.5299084], [1.5197243, 42.5302899], [1.5198068, 42.5309851], [1.5195396, 42.5316336], [1.5196573, 42.5323269], [1.5197225, 42.5330314], [1.5194887, 42.533699], [1.5197761, 42.5343149], [1.5202858, 42.5348152], [1.5208146, 42.535295], [1.5212644, 42.5357639], [1.5207737, 42.536225], [1.5202931, 42.5367438], [1.5199739, 42.5373792], [1.5196926, 42.5380355], [1.5195089, 42.5387211], [1.51936, 42.539415], [1.519387, 42.5401231], [1.5194068, 42.5407838], [1.5189843, 42.5412919], [1.5183348, 42.5415892], [1.5181911, 42.5416601], [1.518849, 42.5413818], [1.5188046, 42.5413795], [1.518159, 42.5416852], [1.5176086, 42.5421113], [1.5172523, 42.5427293], [1.516864, 42.5433137], [1.5163307, 42.5437834], [1.5158204, 42.5442825], [1.5153563, 42.5448173], [1.5150523, 42.5454562], [1.5146767, 42.545986], [1.5141085, 42.5463773], [1.5141907, 42.5469635], [1.5145377, 42.5475138], [1.5139831, 42.547855]], "mood_vectors": [[0.0464, 0.0426, 0.0153, 0.0429, 0.7537, 0.0607, 0.0384], [0.0771, 0.063, 0.0179, 0.0432, 0.6075, 0.0981, 0.0931], [0.0779, 0.0141, 0.0408, 0.0663, 0.6623, 0.0811, 0.0576], [0.0775, 0.0367, 0.0693, 0.0718, 0.6324, 0.0568, 0.0554], [0.0743, 0.0466, 0.0313, 0.0637, 0.6679, 0.081, 0.0353], [0.0153, 0.0374, 0.0677, 0.0573, 0.7093, 0.0797, 0.0334], [0.0284, 0.0709, 0.0573, 0.018, 0.7278, 0.0377, 0.0599], [0.0144, 0.0295, 0.0212, 0.0159, 0.833, 0.0689, 0.0171], [0.0412, 0.0291, 0.0278, 0.0747, 0.7456, 0.0486, 0.033], [0.0657, 0.0355, 0.0559, 0.0614, 0.7245, 0.0343, 0.0227], [0.0286, 0.0344, 0.0168, 0.0822, 0.7, 0.0795, 0.0584], [0.0507, 0.0872, 0.0849, 0.0642, 0.6312, 0.0372, 0.0447], [0.0341, 0.0579, 0.0402, 0.0638, 0.6879, 0.0549, 0.0611], [0.0486, 0.0757, 0.0483, 0.0201, 0.7284, 0.0247, 0.0543], [0.0682, 0.0174, 0.0599, 0.024, 0.7222, 0.0565, 0.0517], [0.0225, 0.059, 0.0566, 0.0461, 0.7181, 0.0658, 0.0318], [0.0129, 0.0783, 0.08, 0.0201, 0.7339, 0.0458, 0.029], [0.0294, 0.0856, 0.0568, 0.0745, 0.6567, 0.0554, 0.0416], [0.0496, 0.0485, 0.0194, 0.0838, 0.6462, 0.0735, 0.079], [0.0457, 0.0575, 0.0306, 0.0246, 0.6961, 0.0868, 0.0588], [0.0256, 0.0399, 0.0439, 0.0804, 0.6756, 0.066, 0.0685], [0.0664, 0.0761, 0.0543, 0.0441, 0.6719, 0.0646, 0.0226], [0.0428, 0.0708, 0.0463, 0.0528, 0.7079, 0.0131, 0.0662], [0.0615, 0.0686, 0.0427, 0.0743, 0.6756, 0.0644, 0.013], [0.0403, 0.0586, 0.0623, 0.0585, 0.7184, 0.0489, 0.0129], [0.0123, 0.048, 0.0305, 0.079, 0.7046, 0.0676, 0.058], [0.0917, 0.0233, 0.0224, 0.0269, 0.6931, 0.059, 0.0836], [0.0376, 0.036, 0.0382, 0.0488, 0.7567, 0.0262, 0.0567], [0.0731, 0.0913, 0.0825, 0.0232, 0.646, 0.0641, 0.0198], [0.0251, 0.0496, 0.0447, 0.0707, 0.7141, 0.0762, 0.0195], [0.0146, 0.0264, 0.0724, 0.0737, 0.781, 0.0149, 0.0169], [0.0699, 0.0479, 0.0131, 0.0718, 0.674, 0.074, 0.0494], [0.0611, 0.0393, 0.0169, 0.0229, 0.7515, 0.0696, 0.0386], [0.04, 0.0739, 0.0246, 0.0926, 0.6239, 0.0535, 0.0915], [0.0484, 0.0806, 0.0407, 0.0751, 0.6346, 0.0452, 0.0754], [0.0298, 0.0786, 0.0446, 0.0354, 0.7137, 0.0406, 0.0574], [0.0185, 0.0576, 0.0707, 0.0645, 0.7007, 0.0235, 0.0644], [0.0864, 0.0461, 0.026, 0.0164, 0.7333, 0.0502, 0.0416], [0.0286, 0.0496, 0.0582, 0.0464, 0.7543, 0.042, 0.021], [0.0323, 0.0363, 0.0302, 0.0365, 0.7238, 0.0703, 0.0706], [0.0628, 0.0286, 0.0465, 0.026, 0.7605, 0.0561, 0.0195], [0.0518, 0.0574, 0.0215, 0.0369, 0.6957, 0.0698, 0.067], [0.0216, 0.0372, 0.088, 0.0394, 0.6981, 0.0766, 0.0391], [0.0733, 0.0766, 0.0852, 0.0226, 0.6317, 0.0832, 0.0274], [0.083, 0.0833, 0.0336, 0.0632, 0.6524, 0.0545, 0.03], [0.0711, 0.0405, 0.0203, 0.0528, 0.7025, 0.0515, 0.0613], [0.0722, 0.0405, 0.0564, 0.039, 0.673, 0.0554, 0.0635], [0.0476, 0.0551, 0.0662, 0.0338, 0.6453, 0.073, 0.0791], [0.0739, 0.0412, 0.0362, 0.043, 0.7055, 0.0548, 0.0454], [0.0397, 0.0801, 0.0531, 0.0607, 0.6336, 0.0706, 0.0622], [0.0577, 0.015, 0.0816, 0.0599, 0.6403, 0.0652, 0.0803], [0.0143, 0.0344, 0.0548, 0.0554, 0.7315, 0.06, 0.0495], [0.0644, 0.0518, 0.0457, 0.0351, 0.7446, 0.0186, 0.0399], [0.0227, 0.0888, 0.0247, 0.0384, 0.7434, 0.0299, 0.0521], [0.043, 0.0614, 0.0345, 0.0332, 0.7356, 0.02, 0.0722], [0.057, 0.0224, 0.0778, 0.0278, 0.7438, 0.0221, 0.0491], [0.0356, 0.0511, 0.0314, 0.0721, 0.7226, 0.0175, 0.0698], [0.0645, 0.0472, 0.074, 0.0316, 0.6804, 0.0829, 0.0195], [0.0742, 0.0253, 0.0352, 0.0446, 0.6975, 0.0736, 0.0496], [0.0503, 0.0512, 0.0496, 0.0339, 0.699, 0.0516, 0.0645], [0.0372, 0.0627, 0.0202, 0.0241, 0.7898, 0.0379, 0.0281], [0.0502, 0.0434, 0.0226, 0.0408, 0.7198, 0.0595, 0.0638], [0.0946, 0.0585, 0.0532, 0.0249, 0.7009, 0.0501, 0.0179], [0.0134, 0.023, 0.0745, 0.0858, 0.6884, 0.0502, 0.0646], [0.0784, 0.051, 0.0194, 0.0154, 0.7657, 0.0357, 0.0344], [0.024, 0.0447, 0.0651, 0.0667, 0.7595, 0.02, 0.0201], [0.0788, 0.0424, 0.0787, 0.0166, 0.6348, 0.0567, 0.092], [0.0704, 0.0648, 0.0328, 0.0824, 0.6437, 0.0364, 0.0695], [0.0777, 0.0631, 0.027, 0.0654, 0.6734, 0.0346, 0.0587], [0.029, 0.0266, 0.0325, 0.0325, 0.7954, 0.045, 0.039], [0.0397, 0.0706, 0.037, 0.0352, 0.6556, 0.0934, 0.0686], [0.0785, 0.0662, 0.0754, 0.0805, 0.6073, 0.0204, 0.0718], [0.0633, 0.0717, 0.0669, 0.0608, 0.6523, 0.0536, 0.0314], [0.047, 0.0608, 0.0795, 0.0197, 0.6753, 0.0338, 0.0838], [0.0766, 0.0339, 0.0116, 0.0645, 0.7089, 0.0616, 0.0429], [0.0393, 0.0172, 0.0524, 0.0288, 0.8015, 0.0283, 0.0326], [0.0447, 0.066, 0.0649, 0.0578, 0.6724, 0.0752, 0.019], [0.0773, 0.0509, 0.0236, 0.0833, 0.6599, 0.0136, 0.0914], [0.0692, 0.0241, 0.066, 0.0263, 0.7123, 0.0356, 0.0664], [0.0395, 0.0785, 0.0244, 0.0413, 0.7235, 0.0635, 0.0294]], "emotions": ["red", "red", "red", "red", "red", "red", "red", "red", "red", "red", "red", "red", "red", "red", "red", "red", "red", "red", "red", "red", "red", "red", "red", "red", "red", "red", "red", "red", "red", "red", "red", "red", "red", "red", "red", "red", "red", "red", "red", "red", "red", "red", "red", "red", "red", "red", "red", "red", "red", "red", "red", "red", "red", "red", "red", "red", "red", "red", "red", "red", "red", "red", "red", "red", "red", "red", "red", "red", "red", "red", "red", "red", "red", "red", "red", "red", "red", "red", "red", "red"], "timestamps": [0, 40, 80, 120, 160, 200, 240, 280, 320, 360, 400, 440, 480, 520, 560, 600, 640, 680, 720, 760, 800, 840, 880, 920, 960, 1000, 1040, 1080, 1120, 1160, 1200, 1240, 1280, 1320, 1360, 1400, 1440, 1480, 1520, 1560, 1600, 1640, 1680, 1720, 1760, 1800, 1840, 1880, 1920, 1960, 2000, 2040, 2080, 2120, 2160, 2200, 2240, 2280, 2320, 2360, 2400, 2440, 2480, 2520, 2560, 2600, 2640, 2680, 2720, 2760, 2800, 2840, 2880, 2920, 2960, 3000, 3040, 3080, 3120, 3160]}], "conversation": [], "conversation_timestamps": []}