{"agent_id": "agent-orange-328", "type": "orange", "trips": [{"trip_id": 0, "transport_method": "car", "start_time": 0, "path": [[1.5212676, 42.5047388], [1.5213163, 42.5047738], [1.5213659, 42.5048067], [1.5214237, 42.5048227], [1.5214814, 42.5048388], [1.5215392, 42.5048548], [1.5215969, 42.5048709], [1.5216553, 42.504879], [1.521715, 42.5048733], [1.5217747, 42.5048676], [1.5218343, 42.5048619], [1.521894, 42.5048561], [1.5219536, 42.5048504], [1.5220133, 42.5048447], [1.5220729, 42.504839], [1.5220633, 42.5048405], [1.5220038, 42.5048473], [1.5219442, 42.5048541], [1.5218847, 42.5048609], [1.5218252, 42.5048677], [1.5217656, 42.5048745], [1.5217061, 42.5048813], [1.5216465, 42.5048881], [1.521587, 42.5048948], [1.5215274, 42.5049016], [1.5215221, 42.5049108], [1.5215809, 42.5049227], [1.5216396, 42.5049346], [1.5216983, 42.5049465], [1.5217573, 42.5049567], [1.5218169, 42.5049631], [1.5218762, 42.5049614], [1.5219302, 42.5049376], [1.5219816, 42.5049066], [1.5220329, 42.5048757], [1.5220843, 42.5048448], [1.5220542, 42.5048412], [1.5219946, 42.5048474], [1.521935, 42.5048536], [1.5218754, 42.5048599], [1.5218158, 42.5048661], [1.5217562, 42.5048723], [1.5216965, 42.5048785], [1.5216369, 42.5048848], [1.5215773, 42.504891], [1.5215177, 42.5048972], [1.5214581, 42.5049034], [1.5213985, 42.5049097], [1.5213389, 42.5049159], [1.5212793, 42.5049221], [1.5212542, 42.5049678], [1.52124, 42.5050261], [1.5212257, 42.5050843], [1.52121, 42.5051421], [1.5211941, 42.5051999], [1.5211781, 42.5052576], [1.5211516, 42.5053111], [1.5211154, 42.5053586], [1.5210699, 42.5053867], [1.5210103, 42.5053798], [1.5209508, 42.5053728], [1.5208913, 42.5053659], [1.5208317, 42.505359], [1.5207722, 42.5053521], [1.5207127, 42.5053452], [1.5206532, 42.5053382], [1.5205936, 42.5053313], [1.5205341, 42.5053244], [1.5204746, 42.5053175], [1.520415, 42.5053105], [1.5203555, 42.5053036], [1.520296, 42.5052967], [1.5202365, 42.5052898], [1.5201769, 42.5052828], [1.5201174, 42.5052759], [1.5200579, 42.505269], [1.5199983, 42.5052621], [1.5199388, 42.5052551], [1.5198793, 42.5052482], [1.5198197, 42.5052413]], "mood_vectors": [[0.0219, 0.0253, 0.0712, 0.0306, 0.7299, 0.0537, 0.0674], [0.0137, 0.0382, 0.0505, 0.0205, 0.7646, 0.0508, 0.0617], [0.0423, 0.0649, 0.0356, 0.0708, 0.6447, 0.0688, 0.0729], [0.0636, 0.0476, 0.0928, 0.0186, 0.7425, 0.0142, 0.0208], [0.0469, 0.0442, 0.0359, 0.0176, 0.7814, 0.0213, 0.0527], [0.0748, 0.0586, 0.0707, 0.0246, 0.6888, 0.0351, 0.0475], [0.0158, 0.0472, 0.0427, 0.0498, 0.6999, 0.0982, 0.0464], [0.0783, 0.0282, 0.0537, 0.0784, 0.7079, 0.0314, 0.0221], [0.0663, 0.0876, 0.0434, 0.0481, 0.6052, 0.0787, 0.0707], [0.0472, 0.0748, 0.0213, 0.0406, 0.7335, 0.0119, 0.0706], [0.0519, 0.0141, 0.0716, 0.0153, 0.699, 0.0751, 0.073], [0.0175, 0.0602, 0.0219, 0.0788, 0.7301, 0.0713, 0.0202], [0.0952, 0.0866, 0.0313, 0.0896, 0.645, 0.0347, 0.0176], [0.0693, 0.0238, 0.043, 0.0315, 0.7293, 0.0404, 0.0628], [0.0152, 0.0963, 0.0379, 0.0686, 0.6454, 0.056, 0.0806], [0.0157, 0.0707, 0.0409, 0.0256, 0.7601, 0.0571, 0.0298], [0.0488, 0.0624, 0.0579, 0.0631, 0.7191, 0.03, 0.0186], [0.04, 0.0712, 0.0773, 0.0632, 0.6447, 0.0277, 0.0759], [0.0165, 0.017, 0.071, 0.0645, 0.6933, 0.0711, 0.0668], [0.0264, 0.0507, 0.0265, 0.0339, 0.789, 0.0463, 0.0272], [0.0919, 0.0482, 0.0779, 0.0238, 0.6935, 0.0217, 0.043], [0.0173, 0.0468, 0.0581, 0.0414, 0.7297, 0.074, 0.0328], [0.0156, 0.0342, 0.0485, 0.0349, 0.774, 0.0148, 0.078], [0.034, 0.0663, 0.0216, 0.0543, 0.732, 0.0156, 0.0762], [0.061, 0.081, 0.0637, 0.0403, 0.6498, 0.0671, 0.0371], [0.0728, 0.0193, 0.0678, 0.0189, 0.6908, 0.0759, 0.0546], [0.0714, 0.0875, 0.024, 0.0444, 0.7341, 0.0208, 0.0178], [0.0574, 0.036, 0.0621, 0.081, 0.6746, 0.0454, 0.0435], [0.0504, 0.091, 0.02, 0.0797, 0.6517, 0.0843, 0.0228], [0.0747, 0.0267, 0.0409, 0.0805, 0.6717, 0.0321, 0.0734], [0.071, 0.0176, 0.0704, 0.0754, 0.6355, 0.0646, 0.0656], [0.0128, 0.0319, 0.075, 0.0518, 0.7412, 0.0129, 0.0744], [0.0203, 0.0836, 0.0472, 0.0174, 0.6595, 0.0893, 0.0828], [0.0616, 0.0341, 0.0792, 0.0728, 0.6366, 0.0804, 0.0353], [0.043, 0.018, 0.0374, 0.0372, 0.7717, 0.0388, 0.0539], [0.089, 0.021, 0.0428, 0.0187, 0.7384, 0.0658, 0.0242], [0.0472, 0.045, 0.0822, 0.0129, 0.77, 0.0189, 0.0239], [0.0835, 0.0515, 0.0699, 0.0799, 0.5796, 0.0762, 0.0593], [0.0302, 0.0518, 0.0448, 0.0541, 0.665, 0.0645, 0.0897], [0.0141, 0.0857, 0.0704, 0.0603, 0.6661, 0.0286, 0.0748], [0.0653, 0.0504, 0.0536, 0.0729, 0.6366, 0.0493, 0.0718], [0.089, 0.047, 0.0372, 0.0842, 0.6096, 0.0445, 0.0884], [0.0795, 0.0606, 0.0785, 0.0824, 0.6152, 0.0138, 0.07], [0.0759, 0.0171, 0.0404, 0.0679, 0.68, 0.0353, 0.0834], [0.037, 0.0252, 0.0558, 0.0875, 0.677, 0.069, 0.0484], [0.0685, 0.0507, 0.0886, 0.0798, 0.5753, 0.0856, 0.0514], [0.0666, 0.0369, 0.0409, 0.0554, 0.6765, 0.0741, 0.0496], [0.0346, 0.065, 0.039, 0.0466, 0.7133, 0.0528, 0.0487], [0.0737, 0.0311, 0.0224, 0.0356, 0.7182, 0.0618, 0.0573], [0.0658, 0.0545, 0.025, 0.0533, 0.7323, 0.0315, 0.0377], [0.0903, 0.0147, 0.0199, 0.0767, 0.6723, 0.069, 0.0571], [0.03, 0.0467, 0.0709, 0.0668, 0.6698, 0.055, 0.0608], [0.0161, 0.0215, 0.0711, 0.0197, 0.7919, 0.0118, 0.0679], [0.055, 0.1017, 0.0494, 0.0231, 0.725, 0.0288, 0.017], [0.0663, 0.0159, 0.0316, 0.0568, 0.7537, 0.0239, 0.0519], [0.0731, 0.0176, 0.0664, 0.0292, 0.6773, 0.0605, 0.076], [0.0721, 0.0331, 0.0543, 0.0678, 0.6515, 0.0435, 0.0777], [0.0363, 0.0159, 0.0692, 0.0648, 0.7636, 0.0299, 0.0202], [0.0291, 0.0433, 0.0222, 0.0716, 0.754, 0.0582, 0.0215], [0.0755, 0.0306, 0.0942, 0.0341, 0.6251, 0.0635, 0.0769], [0.0237, 0.0786, 0.0433, 0.0634, 0.6355, 0.072, 0.0836], [0.0505, 0.0604, 0.0943, 0.0573, 0.6742, 0.0185, 0.0447], [0.035, 0.0396, 0.0182, 0.0769, 0.6947, 0.0547, 0.0809], [0.0539, 0.014, 0.0829, 0.0807, 0.7078, 0.0467, 0.014], [0.0301, 0.0412, 0.0399, 0.065, 0.7282, 0.0468, 0.0489], [0.0459, 0.0633, 0.0639, 0.0581, 0.6515, 0.0586, 0.0587], [0.0621, 0.0398, 0.0574, 0.0519, 0.636, 0.0811, 0.0717], [0.0155, 0.0707, 0.0262, 0.0454, 0.7523, 0.021, 0.0689], [0.0311, 0.0445, 0.0283, 0.0688, 0.7108, 0.091, 0.0255], [0.0599, 0.0494, 0.062, 0.0309, 0.6656, 0.0705, 0.0618], [0.0256, 0.0434, 0.0407, 0.0347, 0.7236, 0.0533, 0.0787], [0.0691, 0.08, 0.0219, 0.0296, 0.6787, 0.0453, 0.0755], [0.043, 0.0639, 0.0133, 0.066, 0.706, 0.0307, 0.0772], [0.0123, 0.0266, 0.0741, 0.0271, 0.8131, 0.0316, 0.0151], [0.0533, 0.0234, 0.0653, 0.0197, 0.7017, 0.0664, 0.0702], [0.0745, 0.0262, 0.0644, 0.0998, 0.6574, 0.0298, 0.048], [0.0635, 0.0575, 0.0687, 0.0714, 0.6095, 0.046, 0.0835], [0.0871, 0.0197, 0.0547, 0.0318, 0.6903, 0.0693, 0.0472], [0.0315, 0.068, 0.0652, 0.0809, 0.603, 0.0711, 0.0804], [0.0688, 0.0175, 0.0573, 0.0445, 0.6669, 0.0765, 0.0686]], "emotions": ["red", "red", "red", "red", "red", "red", "red", "red", "red", "red", "red", "red", "red", "red", "red", "red", "red", "red", "red", "red", "red", "red", "red", "red", "red", "red", "red", "red", "red", "red", "red", "red", "red", "red", "red", "red", "red", "red", "red", "red", "red", "red", "red", "red", "red", "red", "red", "red", "red", "red", "red", "red", "red", "red", "red", "red", "red", "red", "red", "red", "red", "red", "red", "red", "red", "red", "red", "red", "red", "red", "red", "red", "red", "red", "red", "red", "red", "red", "red", "red"], "timestamps": [0, 40, 80, 120, 160, 200, 240, 280, 320, 360, 400, 440, 480, 520, 560, 600, 640, 680, 720, 760, 800, 840, 880, 920, 960, 1000, 1040, 1080, 1120, 1160, 1200, 1240, 1280, 1320, 1360, 1400, 1440, 1480, 1520, 1560, 1600, 1640, 1680, 1720, 1760, 1800, 1840, 1880, 1920, 1960, 2000, 2040, 2080, 2120, 2160, 2200, 2240, 2280, 2320, 2360, 2400, 2440, 2480, 2520, 2560, 2600, 2640, 2680, 2720, 2760, 2800, 2840, 2880, 2920, 2960, 3000, 3040, 3080, 3120, 3160]}], "conversation": [], "conversation_timestamps": []}