{"agent_id": "agent-red-996", "type": "red", "trips": [{"trip_id": 0, "transport_method": "car", "start_time": 0, "path": [[1.5201816, 42.5043408], [1.5204862, 42.5044504], [1.5207909, 42.5045599], [1.521088, 42.5046843], [1.5213815, 42.504811], [1.5216955, 42.5048752], [1.5220178, 42.5048443], [1.5223301, 42.5047639], [1.5226448, 42.5047282], [1.5229659, 42.5047697], [1.523288, 42.5047978], [1.5236062, 42.5048492], [1.5239233, 42.5049146], [1.5242429, 42.5049664], [1.5245614, 42.5050247], [1.5248791, 42.505087], [1.5251968, 42.5051494], [1.5255145, 42.5052117], [1.5258322, 42.5052741], [1.5261507, 42.5053261], [1.5264742, 42.5053109], [1.5267976, 42.5052986], [1.5271194, 42.5053123], [1.5274405, 42.5053495], [1.5277475, 42.5054523], [1.5278637, 42.5054977], [1.5275524, 42.5054087], [1.5275837, 42.5053908], [1.5278942, 42.5054823], [1.5282048, 42.5055739], [1.5285154, 42.5056654], [1.5288259, 42.505757], [1.5291358, 42.5058501], [1.5294016, 42.5060349], [1.5296673, 42.5062199], [1.5299307, 42.5064082], [1.5301971, 42.5065922], [1.5304653, 42.5067735], [1.5307513, 42.5069216], [1.5310491, 42.5070488], [1.5313625, 42.5071274], [1.5316785, 42.5071981], [1.5318793, 42.5073961], [1.5320577, 42.5076646], [1.5322727, 42.507906], [1.5324378, 42.5081845], [1.532648, 42.508332], [1.5329693, 42.5083718], [1.53329, 42.5084164], [1.5336107, 42.5084611], [1.5339314, 42.5085057], [1.5342494, 42.5084987], [1.5345723, 42.5085228], [1.5348952, 42.5085467], [1.5352181, 42.5085706], [1.5355411, 42.508593], [1.5358641, 42.5086158], [1.5361871, 42.5086388], [1.5365083, 42.5086771], [1.5368288, 42.508722], [1.5371515, 42.5087491], [1.5374741, 42.5087761], [1.5377484, 42.5088626], [1.5378402, 42.509173], [1.5380011, 42.5094024], [1.5383223, 42.5094436], [1.5386434, 42.5094848], [1.5389662, 42.509497], [1.5392899, 42.509491], [1.5396136, 42.5094851], [1.5399256, 42.5095689], [1.5402065, 42.5096865], [1.5403935, 42.5098419], [1.5407028, 42.5098676], [1.5408609, 42.5101396], [1.5411027, 42.510179], [1.54136, 42.5099833], [1.5415682, 42.5097359], [1.5417936, 42.5095034], [1.541988, 42.5092533]], "mood_vectors": [[0.6066, 0.0192, 0.0926, 0.0831, 0.0691, 0.0422, 0.0873], [0.659, 0.0649, 0.0605, 0.0471, 0.0525, 0.0506, 0.0654], [0.6342, 0.0499, 0.0528, 0.084, 0.0234, 0.0998, 0.0558], [0.7488, 0.0246, 0.0727, 0.0381, 0.0288, 0.0564, 0.0307], [0.7021, 0.0881, 0.0211, 0.0286, 0.0676, 0.0656, 0.0269], [0.7335, 0.0787, 0.0178, 0.06, 0.0155, 0.0688, 0.0257], [0.7446, 0.0292, 0.048, 0.0115, 0.0293, 0.0642, 0.0733], [0.6877, 0.1035, 0.0227, 0.0486, 0.0508, 0.0656, 0.0212], [0.7025, 0.0235, 0.0344, 0.0689, 0.0633, 0.0514, 0.0561], [0.695, 0.0846, 0.0978, 0.0232, 0.0495, 0.0168, 0.0331], [0.7464, 0.0269, 0.0483, 0.0833, 0.0314, 0.0484, 0.0153], [0.6431, 0.0636, 0.092, 0.0872, 0.0668, 0.0277, 0.0196], [0.6821, 0.0727, 0.0898, 0.0503, 0.0305, 0.0252, 0.0493], [0.6952, 0.0532, 0.07, 0.0136, 0.0483, 0.0434, 0.0763], [0.7323, 0.0745, 0.0251, 0.0423, 0.0326, 0.0673, 0.0259], [0.6539, 0.0668, 0.0368, 0.0587, 0.0639, 0.0633, 0.0567], [0.6606, 0.0299, 0.0891, 0.0268, 0.0809, 0.0832, 0.0294], [0.6868, 0.0504, 0.0541, 0.0652, 0.0701, 0.048, 0.0255], [0.7525, 0.0256, 0.0251, 0.0639, 0.0175, 0.0282, 0.0872], [0.7357, 0.0223, 0.072, 0.0669, 0.0144, 0.0196, 0.0692], [0.6884, 0.0388, 0.059, 0.0329, 0.0702, 0.0639, 0.0468], [0.7013, 0.0408, 0.0585, 0.0702, 0.0476, 0.0387, 0.0429], [0.7359, 0.0354, 0.0729, 0.0398, 0.0476, 0.0271, 0.0414], [0.6578, 0.0257, 0.0764, 0.0689, 0.0778, 0.0248, 0.0687], [0.6058, 0.0783, 0.015, 0.0579, 0.0832, 0.0675, 0.0923], [0.7133, 0.0289, 0.0361, 0.0312, 0.0497, 0.0589, 0.0818], [0.7386, 0.066, 0.0297, 0.0246, 0.064, 0.0492, 0.0279], [0.6395, 0.0622, 0.0873, 0.0449, 0.0747, 0.0385, 0.0529], [0.7402, 0.0471, 0.0357, 0.0247, 0.0327, 0.0719, 0.0476], [0.786, 0.0343, 0.0235, 0.0627, 0.026, 0.0473, 0.0201], [0.7307, 0.0146, 0.0576, 0.0215, 0.0786, 0.0673, 0.0297], [0.6732, 0.0617, 0.0887, 0.0468, 0.0522, 0.055, 0.0226], [0.7143, 0.0394, 0.0156, 0.0744, 0.0682, 0.0373, 0.0507], [0.7018, 0.0436, 0.0779, 0.0135, 0.0686, 0.0422, 0.0523], [0.7082, 0.0326, 0.0647, 0.0336, 0.056, 0.0731, 0.0318], [0.7801, 0.0774, 0.0184, 0.0769, 0.0143, 0.0136, 0.0194], [0.6999, 0.0484, 0.0703, 0.0462, 0.0243, 0.0408, 0.0702], [0.601, 0.0922, 0.097, 0.0951, 0.0319, 0.0412, 0.0416], [0.758, 0.0357, 0.0531, 0.0803, 0.0273, 0.0192, 0.0265], [0.7314, 0.0883, 0.0283, 0.0167, 0.0201, 0.0712, 0.0441], [0.6763, 0.0662, 0.0595, 0.0484, 0.0607, 0.0725, 0.0164], [0.6663, 0.0691, 0.0675, 0.0648, 0.0141, 0.0505, 0.0676], [0.6432, 0.0843, 0.0299, 0.0613, 0.0707, 0.0471, 0.0636], [0.8023, 0.0155, 0.0502, 0.0472, 0.028, 0.029, 0.0279], [0.7453, 0.0505, 0.0284, 0.087, 0.0189, 0.0223, 0.0476], [0.6185, 0.024, 0.077, 0.0534, 0.0679, 0.0796, 0.0797], [0.7561, 0.0169, 0.0258, 0.0451, 0.0433, 0.0709, 0.042], [0.6386, 0.0253, 0.0133, 0.0745, 0.0848, 0.0846, 0.0788], [0.8321, 0.0215, 0.0262, 0.0502, 0.03, 0.0159, 0.0241], [0.8039, 0.0705, 0.0275, 0.0261, 0.0297, 0.0229, 0.0194], [0.8623, 0.0231, 0.0137, 0.0253, 0.0295, 0.0169, 0.0292], [0.7231, 0.0345, 0.04, 0.0743, 0.0122, 0.0428, 0.073], [0.6521, 0.0775, 0.0696, 0.0653, 0.054, 0.0231, 0.0585], [0.6276, 0.0583, 0.0915, 0.0408, 0.0949, 0.0434, 0.0436], [0.7883, 0.0476, 0.0827, 0.0238, 0.0203, 0.0172, 0.0201], [0.7307, 0.0494, 0.0621, 0.0117, 0.0579, 0.0592, 0.0291], [0.7113, 0.0749, 0.0501, 0.0246, 0.0221, 0.0493, 0.0676], [0.6675, 0.0875, 0.0209, 0.0552, 0.0826, 0.0665, 0.0198], [0.7138, 0.0386, 0.0192, 0.0458, 0.0651, 0.0502, 0.0672], [0.6765, 0.0771, 0.0251, 0.0606, 0.0746, 0.0336, 0.0525], [0.6689, 0.0417, 0.0543, 0.0541, 0.0682, 0.0536, 0.0591], [0.6774, 0.054, 0.0413, 0.0694, 0.031, 0.0597, 0.0673], [0.5852, 0.0257, 0.0692, 0.0879, 0.075, 0.0777, 0.0793], [0.661, 0.073, 0.033, 0.0536, 0.0596, 0.0687, 0.0509], [0.7445, 0.0316, 0.0507, 0.0268, 0.044, 0.0288, 0.0735], [0.7137, 0.0309, 0.0759, 0.0428, 0.0443, 0.0599, 0.0324], [0.7736, 0.0379, 0.0706, 0.0173, 0.0225, 0.0294, 0.0486], [0.7196, 0.0422, 0.0464, 0.0292, 0.0445, 0.0517, 0.0663], [0.736, 0.0709, 0.0169, 0.0708, 0.043, 0.0471, 0.0152], [0.7654, 0.0514, 0.0149, 0.0306, 0.0221, 0.0607, 0.0549], [0.6981, 0.0412, 0.0276, 0.0752, 0.0638, 0.0523, 0.0417], [0.6447, 0.0197, 0.0609, 0.0697, 0.0728, 0.0838, 0.0483], [0.7237, 0.0679, 0.0373, 0.0449, 0.0138, 0.0404, 0.0721], [0.7, 0.0763, 0.0675, 0.0255, 0.0291, 0.0318, 0.0697], [0.7331, 0.04, 0.0292, 0.0499, 0.0379, 0.0436, 0.0662], [0.6797, 0.0528, 0.0647, 0.0334, 0.0623, 0.0546, 0.0525], [0.6476, 0.0855, 0.0449, 0.0556, 0.0609, 0.064, 0.0416], [0.6252, 0.0793, 0.0921, 0.0889, 0.0549, 0.0217, 0.0379], [0.7027, 0.0795, 0.0269, 0.0604, 0.0437, 0.0531, 0.0336], [0.7222, 0.0414, 0.0626, 0.0481, 0.0121, 0.0426, 0.071]], "emotions": ["red", "red", "red", "red", "red", "red", "red", "red", "red", "red", "red", "red", "red", "red", "red", "red", "red", "red", "red", "red", "red", "red", "red", "red", "red", "red", "red", "red", "red", "red", "red", "red", "red", "red", "red", "red", "red", "red", "red", "red", "red", "red", "red", "red", "red", "red", "red", "red", "red", "red", "red", "red", "red", "red", "red", "red", "red", "red", "red", "red", "red", "red", "red", "red", "red", "red", "red", "red", "red", "red", "red", "red", "red", "red", "red", "red", "red", "red", "red", "red"], "timestamps": [0, 40, 80, 120, 160, 200, 240, 280, 320, 360, 400, 440, 480, 520, 560, 600, 640, 680, 720, 760, 800, 840, 880, 920, 960, 1000, 1040, 1080, 1120, 1160, 1200, 1240, 1280, 1320, 1360, 1400, 1440, 1480, 1520, 1560, 1600, 1640, 1680, 1720, 1760, 1800, 1840, 1880, 1920, 1960, 2000, 2040, 2080, 2120, 2160, 2200, 2240, 2280, 2320, 2360, 2400, 2440, 2480, 2520, 2560, 2600, 2640, 2680, 2720, 2760, 2800, 2840, 2880, 2920, 2960, 3000, 3040, 3080, 3120, 3160]}], "conversation": [], "conversation_timestamps": []}