{"agent_id": "agent-purple-1094", "type": "purple", "trips": [{"trip_id": 0, "transport_method": "bus", "start_time": 0, "path": [[1.4868263, 42.4547361], [1.4866348, 42.4558626], [1.4866749, 42.4552349], [1.4866582, 42.4563087], [1.4870869, 42.4573669], [1.4878073, 42.4582451], [1.4885608, 42.4591071], [1.4892206, 42.460051], [1.4898572, 42.4610083], [1.4904101, 42.4619906], [1.490597, 42.4618906], [1.491141, 42.4628477], [1.4908154, 42.4639288], [1.4910877, 42.4650264], [1.4917279, 42.4658955], [1.4918751, 42.4668689], [1.4915674, 42.467822], [1.4918852, 42.4689267], [1.4920282, 42.4700542], [1.4916224, 42.4711256], [1.4910787, 42.4721416], [1.49058, 42.4731776], [1.4906394, 42.4742996], [1.4908352, 42.4754171], [1.4906285, 42.476499], [1.4904481, 42.4776371], [1.4902676, 42.4787753], [1.4900872, 42.4799135], [1.4899068, 42.4810516], [1.4896506, 42.4817213], [1.4894426, 42.4805956], [1.4894368, 42.479456], [1.4899694, 42.4784418], [1.4905165, 42.4774289], [1.4906179, 42.4766421], [1.4905269, 42.4777909], [1.4904359, 42.4789397], [1.4903449, 42.4800884], [1.4902539, 42.4812372], [1.4901629, 42.482386], [1.4905906, 42.483422], [1.4911253, 42.4844314], [1.4921932, 42.4848134], [1.4932019, 42.4852401], [1.4941178, 42.4859346], [1.4947225, 42.4868881], [1.4947034, 42.4880258], [1.4953526, 42.4889569], [1.4961041, 42.4898306], [1.4963174, 42.4909393], [1.4971637, 42.4916725], [1.4981526, 42.4922629], [1.4991741, 42.4927962], [1.5001036, 42.4934742], [1.5008803, 42.4942543], [1.501925, 42.4947405], [1.5029625, 42.4952421], [1.5040519, 42.4956143], [1.505073, 42.4961469], [1.5061668, 42.4965089], [1.5072525, 42.4968952], [1.5083169, 42.4973343], [1.5093544, 42.4978357], [1.5103444, 42.4984138], [1.5110679, 42.49931], [1.5117803, 42.5002158], [1.5124725, 42.5011371], [1.5132876, 42.5019225], [1.5138547, 42.5022898], [1.5130059, 42.5016486], [1.5137926, 42.5021168], [1.5148086, 42.5026061], [1.5154327, 42.5030164], [1.5153248, 42.5029295], [1.5158499, 42.5032974], [1.5169043, 42.5036969], [1.5180555, 42.5036461], [1.519196, 42.503537], [1.5201482, 42.5028996], [1.5212264, 42.5025386]], "mood_vectors": [[0.0637, 0.05, 0.0208, 0.0306, 0.0253, 0.7171, 0.0925], [0.0679, 0.0569, 0.0407, 0.0239, 0.0575, 0.6867, 0.0663], [0.0363, 0.0309, 0.042, 0.0746, 0.0642, 0.7174, 0.0345], [0.0664, 0.0758, 0.0797, 0.0586, 0.0597, 0.5806, 0.0793], [0.0612, 0.0466, 0.0201, 0.0746, 0.0387, 0.7128, 0.046], [0.0157, 0.065, 0.0178, 0.0736, 0.0417, 0.7095, 0.0766], [0.0733, 0.0635, 0.048, 0.0477, 0.0728, 0.6413, 0.0535], [0.0396, 0.0575, 0.0228, 0.0599, 0.0773, 0.6671, 0.0758], [0.0661, 0.0572, 0.0726, 0.0265, 0.0602, 0.6346, 0.0829], [0.0696, 0.0328, 0.0653, 0.0711, 0.0295, 0.7091, 0.0224], [0.0926, 0.0624, 0.096, 0.0181, 0.0307, 0.639, 0.0611], [0.0619, 0.0689, 0.0459, 0.0186, 0.019, 0.7035, 0.0822], [0.0283, 0.0479, 0.0272, 0.046, 0.0654, 0.7512, 0.034], [0.0649, 0.061, 0.0232, 0.0359, 0.0626, 0.7237, 0.0287], [0.0764, 0.0134, 0.0645, 0.0759, 0.0315, 0.7024, 0.0359], [0.024, 0.0578, 0.1033, 0.0725, 0.0244, 0.6406, 0.0774], [0.0535, 0.0427, 0.0447, 0.0272, 0.0749, 0.7157, 0.0413], [0.0842, 0.0412, 0.0511, 0.045, 0.0779, 0.6703, 0.0304], [0.0682, 0.0269, 0.0253, 0.0264, 0.0604, 0.7106, 0.0821], [0.0158, 0.0642, 0.0512, 0.0265, 0.0416, 0.7743, 0.0264], [0.0386, 0.0558, 0.0441, 0.0662, 0.0286, 0.7087, 0.0579], [0.0383, 0.0208, 0.0316, 0.0714, 0.0708, 0.7335, 0.0337], [0.0785, 0.0631, 0.0437, 0.04, 0.0418, 0.6781, 0.0548], [0.0243, 0.0536, 0.0679, 0.0385, 0.0555, 0.7076, 0.0527], [0.0541, 0.0762, 0.0764, 0.0135, 0.0566, 0.7081, 0.0151], [0.0413, 0.0506, 0.0643, 0.044, 0.0609, 0.6505, 0.0884], [0.0774, 0.0367, 0.0494, 0.0418, 0.0727, 0.7045, 0.0175], [0.0539, 0.0504, 0.0644, 0.0168, 0.0728, 0.7197, 0.022], [0.0334, 0.0149, 0.0178, 0.069, 0.022, 0.7876, 0.0552], [0.0522, 0.0182, 0.058, 0.0243, 0.0259, 0.7872, 0.0342], [0.0611, 0.072, 0.012, 0.0141, 0.0165, 0.7475, 0.0768], [0.0477, 0.0717, 0.059, 0.0634, 0.0614, 0.6796, 0.0172], [0.0773, 0.0789, 0.0167, 0.0227, 0.0561, 0.7178, 0.0305], [0.0312, 0.0649, 0.0236, 0.0529, 0.0625, 0.7476, 0.0172], [0.0365, 0.0161, 0.0866, 0.028, 0.0745, 0.7015, 0.0567], [0.0314, 0.0562, 0.0685, 0.0589, 0.0717, 0.662, 0.0513], [0.0393, 0.0559, 0.0211, 0.036, 0.0285, 0.7654, 0.0539], [0.0719, 0.0319, 0.0248, 0.0834, 0.036, 0.6941, 0.0578], [0.0567, 0.0648, 0.0227, 0.0662, 0.0434, 0.6922, 0.054], [0.0454, 0.0384, 0.0382, 0.0459, 0.0764, 0.7156, 0.0401], [0.0416, 0.0291, 0.0428, 0.0162, 0.0421, 0.7949, 0.0333], [0.0775, 0.0456, 0.0216, 0.0617, 0.0505, 0.683, 0.0601], [0.0881, 0.0644, 0.0163, 0.0643, 0.027, 0.6744, 0.0656], [0.0408, 0.0655, 0.0834, 0.0494, 0.0186, 0.6923, 0.0499], [0.0289, 0.0175, 0.0263, 0.0173, 0.034, 0.8513, 0.0247], [0.0289, 0.0685, 0.0492, 0.0707, 0.0719, 0.6555, 0.0553], [0.0289, 0.0179, 0.0592, 0.011, 0.0718, 0.7622, 0.049], [0.0856, 0.0678, 0.0821, 0.0725, 0.0177, 0.6501, 0.0243], [0.0343, 0.0581, 0.0734, 0.0795, 0.0152, 0.6672, 0.0723], [0.0415, 0.0315, 0.0172, 0.091, 0.0909, 0.6456, 0.0823], [0.0462, 0.0839, 0.0894, 0.0563, 0.039, 0.6431, 0.0421], [0.079, 0.0602, 0.0774, 0.0532, 0.0282, 0.6126, 0.0894], [0.0541, 0.0313, 0.0203, 0.0907, 0.0281, 0.6983, 0.077], [0.0318, 0.0614, 0.0286, 0.0548, 0.038, 0.7416, 0.0438], [0.0932, 0.0414, 0.0365, 0.0647, 0.0233, 0.7109, 0.03], [0.0183, 0.0297, 0.0245, 0.0976, 0.0461, 0.7651, 0.0188], [0.0803, 0.0299, 0.0797, 0.0706, 0.0567, 0.6416, 0.0413], [0.0742, 0.0224, 0.012, 0.0452, 0.0745, 0.6926, 0.079], [0.0754, 0.0884, 0.0371, 0.0354, 0.0806, 0.6242, 0.0588], [0.0726, 0.0778, 0.0651, 0.0323, 0.0371, 0.6548, 0.0603], [0.0862, 0.0665, 0.0335, 0.0745, 0.0454, 0.6195, 0.0745], [0.0701, 0.0569, 0.0538, 0.033, 0.0182, 0.7039, 0.0642], [0.0677, 0.0204, 0.0626, 0.0269, 0.034, 0.7708, 0.0176], [0.0536, 0.0686, 0.0342, 0.0462, 0.051, 0.7309, 0.0155], [0.0283, 0.0255, 0.076, 0.0271, 0.0718, 0.7274, 0.0438], [0.0406, 0.0534, 0.0476, 0.0349, 0.0412, 0.7149, 0.0674], [0.0495, 0.0327, 0.0359, 0.0587, 0.0636, 0.7299, 0.0297], [0.0496, 0.0165, 0.0177, 0.0559, 0.0733, 0.7392, 0.0478], [0.0948, 0.0304, 0.054, 0.0162, 0.097, 0.6623, 0.0454], [0.0602, 0.0392, 0.0518, 0.0297, 0.0246, 0.7183, 0.0761], [0.0511, 0.0504, 0.0194, 0.0393, 0.0575, 0.7117, 0.0705], [0.0608, 0.0405, 0.0462, 0.064, 0.0819, 0.6758, 0.0309], [0.0264, 0.0639, 0.0915, 0.08, 0.039, 0.6382, 0.061], [0.0372, 0.0332, 0.0441, 0.0437, 0.0605, 0.7195, 0.0619], [0.0168, 0.0363, 0.0208, 0.0737, 0.0134, 0.7662, 0.0729], [0.0682, 0.0763, 0.054, 0.0491, 0.0127, 0.6621, 0.0776], [0.0553, 0.053, 0.0178, 0.0686, 0.0586, 0.7105, 0.0362], [0.0774, 0.0637, 0.0559, 0.0163, 0.0601, 0.6934, 0.0333], [0.0432, 0.041, 0.0175, 0.0342, 0.0215, 0.8237, 0.0189], [0.0294, 0.0524, 0.059, 0.0849, 0.0554, 0.6999, 0.0189]], "emotions": ["purple", "purple", "purple", "purple", "purple", "purple", "purple", "purple", "purple", "purple", "purple", "purple", "purple", "purple", "purple", "purple", "purple", "purple", "purple", "purple", "purple", "purple", "purple", "purple", "purple", "purple", "purple", "purple", "purple", "purple", "purple", "purple", "purple", "purple", "purple", "purple", "purple", "purple", "purple", "purple", "purple", "purple", "purple", "purple", "purple", "purple", "purple", "purple", "purple", "purple", "purple", "purple", "purple", "purple", "purple", "purple", "purple", "purple", "purple", "purple", "purple", "purple", "purple", "purple", "purple", "purple", "purple", "purple", "purple", "purple", "purple", "purple", "purple", "purple", "purple", "purple", "purple", "purple", "purple", "purple"], "timestamps": [0, 40, 80, 120, 160, 200, 240, 280, 320, 360, 400, 440, 480, 520, 560, 600, 640, 680, 720, 760, 800, 840, 880, 920, 960, 1000, 1040, 1080, 1120, 1160, 1200, 1240, 1280, 1320, 1360, 1400, 1440, 1480, 1520, 1560, 1600, 1640, 1680, 1720, 1760, 1800, 1840, 1880, 1920, 1960, 2000, 2040, 2080, 2120, 2160, 2200, 2240, 2280, 2320, 2360, 2400, 2440, 2480, 2520, 2560, 2600, 2640, 2680, 2720, 2760, 2800, 2840, 2880, 2920, 2960, 3000, 3040, 3080, 3120, 3160]}], "conversation": [], "conversation_timestamps": []}