{"agent_id": "agent-purple-384", "type": "purple", "trips": [{"trip_id": 0, "transport_method": "bus", "start_time": 0, "path": [[1.7345073, 42.5459301], [1.7341254, 42.5474384], [1.7305465, 42.5453353], [1.7259837, 42.5439267], [1.7211906, 42.5437845], [1.7163924, 42.5439474], [1.711593, 42.5440667], [1.7068024, 42.5443801], [1.7020578, 42.5450338], [1.6982093, 42.5477509], [1.6951488, 42.5513769], [1.6914693, 42.5544313], [1.6881789, 42.5579023], [1.6869247, 42.5555879], [1.682488, 42.5539714], [1.683184, 42.5539047], [1.6842899, 42.5545627], [1.6798567, 42.5527526], [1.679783, 42.5514153], [1.682185, 42.5487148], [1.6840543, 42.5458673], [1.6838624, 42.5428554], [1.6802481, 42.5404789], [1.6759627, 42.538344], [1.6732933, 42.5390178], [1.6685749, 42.5391658], [1.6640147, 42.5387116], [1.6618841, 42.5389878], [1.6575755, 42.5408217], [1.6531211, 42.5422951], [1.6487852, 42.5422287], [1.6441678, 42.5411039], [1.6394584, 42.5401707], [1.636737, 42.5396247], [1.64118, 42.5409988], [1.6454606, 42.5419879], [1.643006, 42.540872], [1.638297, 42.5399366], [1.634122, 42.539103], [1.6296523, 42.5388415], [1.6249513, 42.538098], [1.6204782, 42.5367491], [1.6179223, 42.5357366], [1.6226719, 42.5352849], [1.6265678, 42.5367306], [1.6224579, 42.5375523], [1.6180047, 42.5357583], [1.6181209, 42.5364516], [1.6160398, 42.5366834], [1.6113309, 42.5363094], [1.6065789, 42.5362537], [1.6017948, 42.5366566], [1.6039727, 42.5370487], [1.608092, 42.5361251], [1.6033038, 42.5364748], [1.5985258, 42.5365156], [1.5943621, 42.5363162], [1.5896241, 42.5355413], [1.5926293, 42.5361645], [1.5928944, 42.5360997], [1.5883477, 42.5354187], [1.5860524, 42.5340326], [1.5831223, 42.5318546], [1.5783436, 42.5317992], [1.5739247, 42.5304274], [1.573913, 42.5304229], [1.5699134, 42.5283139], [1.5697839, 42.5283486], [1.5689876, 42.527734], [1.564887, 42.525281], [1.5609199, 42.5228462], [1.5572264, 42.5198785], [1.5557398, 42.5185033], [1.5541784, 42.5174135], [1.5527179, 42.5140019], [1.5487803, 42.5115848], [1.5460398, 42.5096372], [1.5414506, 42.5091402], [1.5377943, 42.5116758], [1.5350085, 42.5128699]], "mood_vectors": [[0.0142, 0.0613, 0.0357, 0.0631, 0.0568, 0.7427, 0.0262], [0.0338, 0.0122, 0.0482, 0.029, 0.0787, 0.7779, 0.0201], [0.0589, 0.0331, 0.0339, 0.0783, 0.0828, 0.682, 0.0311], [0.0669, 0.029, 0.0339, 0.0546, 0.0724, 0.6473, 0.096], [0.0289, 0.0547, 0.0827, 0.0619, 0.0684, 0.6478, 0.0556], [0.0245, 0.0754, 0.078, 0.0146, 0.0236, 0.7383, 0.0456], [0.0325, 0.0356, 0.0696, 0.0746, 0.0539, 0.6593, 0.0744], [0.0508, 0.0193, 0.0629, 0.016, 0.0447, 0.7371, 0.0693], [0.0946, 0.0668, 0.0533, 0.0527, 0.0273, 0.6892, 0.0162], [0.0614, 0.0223, 0.0709, 0.0691, 0.0359, 0.7179, 0.0225], [0.0282, 0.0425, 0.0236, 0.0627, 0.0659, 0.7453, 0.0318], [0.0185, 0.0795, 0.0687, 0.0749, 0.0539, 0.6865, 0.018], [0.0302, 0.0387, 0.0677, 0.0549, 0.0292, 0.7289, 0.0504], [0.0942, 0.0504, 0.0691, 0.0335, 0.0326, 0.658, 0.0623], [0.0257, 0.0337, 0.0435, 0.0825, 0.0549, 0.7444, 0.0153], [0.0687, 0.0282, 0.0535, 0.0251, 0.0835, 0.7, 0.041], [0.0217, 0.0633, 0.0569, 0.0494, 0.0483, 0.7127, 0.0477], [0.0595, 0.0566, 0.0618, 0.0269, 0.0301, 0.7058, 0.0593], [0.0755, 0.0169, 0.0187, 0.0341, 0.0741, 0.7253, 0.0555], [0.0534, 0.0186, 0.0194, 0.049, 0.0585, 0.7361, 0.065], [0.0687, 0.0775, 0.0533, 0.0586, 0.0476, 0.6639, 0.0305], [0.0219, 0.0356, 0.0166, 0.027, 0.052, 0.7674, 0.0795], [0.0586, 0.0284, 0.0706, 0.0573, 0.0234, 0.7366, 0.025], [0.029, 0.0736, 0.0358, 0.0326, 0.0233, 0.7123, 0.0934], [0.0581, 0.0243, 0.092, 0.0813, 0.0298, 0.6637, 0.0507], [0.0185, 0.0265, 0.0351, 0.0614, 0.0328, 0.8049, 0.0209], [0.0306, 0.0372, 0.0476, 0.0299, 0.0275, 0.7575, 0.0697], [0.0837, 0.0559, 0.0295, 0.025, 0.0801, 0.6964, 0.0293], [0.0193, 0.0646, 0.0496, 0.0287, 0.0425, 0.7359, 0.0592], [0.0221, 0.0471, 0.0449, 0.0116, 0.0556, 0.742, 0.0768], [0.0843, 0.0369, 0.0534, 0.0209, 0.0364, 0.7318, 0.0362], [0.0218, 0.0767, 0.0431, 0.0807, 0.0679, 0.6899, 0.0199], [0.0781, 0.028, 0.0839, 0.0649, 0.0388, 0.6379, 0.0683], [0.0615, 0.017, 0.0786, 0.0219, 0.0306, 0.7282, 0.0622], [0.0414, 0.0533, 0.04, 0.0421, 0.0786, 0.694, 0.0505], [0.066, 0.0523, 0.0228, 0.0687, 0.0828, 0.6421, 0.0652], [0.0303, 0.015, 0.0158, 0.0486, 0.0441, 0.8106, 0.0356], [0.0412, 0.0152, 0.0795, 0.0321, 0.0272, 0.7557, 0.0491], [0.0538, 0.0671, 0.0335, 0.0836, 0.0378, 0.6851, 0.0391], [0.044, 0.0666, 0.0713, 0.0585, 0.0164, 0.689, 0.0541], [0.054, 0.0478, 0.079, 0.0435, 0.0605, 0.6976, 0.0175], [0.0378, 0.0642, 0.0136, 0.0303, 0.0721, 0.7156, 0.0664], [0.0817, 0.0748, 0.0131, 0.0255, 0.0819, 0.683, 0.0401], [0.0496, 0.0688, 0.0485, 0.024, 0.0436, 0.752, 0.0135], [0.0535, 0.0784, 0.0197, 0.0517, 0.0753, 0.6752, 0.0463], [0.0367, 0.0603, 0.0624, 0.0292, 0.0547, 0.6902, 0.0664], [0.036, 0.084, 0.0635, 0.0361, 0.0673, 0.6994, 0.0138], [0.0178, 0.0361, 0.0175, 0.0592, 0.0158, 0.8108, 0.0427], [0.0456, 0.0705, 0.0438, 0.0269, 0.1053, 0.6856, 0.0223], [0.0269, 0.0453, 0.0708, 0.0599, 0.0636, 0.659, 0.0744], [0.0506, 0.0248, 0.0143, 0.0632, 0.0409, 0.7778, 0.0284], [0.0138, 0.0795, 0.0829, 0.0666, 0.0766, 0.6091, 0.0715], [0.0433, 0.0459, 0.0726, 0.0528, 0.0489, 0.7098, 0.0267], [0.0888, 0.053, 0.0213, 0.0681, 0.0396, 0.7055, 0.0237], [0.0513, 0.0829, 0.0843, 0.0299, 0.0744, 0.6567, 0.0206], [0.0285, 0.0571, 0.0229, 0.0616, 0.0469, 0.7095, 0.0734], [0.0458, 0.0595, 0.0725, 0.0262, 0.0757, 0.6918, 0.0287], [0.0485, 0.0697, 0.0455, 0.0698, 0.0562, 0.65, 0.0602], [0.055, 0.0517, 0.0598, 0.0608, 0.074, 0.6541, 0.0446], [0.0426, 0.0174, 0.0668, 0.0196, 0.0627, 0.7292, 0.0618], [0.0481, 0.0253, 0.0443, 0.0704, 0.0549, 0.7074, 0.0496], [0.029, 0.0994, 0.0668, 0.0208, 0.053, 0.6495, 0.0815], [0.028, 0.0507, 0.0302, 0.0503, 0.0791, 0.723, 0.0386], [0.0212, 0.0402, 0.0495, 0.0611, 0.0335, 0.7618, 0.0327], [0.0419, 0.0613, 0.0307, 0.036, 0.0372, 0.7545, 0.0384], [0.057, 0.0165, 0.0559, 0.0707, 0.0651, 0.7123, 0.0224], [0.0524, 0.0652, 0.0332, 0.0546, 0.0498, 0.6826, 0.0622], [0.0522, 0.0515, 0.0545, 0.0464, 0.0762, 0.6936, 0.0257], [0.043, 0.0682, 0.0203, 0.0554, 0.0188, 0.7217, 0.0726], [0.0923, 0.0714, 0.0216, 0.0491, 0.0475, 0.6744, 0.0437], [0.0448, 0.0621, 0.0676, 0.0137, 0.0576, 0.6812, 0.0731], [0.0168, 0.0762, 0.0771, 0.0607, 0.082, 0.6249, 0.0623], [0.0717, 0.054, 0.064, 0.0553, 0.0152, 0.6828, 0.057], [0.059, 0.0491, 0.0249, 0.049, 0.0669, 0.6799, 0.0712], [0.0569, 0.0218, 0.0674, 0.0154, 0.0391, 0.7549, 0.0447], [0.0832, 0.0201, 0.0615, 0.0217, 0.0436, 0.7001, 0.0698], [0.074, 0.0185, 0.0572, 0.0265, 0.081, 0.7149, 0.028], [0.0636, 0.0686, 0.0386, 0.0544, 0.0317, 0.6548, 0.0881], [0.0217, 0.0896, 0.0362, 0.023, 0.0873, 0.6708, 0.0714], [0.0575, 0.0486, 0.0402, 0.0254, 0.0734, 0.7164, 0.0385]], "emotions": ["purple", "purple", "purple", "purple", "purple", "purple", "purple", "purple", "purple", "purple", "purple", "purple", "purple", "purple", "purple", "purple", "purple", "purple", "purple", "purple", "purple", "purple", "purple", "purple", "purple", "purple", "purple", "purple", "purple", "purple", "purple", "purple", "purple", "purple", "purple", "purple", "purple", "purple", "purple", "purple", "purple", "purple", "purple", "purple", "purple", "purple", "purple", "purple", "purple", "purple", "purple", "purple", "purple", "purple", "purple", "purple", "purple", "purple", "purple", "purple", "purple", "purple", "purple", "purple", "purple", "purple", "purple", "purple", "purple", "purple", "purple", "purple", "purple", "purple", "purple", "purple", "purple", "purple", "purple", "purple"], "timestamps": [0, 40, 80, 120, 160, 200, 240, 280, 320, 360, 400, 440, 480, 520, 560, 600, 640, 680, 720, 760, 800, 840, 880, 920, 960, 1000, 1040, 1080, 1120, 1160, 1200, 1240, 1280, 1320, 1360, 1400, 1440, 1480, 1520, 1560, 1600, 1640, 1680, 1720, 1760, 1800, 1840, 1880, 1920, 1960, 2000, 2040, 2080, 2120, 2160, 2200, 2240, 2280, 2320, 2360, 2400, 2440, 2480, 2520, 2560, 2600, 2640, 2680, 2720, 2760, 2800, 2840, 2880, 2920, 2960, 3000, 3040, 3080, 3120, 3160]}], "conversation": [], "conversation_timestamps": []}